903385742
-715279444
-1852749533
313088247
-1582644532
-1662960625
301884339
1145495222
238903480
-713898046
-300278005
776525530
-1715970048
243267037
-1820213862
1579415617
-693774762
492824047
1463716669
-904970657
550891855
2004730381
-1268736066
1297830772
401729166
-2533842
-1390099043
-946214403
1284194849
1932085430
348883219
341621100
1634154282
-829437872
-1239174317
2040205850
1285281473
-1702116608
304789010
-2008531844
-317763303
735967863
1732889417
1553209237
524788961
2142931369
1826540857
83012267
-763666196
-48975971
-1943270737
-543252931
716856339
-748948605
-1078289527
1897254963
2031060826
-186714613
-923862664
-2108786857
485178961
1769571315
1095229702
-564753917
1027062204
1652080098
-1648640294
1677089820
-1720743819
-1678153356
1999187259
470460478
-2044185967
263307157
118703570
-539396040
-352228670
978930706
2083179443
-957833030
-603229701
2096542317
-1833864802
-116145075
616403289
-813405200
970244225
-1156902526
-390083007
-1210395900
1156735553
675491950
-581354299
-2015424574
2123355321
1358041941
-1350134709
1574681034
1995163906
-1808032092
-187504016
1793147732
699380468
2037144612
-1303988183
442073476
-374584083
-565203604
-1554019029
-321198591
-1091300400
-1617809000
759502221
335363527
-1487732912
1912099383
1721128362
381356348
-1823278482
859581321
208945228
1258799489
-286203840
-1226488855
1075645190
-1561026805
1830682867
-509622648
-1078074144
-549276303
1416000274
-1681902245
525792057
2010806406
-506153721
-855914922
-1645758231
-1852965206
1907319522
-1356013606
1037585317
-653487011
-197786535
-2021758869
401996711
-1706855148
55457551
1674567077
-1398779506
-2100249264
1969404184
818898544
-1725069694
451602923
231348156
728126578
1314642587
-1552910156
1948452475
-655898427
-1843958397
116948542
-1234132399
-868716567
20086105
1341539573
-1784601285
908167420
-685232168
1552894321
-842150407
-1284461528
-924825160
-1562105842
-1960116204
-811006884
770472020
-343781445
-1500782558
237105213
1612583308
750620178
-120786872
-122012065
-1646432788
-1240610647
-1213370113
570849455
-1231404787
-1082230873
148343323
1549005620
-599878597
738375065
-1252818935
-1237216778
-2029762729
-413534074
-1734182568
1682602557
-190366721
509528128
1065457786
1538138878
1592561387
-1806039555
1662938570
2045016210
572097433
1317706021
43124177
193202089
679151148
-1850043028
-838330428
-110402691
-1496782959
-373805533
692852817
-497140918
-2076297245
1763314379
114177178
-1252404484
1391616784
370921707
1288599937
-1259613398
127202236
953743139
-327374042
286368835
1432887397
-184994432
-1564503891
-623523578
-1032550713
-700242160
-599869372
239332407
-491603583
566161593
108394339
-744254065
1166902263
1297875270
-699782315
594852339
971638906
-1012252990
-1643446792
1487444713
-1072620378
1902654729
-1723485504
1430563143
-1868068853
-1129506405
1216954369
105144108
-1298593521
-1165051725
1115437165
-680901324
2041857043
1569759128
-1230419750
100636390
586416339
506140722
-1183887800
1837447793
1817467410
1284360671
198068258
173014936
853066613
-391441529
-1382372668
-550151703
743573935
-120163603
691328573
2081229364
2042736862
-518943416
897234261
371157819
-181775052
180923665
1367722193
-253799002
-2005732903
662227230
774382325
-406204615
1962750480
-1111070480
-1489037495
-516622008
-1964167016
1361967688
1394254496
544928361
-702330540
-169120769
614780757
461676395
332325165
1044390423
-1511745065
528715655
1351305271
823891724
271325544
-1578537003
-1167713774
94125680
637137185
949928449
-29310830
673414326
-1668133575
1986120254
1526004898
504416333
148107398
424798329
-121726619
300238832
1477580354
1497026770
1995091357
-1680702916
-1694225390
-1535748281
384765776
-3411326
1248372804
-1535982926
1762844072
-212035874
-1291288488
290904821
-33864421
-1208038520
631047105
1042032242
-537009717
868616041
653401836
-1626666303
-1723046866
-955298319
-1178908031
319538333
1461935089
333867559
103918312
-671454434
2019577113
1075529473
-269081586
-1436847571
360805227
2128869621
1897555304
884039731
55826446
-945992497
-304074185
697019155
-1900372626
-2046496827
-940676594
-395186086
-247159454
308643016
-1515219567
-1873937227
-504105584
-1092732132
-1819935874
-987081054
-303268336
-143345110
79528433
172114026
-1745476017
507082388
-102506525
1874552142
-434617291
-1867266934
632546035
-198138368
-1336745590
1363950427
-917975703
-1866942380
81556373
-1413398961
1746604151
-1718972873
-2087655162
1880800947
613934785
1225570271
94974485
-112227532
322540318
-1103350460
-23025942
-1524645776
-1541519456
-181769522
564129855
-20107574
913832145
-1072091825
1109087811
261343613
1309647167
884414771
-1999857215
-883854605
-843400901
2054007029
-1106330751
-1225934249
575268572
1070972628
170153454
-704160152
-865850806
494835142
2035772664
-545871472
355600952
-830583379
1198250043
965802805
-1779399502
-620591416
1372302176
1896550989
1035716632
965394539
-1805172541
-1256395464
-1755449239
-1612878094
-1464284586
1784894153
-1427209019
140770547
1794477252
2032687269
684904748
313076658
494217433
-1937933616
-847693685
-780630311
804886304
-886630268
-1691112711
-1244340376
-1375159859
-2096993723
-1574474691
786891241
-550328099
-125024975
1503377043
1533352936
-735175557
-809484388
-766949969
-1945729886
375822757
-420672804
1391005186
262069500
-80853745
-1466689952
-815750085
-1145652554
-494960569
-868757497
1942952208
1059541728
-111626983
-933423698
-2019209923
-1700669556
-1551961292
1060744203
-702479924
610434244
236602381
-321728839
-1322112873
2077907134
1449711875
-571724397
1850095883
1998230350
1140094915
1549331268
-772960978
-1048668005
-1769486099
1011183902
1812663010
-256228587
-69767945
1479158827
444505450
-833867610
-1314063535
-1417377919
943670061
1990440743
-710914102
-797657126
-488524870
1884105749
1028508209
-1355535261
-187375092
-1553042556
532571199
155302100
393076494
592467
-1264533068
-1570911040
-1452220319
-149553248
1983946431
541215789
761098075
-1293708930
-904118110
614915431
-761265069
761487589
1070451861
-1931755503
1177260571
177434857
1090037995
1683128700
-568212019
421225775
1162431603
-988995013
22609610
-556092516
1436033056
1063354614
989545215
-373572274
-1222224148
721952382
476689258
971702991
-168435720
-2092265694
138691804
-254744697
-1851009289
1217867072
1764606208
589281395
1300174541
1208279326
434131867
-751900140
2007683698
648745466
-760797163
2130166185
1912035356
-2141252513
-23733449
-1852383841
-915840355
1084860857
555664693
1585008968
1363844361
1591502124
-281714705
-74233909
-205243237
743967136
-298168973
1936286299
1517212888
462566688
314753734
-292207189
-1312241163
-1871057564
-1037739292
-503248223
-1112078987
-54533716
1339201028
983336521
1095356694
1837135310
-1558214369
1409981708
-1959134227
1092283026
-141721165
619975969
1496362447
216151869
2030150083
76586050
1747881203
-1341560725
-217335773
1221457059
109910485
620140577
-2037655311
1988656415
241132892
558158626
-1074103706
80185524
1940227390
-529629311
-493938226
-1406977743
1259891363
1117722743
1975364820
-1147088595
42598152
-2117840010
1262707459
-5394117
-1120949402
1071907454
1082096521
-307202981
317435283
1279084462
-430099651
841670578
604757991
-1240404451
1004539618
-1747019395
1094375201
894827498
-2135685715
-552477885
-1412793716
-2007182959
1530351620
1412469578
-347243939
-1565234560
-1467228536
1205446987
1156008031
-1026911511
429571413
1865374312
1292924625
569976537
-1915492472
1430052957
-1073241714
-1287672183
1658625
-2068654090
-1778039442
-1727403020
-336847767
-1084286272
415967724
-950456919
-1394644106
1037828099
-292667128
-424707358
1623459693
-1992410898
348397934
-1971786540
-365630488
2034744340
-2108981544
1285605704
2103741913
1595503639
502875312
1422209642
-1870188338
2110039458
1258960632
1163231200
-1942565770
-222805860
177421678
-652962530
1659979363
-686452583
-2046247702
-1724266248
-2120612848
599457940
1436001035
-989842824
-772531930
596305371
1938884626
-1608683791
-879061510
-1654684086
651397901
328611155
-1806648742
1753009595
1059834935
-1661449535
-1109651319
-1771870532
1784129950
-2006537120
1379316871
2062559875
-1259462138
190710386
654855060
-1964106722
573047309
98873506
859336695
-1460641042
-1230782577
-2026170463
894801147
464320597
251733835
391502833
-71850182
392690862
970440902
-1330297345
804646173
-1198856323
-950727569
332009335
-1967395934
931268327
-167903229
256455123
-1283370144
1622016612
1440834866
-1261073867
-177915448
1306416306
-801177981
-2139134345
263004844
-1935347444
-2088659340
-653832321
829201925
1159890843
-2136449820
802333911
484605424
1257119021
35534517
1867898236
1013246201
-323884508
-490478675
1856078325
1619381404
-1304251216
-925098340
905720743
-240290808
1402346048
-505996348
71652711
-1627306202
273644597
334301556
209791313
1296627160
652379096
-145918219
-1213696041
182752133
-1497009778
-1532770902
367203356
-1375050027
-635655350
-1072756622
-453652094
413888953
1542209090
279835985
-853426559
-976620115
-411875355
1137036622
-348407622
-1627555775
2132834827
697654942
2074127947
1251216341
-1529991570
659784961
521936996
1400430755
-1528316584
-940913557
907787034
671375873
33622941
704256487
-1193011589
-463838233
-1450933300
-1883472200
-1574439710
-465623889
61533857
-84371007
-442199413
-409721060
473161405
-1774572762
1266342505
674900126
-175332456
-1415659982
-1138322378
-1742358574
-1333856330
715689338
1030873036
-548917425
509599256
-1072102077
1473548723
-490268513
-699768075
1728481312
-359381766
773340043
913912745
662133215
-990693814
-1824989797
1150108141
-1761225563
688471095
-1785006628
29288009
833637464
-1161596711
-1949607709
366622150
-164019140
809263259
-226483950
884899558
-257762592
1499976274
-789653735
287580632
-1063612357
287997073
-1371660609
1005271015
1331218961
1118256187
-622924830
-597115340
315210395
403742808
1658160060
-1823524956
-1861513882
1843846956
263900775
573241883
-1582825862
-478705531
1724038306
473537257
-676479041
150309204
-2137209387
635907716
-483372900
-1042983809
852476498
1169379191
-939840543
-1870510859
75671005
-555016038
-592482330
339709186
1471667822
-339427709
1599169780
207111908
-1810277580
1950078012
1824359907
166165149
-976257059
-1999222986
-1781338365
79310090
1505593364
-546099588
-1852090561
89836596
2099388235
-1279948501
1972828031
1467387109
1094922426
-1883281375
-556465074
1640140158
1488466854
-334921997
-437805635
-1936731641
-212437018
560877604
256661894
463105416
-1946732894
1715431572
-2016359565
-1416532842
277310302
-1582408138
1661775872
362435888
-1790068426
-549812730
-1484677825
-605270069
810737770
1634702649
1116364283
1338789290
-576878563
2135990709
1950505760
1274331251
-1598398375
227423683
1932506969
1812510463
-132784042
2069719810
1728119035
-212110479
591209724
-1649327970
56204833
1213386377
2054140837
1911988418
-38381801
-952370118
-331078362
-1366898358
-165305605
1288668537
-1312948977
2047544253
-1205495135
-551908521
-95211214
122165370
-1582058057
1213245265
205792610
2004240688
-1866942935
-613745433
1922113404
1571790483
-1531091514
1538150506
-318474325
-1856805556
41617955
-1753532646
276367590
-422922704
1386525375
-2123844496
-1040669251
-1793571404
192202087
-774186825
-557410987
-430885216
2002545884
-1270074144
-1574544207
-1463557117
-2132226638
-6670441
1609521202
963434086
1590437242
-1793996911
1828841824
-307668924
2033661987
-268783833
79379690
-853910087
496086941
-1271550680
1624304875
-1667124360
-2056891970
1063927530
1338901358
193898754
859975785
1384019874
1644110132
-1280398828
-225167379
-639338251
1295240372
-1891009696
-1064517718
2146328782
-1181274782
-2074603904
1372782841
-166543246
356693812
-708828889
-1243572147
-31919920
-447640991
1364073369
322008213
63297565
-362574997
1053418076
-1854351131
806810784
803960672
-1323659473
384980052
27443402
563312731
1631077691
2112869415
-1349335927
750255697
-1695902584
-1238092754
-1893931043
1840308233
-1606082382
-457445010
-744039766
-576911252
-642023717
-359931136
-652761648
1441084414
-121602333
-768074440
-1819756168
1055818412
561271766
-363633912
818482352
-1749163577
807948198
-619066970
-1271258566
819565136
683025945
-978357652
-1246230879
-171552906
-351016188
-1921614080
498768780
978442588
-110280775
1317905332
-51395498
2075453470
-1281530947
-642057169
-1988933667
1840433941
560798910
-602077620
146963353
-1854064550
-1548572221
1245046594
2027359217
-880340855
-1952369243
1216569092
901084617
1322851015
980974781
1377308137
-2005858977
-601359099
-1852007970
-573509489
-93295017
1629156485
-550949243
1997288957
-1059368685
-584641892
1150442063
-982199289
2043298120
2103116218
-1223084630
-1698136586
2086150605
-877422937
67158991
-206315161
-280172106
-917392881
-1077178385
876301683
-720951647
-915524032
932800940
1994663952
-271921073
-579791567
-1858079542
-634006090
1425097078
-715343163
1764753446
-2005993659
1356818900
51337041
-941303834
464921125
-832270969
-1762668965
179963633
-1143245138
1265968539
431246757
-656983135
1144174794
-665143835
88920169
-341228617
778292953
380283918
517739237
-27634801
1418316500
1742969842
156088857
-1070920556
-1479089740
-911119062
-1413434418
-38734091
729150740
1691241959
-722922790
605446808
868782869
-864059647
-587404382
-1027415218
-1834315647
-452309681
-1896614688
848485448
-665673422
-2140222408
1700006
825741002
-1476816204
-277142134
510665123
583163934
-1243083479
321098378
324685987
368200394
-467337619
1144541771
1423451740
1492627204
167580538
-1621872317
-1672225434
-686524826
-750918644
-1384942054
1931186315
54771421
1149613191
-666089531
-1708480191
1543012583
1823666712
-914431789
155005555
-1486625539
-1634939621
2118460423
1618940807
-1446577075
-613378628
330196518
2093315996
-10825557
1717944032
-1024622320
-127867629
-594214967
1890888517
789349397
377145681
557733286
-2076530457
-1766156927
1020886210
2016680516
1853341349
454941048
1410466592
906233501
-1879494620
-1864601079
1222577140
-2028071721
1351474163
137161852
1590228829
-229204042
803198960
-990924818
-188554481
-1591311023
1038151657
-170376928
-199425122
-1682030328
1563290246
1657171851
292343292
-1092865867
1432795237
601669558
-1039157952
-1549436640
-1699221114
1843570380
-940212056
-1312539208
-1665907480
-1571394712
883654113
-922411136
526564980
863748019
74584965
886650695
1884358426
-68065103
-155551772
1086390044
1959199545
1730774743
453152774
-872947969
2016113476
163927008
-203343120
-1677766437
276789921
-141661728
-428503770
337891251
1288777940
2111104921
2123350129
50660892
-52191012
-1113913844
2014501858
-1177686037
743234269
-1771310253
1484412950
-496966866
-1137640450
574949037
274678714
92714079
1472942228
-1177181734
-1064522671
1466919382
795145344
-1211411543
-2132062412
-758762881
-177564204
1864699854
1435031258
-2138991667
1883848124
-1931374599
1199515737
-810286354
-1680587877
1175073315
-1866169044
1412455744
1014287988
-1319311318
-1422555850
404288514
-8025973
-991097696
-659149561
-895017138
-985437877
-46386977
-464018339
-1729852345
-1813595798
1640577120
-1354477332
-219235698
1996862794
-1406839476
-536061599
753949945
1419014562
-545015213
1275647140
92508550
-1880365475
-927853123
-2127812259
250291341
1434207170
649406910
117072314
-1530899659
762115540
-1272572403
1473017710
261472552
716110331
-702404937
1412291580
1122473354
-852727069
1349008431
-1454128844
-88345818
-1291163997
1415323818
-1247681026
349585386
480293666
1935236777
1260972886
-1198329963
1394394293
558132439
-196708970
262718894
1492912909
1407337236
1112514043
73908919
937666640
-2090095407
632453217
786247842
1863972484
-1840059234
1384362321
80183940
-884441292
1921484032
-2143713219
-1480852600
-2123151027
1458387591
-1482315255
-1400155867
511484232
-847731936
-1017925683
-1106133869
2019213197
-1028335961
-1937095207
-1888342150
-1332285162
2140869824
109657849
-1518100500
-956029357
-1747029017
-1300293639
-1070424171
-1575678899
911928772
357871467
973648433
-1642589171
-1871160125
-451529305
1630410557
404884542
-1387839772
447518994
1632762609
1523986705
1395020239
638251683
-869252500
1287968352
1679645739
1126676131
-1775540431
537399318
1460320303
357674419
-1729882670
-1957167923
-947489928
686619155
1981776874
742823608
1362565149
967093536
1424535887
585969346
1921086208
1356968222
686295176
-1353452041
-146936986
908069687
1940918908
712915235
867385290
-1127761468
544551276
-1769196872
-71320595
968798922
-678324445
-854747404
-283689935
-1707227450
-6952341
112082499
722309671
-37065811
1488605123
-1239903775
1237982822
1658041389
1821034830
-8413501
2000335774
2022766393
-639294963
553448119
1256789740
1436871620
873322576
-200497207
-1808289425
32521419
-838550679
3424745
-1044429030
254466457
1754869923
-125353270
2110834379
126584390
-1924574350
-1417242612
1320912796
674852992
418800875
-2063186020
-492206215
-1766077299
2066497142
-2036924837
1642626803
827834000
-798966847
-1297652483
-124789166
-225635318
-898936841
460021555
1591805936
333877667
1371814449
1188403468
-1346348092
609933610
-1625420500
919733912
1534781501
-557372454
-421298628
-692700722
-1812605871
-170029857
1783541633
-1362709841
-1683892524
1215563799
728656215
-889287254
-346140915
196813084
-1648298222
-1657195454
35443333
-1128419710
1934858987
313783277
-858831838
-403921571
1104203060
64462655
725076085
-1600284411
-891897133
-510091960
-137155761
1938486044
-1970096403
-4322503
-880047462
-1831786544
372610016
-314125235
845830757
1339320925
1151342455
-298982426
979244608
-735140395
98958936
977065461
-778488887
-1770144221
-717667647
632211871
-1001051513
-1360634547
1807129203
-1336198627
-618814218
-509619976
-1800970259
825950691
-2139803934
-1474184143
-61056291
1553460227
-538577672
1809097065
2097683411
-849774636
-425301607
-2085451583
-1338581193
2078782158
1210245873
-648722808
-2098386051
1095191736
1413121608
-1513871871
-984244586
698370564
1259279511
-1020593047
1887018665
278067321
2911326
717285431
-603463165
-774567406
902157492
1841643685
-957939125
1808464422
-1642830433
568162671
-964587783
1450189000
-171761243
747044570
-40086776
958535792
336237731
-1292087817
1801372137
738875866
350686172
-736309976
1900068795
137048621
888257364
-1663358749
-1978648391
-1849460896
1981178974
1169045685
2020883443
-972120359
1709461876
1690087562
1199213889
1839012438
718453574
-1925438933
1595400819
-1847910640
1925049109
-989850873
676478925
1159346973
-1419530688
1170090549
2085627826
-1563140843
-1694830818
1683536569
-2046914146
1076179448
-1804892401
-170840571
850058329
-857670321
224959949
-1550314813
-1710411927
578703248
-838784505
-536292399
1829961671
-780517690
-1637914832
1547393932
-209671210
-1372256911
-1448520557
1379280721
377250448
1438591914
-2122214998
-1104179391
-2004628990
-269640053
365505456
-684374461
493951226
143481293
892874869
394090062
-1639213059
-1946843215
2121013872
-820765464
-806699650
1036073764
-1687655910
885984233
1882347853
1097345053
1417085049
-643550588
-1088322739
100662857
1880821498
906154631
-699055766
2129021418
2107814020
801736161
-432334647
-1800601860
-334463031
641382501
725548608
312611481
551010014
-2145879604
-2113709561
-1746090339
1719329805
1662839808
1466503856
-1245607027
1539678186
596955543
-484912300
14130356
911782051
-483000163
949879054
1901705871
1875842716
-2019312234
-2026433619
-1673681046
-383156677
-1213250878
-1836694108
-1585165750
-576326913
2055403426
-242692283
-962683891
569847767
-1177871173
1424630062
-1454259504
-1204805455
-1613303911
220975619
2016870288
418212176
819563286
1265775453
1083855379
814744930
-1289615397
1615905281
-532351224
-1057401391
1637261607
972088660
-1561385875
-26595495
1714872783
-106909170
-924407760
237747802
1680153989
-8477650
-852603623
-792570898
-1711818148
-858618835
120859110
-1260949442
1377242763
-1712133258
1702575799
1695129105
1744098928
647633940
1299645612
-22678619
-633960744
-897310804
-543304756
993545410
-205783171
-77897298
-811515096
1872395
-1946132017
-1416087353
-301340865
520921494
1122701303
390796185
1281757860
-1907643201
-1190979560
-1089454930
1443986653
-406249671
1800900567
-1578669655
932574094
-777886875
-1634491363
-610760258
-872187433
-519301146
1054695707
-101546141
-190809607
941656693
-1500875122
-423104185
-1841763009
1218087921
1017543747
-1437024637
1247649307
-698289735
-235242787
2031591951
877848718
775444542
-134365994
464298358
2072026317
-63571245
219425731
1610474189
-567613407
-874007353
1425980891
-1323112991
-1185519602
-556630092
-1616463943
1907727535
2084031415
506069785
-206256543
859313944
-122574976
-1078392538
703673728
1300018645
157900533
488369367
-495270409
-982902617
-1960425238
-454339260
1639311514
1918057427
750547426
2022101558
950952244
665811149
1089904820
202649085
-1883138610
-1920639437
-1895202453
574720128
-1962406352
-1349086468
1112808046
-1079668844
1649993640
25835761
533721056
1132095633
1126842633
943096411
1087732041
438640418
87941878
1828810493
-704656011
1925492061
-1002854304
1130095684
474261660
287371539
-197170356
1759089852
1476669634
570630760
-292521511
-1449432378
-1742332832
1451663269
-377170047
-873895288
1552949060
1149903436
81710750
-2110505180
1234944437
1012314476
2097649200
-2121930965
-2081421862
521332023
759828445
1592538195
2005237595
-873574447
-2031295944
1742672488
-538853048
207232874
-916622523
-1823487616
1090602554
1868647822
447842109
-1171411086
1580545719
-1031540805
-1478654067
33553544
11317722
547257651
-44452316
1107015539
-793281485
1319050772
-1546596114
-705172353
-1924515605
257447845
-854136421
-367942649
1529516332
-1931367951
-1672514140
-1594602454
-1431573057
334230170
-1391076722
1423083966
-1504991498
1568188646
-789841296
-1821989756
-1207578933
314591005
744916147
-955186531
1428814153
923104535
-1765339367
-442603715
1795794730
-1462253552
1261452032
262596765
-531614015
19016638
178285286
353489206
829325082
395200677
-173814737
324657195
679639390
1384610729
-596199130
1274060038
-1530553220
1790784229
140359489
1272361639
-921514234
1202570170
-1853319768
610960760
1455362904
1103105577
-164990984
-674400027
1879986686
671318373
-1580689085
-61630453
507504215
2031310243
1935586139
-1317497425
1220858229
-116191435
-1508477361
957372273
-135547065
797417174
523627574
1075347520
-747828742
-265178297
1691297066
787721744
2130970523
1195577370
-1529961
-1070702902
1525116416
1821507021
-360308555
-629624700
-37811992
-1878317287
-898819758
-310415119
-1746829727
-992774260
83473109
1023553563
376962410
1032900437
1528017022
-248821169
-153373992
-1133928354
1720996082
-100000425
291186813
699975840
2020719606
-715203346
1691611781
-428589647
1896679546
-991249808
-328249565
-1474667103
-162783527
-1485941807
2090245229
-1797064441
637074271
1252761039
1713293445
1563322966
-1837886197
6274411
1828200440
872304244
73395349
-2038659948
1554128490
-1595362675
1908934578
-483359195
-159832719
464505635
-1431970667
-624429806
116276673
1907722345
-137727559
-1084243235
1830241930
-249324591
-329533987
-603475634
-1106757859
-501890333
-813640624
-309900446
-1051961643
-1398969520
-1412888210
1975843203
1205899060
944964679
1619835754
722314489
830356556
949653766
792779597
-177299808
-686284960
-1392095053
-1750019523
1899674843
1801541578
1755025259
-627867902
-1846614840
1028687390
-764742501
-567015482
54096564
-1827701361
-1221664113
758088732
975910353
535439249
867679048
1473561411
-1244663002
-606765633
-736682351
-1513901398
-807951418
1498529279
-1460112044
54405302
1121509956
486096100
-1935253975
-1267460157
2001222501
322927187
824299311
623996265
-238594537
318397544
27853087
888414720
1344939682
-1870023526
-514230371
2060794981
-37773027
-871402724
1870248657
35114493
-1102143710
258813062
-1649633738
199043833
-384897851
350344628
102297777
346940123
1693561025
-1486038546
-592539163
427507001
1561043956
-1731596471
1885432005
1203060417
438750221
-2010428084
-1397086358
-1823638916
1286122883
-821155371
-1296807898
1279210326
1666525384
-1998610371
-1899049000
-1346792994
-817531202
-1125751110
-88710783
-1886326199
2129524841
-1974995451
-2142996713
-1050112324
-1870344730
172361532
-755444839
-699004470
-1698273124
-952398840
-1177583005
668245306
-1053520720
-441547518
-291047485
401993998
-1715505730
-767665582
1066346187
1159388864
747639493
-1181967719
1788059752
-1252088626
-1230664351
-1464318960
1528827827
-1216131463
1952944192
-1008600079
-230709370
2127975368
1701970126
-156116971
2112705874
-1318013485
2113282099
926785246
-1330393808
480647997
257443710
1614324054
-684080331
782938369
-932138206
-1438346344
1447552522
1454363505
-1454829152
1741490030
513502906
-231488644
-1114125947
1095593275
-978232883
1732308015
-1344984425
1400618779
-1327260266
-1407353730
198573643
735066696
737341897
-38512317
-962974855
1149553343
581762128
1661774725
-1061854894
-978514654
1611134814
-709521667
346226065
-1884157216
-653646653
1096787158
699769328
-359983982
1751425666
-801730892
2053516509
1186946728
235828384
841520632
2026703213
-808303548
-307898306
1265304385
-380892528
-847883163
-466930710
1315826229
-920763002
134319432
856308017
257584512
2011602833
1197435402
-795145352
-144523492
1739391724
677619346
-426868725
-2065997613
1229287163
-1523917395
-1303000202
-1635161855
857429955
-396073607
-1144573933
352964510
17762459
456330759
1615233508
-1460533380
2092564003
2013832764
1305580450
2139776972
1229613941
-725980425
1455284501
-1895355930
343236251
961201272
905317030
-1372782776
-503171008
-909707777
1901786674
1452966879
275344041
-27417677
-1646941920
213913733
-835996699
-1212329275
1273245621
-920407605
1881556803
1830307797
-717412954
-1272494345
1954257412
1595762580
-104156178
1415777616
-219166895
772537769
-1661528094
-939058280
-166543506
1392676312
1095894914
1473941977
1468118576
470225761
-382236912
1050116452
-1876130644
-649506138
1821770726
-1110519530
-1021119952
-1090117361
-679819132
-361782819
-1724311433
-1803761871
266935784
583137146
1024546583
-69869267
1961995810
106736007
-1928492482
-219324074
-633013209
2056970428
43022493
132618518
-1143667484
-1282038675
-1491882845
-1466733551
-1580769898
384449622
-148558610
1595543946
-549821608
-757175653
-1130117122
-878770170
1668632573
771736073
-1681397973
-1351016658
-1773909985
1634442401
1693588696
-2049459207
-625035656
-2034141609
-954736151
1832237834
-1731753872
177844247
-12962191
-1355967146
-1434705930
-1183383800
-807855696
123251465
-390066542
-272036845
-753791684
270391466
-832508485
-1980037210
-96004227
-2081310084
-718346139
-1074711116
1510930782
2093826599
823904734
1006941696
-1073312960
-1597668712
-600070694
415042715
-1121553102
1945753124
-794858036
1719348907
-104876449
1941684979
-1280112778
-750643347
-1284198457
1864778139
-816990013
-1224398468
145466929
-326088181
-935527212
1319428178
995290976
-1683961174
771692120
1262917135
-576831868
-2021102145
1961095968
54288761
434619379
1179111699
-1340066574
-1048686525
576132120
-147909676
231175068
-1459191406
-1466234453
-567419205
-1738535860
-428481348
-652011742
-1990636943
-1709960674
75472978
991411047
343885870
-2119683081
-218798752
2115571146
-1846185821
-1030050928
-47238413
1405457720
1246453017
-1789294123
-1624420902
343596717
879161050
195097711
-109350735
-270235929
789784783
-989386593
-288851941
-1845122213
2054193002
-372943027
-1684664498
1874065004
759153350
2066329184
2090344659
-918897958
-974190837
-1559223472
-476835954
38785656
65154839
1803866872
957086716
1256928289
1357315418
915147440
1795332540
137196780
-1218523391
-918991205
48781648
-1232033634
-1650039466
-1241517763
-427103708
-1839049376
-723099290
767365199
1038899406
-1740869967
1862096355
-1767634218
1517768086
2001821
-555838644
-382483343
-1889915079
1109904431
516887114
2129414643
1999318506
-1090182621
-1701044131
1239526193
882080409
120516831
-276974921
12721692
1658859126
1582053540
-502234265
-1515012335
-63199560
-624901888
1123179706
-2134408593
-835037030
2010052231
-1907542307
-1777325206
-963485275
-1576177726
2017725383
1149066270
-1853532108
1836797286
167675221
-478276890
-1778900939
1904077256
-1891702346
1114056943
950847532
-1664775280
490727944
331064839
-1529957763
-2000810068
-1756481725
-662307398
-733901078
1963703944
-1905524394
1784646047
-1440225191
518242427
1569375375
-20654865
505301722
-787290748
1170868543
1898614102
1928611305
-142822347
-1007683171
-466604787
-2139304209
252179438
-1136987670
-896880088
967034894
1217209934
-1443270954
655554348
-695292130
-1515281433
-1622671838
638091492
-1301628687
-1328984016
1428886917
22205812
-840246050
1621629119
-1087048748
-1416056658
-1768123267
-594299977
-700059556
-744117852
-1469951057
16470398
-1913135982
403447165
-1781596960
-7719501
-30712850
1937404812
-1106389617
-1169593505
-1338485229
303566494
-139018482
2007763049
330360626
-2135982190
-2019117178
-396905393
1673032368
-189739729
-437196994
-966629869
-1578714105
-781195983
696040988
1675201906
-926340631
1756400293
1227482475
-1963582629
1687328682
-1278061194
1872431582
279190943
1856788702
-1392208058
1632944596
1362878948
-1897835711
1578318210
-336718883
-1699359777
-586788137
1507518640
-991665796
-696153407
1720777812
1736712458
1870445102
-625231374
918618557
-1064701872
1060690602
-570033924
1947565390
-1920302886
1745247339
100570825
2097321630
-953368084
447928683
-846861295
1450825216
1497874765
-1013446608
-1595809523
1796852269
1143835162
-1088482293
296196720
-1610619873
1942265047
-605375073
643727767
1585556799
1798853830
829149088
-1185997826
-20923455
-1749430660
-1818455076
2049140214
1079970127
-766499920
-304450433
-836393836
1523552228
424677462
1066886546
-2042240276
-266776326
-218082068
-903925052
-1344434561
-2120144152
-311334382
792063341
-659822863
1089544324
-790341280
153138895
519910654
1824126735
-209334413
-1510315362
-1348862801
917917266
-1677739191
-1907757630
-1288003896
803510020
95751886
-504879782
-1475404412
-805336210
-1163889482
715119108
816969859
561188433
-49803379
1506937691
735597571
1451594759
-1547332085
1376614336
-1904156850
-582190617
1745051821
-1221567395
-796512653
-528224275
1480866944
597143911
-2003797192
1506367642
731191103
793732770
330170702
1749107481
371513504
-1821678550
1167616454
1671455651
-1485832982
-941010065
1143011779
-1591661021
385008843
-1309182847
-240879503
2087057180
1076760167
-1015217267
-217907147
2078392010
-956814412
2139419302
749154086
1163922055
1658079748
-369886263
-85235013
501641328
-392151325
2013220635
-740087100
1454422344
781307426
-1570152076
108625822
-374162277
-2072396493
115253024
-63617119
-1592173786
-220969033
-618395933
-2096707619
418790262
1536411989
1600516413
-360080378
1054354638
-1727287091
-1927968784
392245676
1389122637
-818999220
-911756865
1996833454
-429750192
-491299071
1081112183
162988784
-1693352427
-704823313
1359093554
-1901136565
134065568
496394757
1478989530
2065603525
-235925535
-1536635541
-452604180
1990227713
-42460394
-1860881890
308817022
40110328
-49897106
580848574
1777877378
185257705
-1719306769
1901244070
476141132
-83466610
499776408
676762173
-362510511
1939296912
-763428151
-1789498229
1340767025
-795930053
1795463395
-1148456177
392951030
-1376812939
982167083
-2024647474
-1311062370
-1448301076
496350707
1018085807
-1983322154
-562713970
1969923323
-955673850
270775560
431747646
584184340
2147019118
-1045063017
-1904709436
-495485690
1068946395
-1358909335
-358067964
-1322811469
1357534190
-1205270107
-563410062
1065807227
67883915
1288551613
-1538365499
-303569694
-1037901912
-266606674
971793898
532748144
1545878631
1683436678
835338811
-312914984
-116087193
1523032614
1252460784
-1348051364
310760791
-38496951
-396661547
-1737399441
-632777781
236025284
-1101802179
1707593883
-1232601006
-1912579057
1053349685
1306251172
405752775
-1064070397
-211186179
-302768146
1002211559
1585377765
-1217493325
1714301467
-1413979868
989221538
-951897263
-757388808
-147602760
-1274632100
-631301927
493589145
-1423320068
1921743397
-1882772274
678039746
2092300281
2008729097
-1606216218
-969289848
-923660225
-849506223
-1042725892
-1084103881
1196173301
1919656710
1507857227
-1788215690
-2123512783
606421428
-450793767
954914217
1773278601
1143854447
-210655696
-961096554
601663210
1926681882
1022454355
-1490679222
-1131698777
570060262
1849566704
1440378685
1878922965
-860245991
-44882735
1174399412
561483221
191513616
-1911472488
157135974
1997551665
356248454
-91621205
1036323682
2069451436
-1696705770
59134828
381895471
-869573741
854849534
-2137999699
1329311284
-311126439
-895015387
-817057437
972026970
-718031774
-293449121
1734246553
-1086078737
-869026018
167597294
902795686
-1275925811
987455322
1933920331
-2013498462
-700482885
1806941650
-992145369
1575742485
1200567314
191805706
1947258028
1840653041
-842628189
-1586520995
303480327
-1600251454
-198641448
560268374
1247566890
2112807459
358984984
1604631614
-1826183474
-1563342989
-503825040
-1007722251
43577783
-664412215
1835874927
1246420229
-1314541253
-1917143004
-1398590896
1157632499
748751620
-520941594
1963964766
-2034679080
1315254036
493541251
-73263980
-1786506191
1937030409
-1157175691
-279745917
1347630322
-1501054558
-931259277
571383416
1707672800
1941166209
-25763359
815282653
232115232
-1423368654
-149439607
1371604959
1833523210
76029547
-1805589109
-592165039
-1138683582
1214732949
445655442
-941844785
-497492215
720471178
-97557432
1541996326
-2070516784
551463328
2055302667
992854003
-9724146
1000770022
537418464
858964617
1046896722
317366189
-1222949465
-1090791656
-1326385253
1140497226
-1221518704
-1162534902
1801952999
1967019801
1407784141
1060130736
738007305
-1367570493
204530569
-2092590051
-95329857
1487252676
427010584
-1258975918
993708803
1010763047
2008829807
441911707
-1183638623
1157729428
-1083649835
892290103
-2065726711
-671267700
145984474
-1043893698
-297568666
-674148878
473084808
74344895
-375665937
2089653964
1220371672
525504296
-144662148
1658527819
170462823
-297618198
1640101723
1683235080
-464969879
-576007844
937160804
700811152
1304834525
940289760
1797074506
-72900318
-1912527870
-1216677308
-873805517
632547510
193582345
-1448389782
791854475
-1671806399
-1393002229
1792164906
-1336483051
1178084919
-948717508
1354514806
115851586
-321355439
1142754657
-1581442370
390583494
-13939568
2067797887
-718439530
-440067481
-644865664
146330324
-217291882
-1639976169
-1824567615
198176011
1885714561
-2074888891
-2087636797
-854873942
-1131587927
-93946001
-212086064
1231487950
-632274031
-699719685
731585615
994579994
-1103894828
2037982791
991432262
-1314268691
-906662588
1988915454
352834848
1551684818
200915541
1727974829
-891047248
1569018684
-109016132
941850005
-1740176267
-1909118094
578007891
-23743550
-1062147553
-529908792
-137000129
-121085860
551243857
1490688015
-1470101421
360111420
405889960
1636211278
1947733687
647712706
-1626624004
270420657
-1381045052
243848165
200830949
-488189247
432414770
672449674
163238017
1174335445
113756533
-40127206
1762930035
2108201160
-2042072733
-94113714
-384399058
-534557973
-1190329063
396922956
1726989682
1437184573
1528441887
-407534601
-2028904426
245702873
1272995018
-1355934334
1032894472
710707631
-236301598
740083270
1322786450
2055991926
933874819
84186070
612448478
-1246981919
-1034374840
-1122436529
414545339
-1048246512
-1700591707
658720755
-1661363295
2099016521
456154260
753997305
-1676299534
-1146992921
-781614733
-250545506
-367341438
1418205329
1799472172
-799029121
94143577
388621743
-1885796970
-8786134
1649143991
-1791723750
-130133478
-498478863
-1149317800
-1916740334
-1695489895
413475330
-720577800
-149473676
-1942512755
1584964788
-1366127848
1434072876
1506121837
335730467
-1731207166
226501096
1420042582
-1315740162
851888395
2006264077
-71224089
-884049762
-190021864
-1550947602
-401891220
701508187
1039508834
1710488891
573839421
-42089189
-2114112899
-1743012937
700248680
1226281259
407004565
2140524077
-1820825715
1442270801
-767931397
1678186916
-1926267383
-1231771103
-42624289
865931473
-1289092265
-72726641
497279327
688494540
217200562
-1830081595
-351709504
430763782
792006653
618767415
-7550726
41867642
55194087
1603140083
-623415431
-1515752925
-1879241142
770475581
1297655330
1422615725
-186466860
2129656922
-157559661
337018223
538870760
-1711932244
-444660305
55231639
1211177926
-1870052097
-457378983
-875980634
-292736024
916853281
-333084034
-940606433
-697451601
-1863678281
722217817
-1200452998
-2079267009
1415981902
1260595697
1660864607
1027935654
-1286022224
-932162842
290112272
1130546499
-1503480456
1937668205
-57527514
-626924955
1605098472
-1834202215
-1777625473
1366113330
-425450246
1320748507
-590809738
1714641865
-1670904908
-1716279604
-1950136491
1366325675
-874953792
108644905
-1831654905
781217110
1917807163
-834708963
-1437540079
923628338
934072269
-915889722
-1103048765
437972145
-2082289671
1838449650
-1164909910
-294027600
-977245771
-62072280
-247555000
-1375456733
680316221
1085226991
-595281658
-1587774734
212259619
1455476298
-1918198167
-2011870947
-663631702
-1857844351
1275005316
-316962779
-210272939
1124897574
304787629
-367218514
-1692557894
-750372266
27184243
1972523104
2010474395
2029630527
128891855
807644175
2022312758
1710226147
-1121765480
-579018725
562253275
867303451
-1559705284
1288512280
-1590214209
2070702813
-580749140
1410600624
702490384
-1829018431
965010840
-1317006648
525388361
715602880
-378716196
-1784776991
249492422
-1335698369
-626339015
1514114496
1746451611
-353802421
-710337977
1928855377
-496444256
-1322751706
-1131180886
257051848
303252944
1027109890
-554984316
-1303252215
673226963
-1510071540
-1417898198
1360777034
1236041432
329894315
1289772313
1638771189
2097435816
1508659977
1484989738
-859239470
1532138232
-1692658222
-1941717243
-2116828827
-1787662338
1240244282
917571795
-1431129964
-818006458
1745403973
-658731977
1187636365
1467165893
-552711102
-1866107266
-2120813594
543386670
-1419808873
492724244
151594245
-127978108
-1389002812
-1520199879
1007482049
222600687
10329505
-903945739
1761010505
238920659
-389568790
-493819063
-942429372
-559808225
-1701561347
466079654
341985081
1987268322
2111233505
-861045598
-119641807
-985706973
277702794
-1154492439
336087195
-862098959
866020698
-1202724495
-1539249554
-1657157960
-775671317
-1480309519
-2057287788
-307137834
258103051
1101991571
-1721961082
-89617299
1365273607
414021352
724776243
-1396936582
-1174146516
1468267035
-906785754
1619085094
1365808266
1595420265
1304382439
1876656476
64854011
-1030943280
-1543787616
-402973797
1331414883
-613570810
-110471165
-448284148
-1028169672
1310550444
1516281195
1810493910
-110771388
-964394557
-918253503
1636783025
770108841
425850462
-1677076576
-2134111303
-1084293594
-418087015
282983996
-1051317628
-1930671464
608585673
47082879
528739190
118147522
1257704436
1731229428
-633893805
-2061642416
-568111229
1446383592
-302478827
1195739160
-1023502538
1252008782
-1616685313
-1825227613
1470226263
-1742103069
2115362289
1377103852
795787570
-732653422
567305982
1171229799
-1132790845
-1275771623
-1326993093
1640784196
-1570810959
929857771
1981699545
-1640871436
-452985221
-1841417640
-1463236490
297224683
-57406224
382587882
1770031279
-1796759384
580159716
1187893778
1524652281
1190894066
-258786784
-1835753724
-1764979023
537108067
-444316006
122986718
-580399248
849758250
1191518693
1281515023
470142884
1092911115
2111733738
-1668903946
91416156
34858666
-693748008
-2012224567
-1291810206
-1853878775
71400536
154329528
-1003221874
-2027468977
-514438651
-58469807
1660298073
2056259787
1790948635
892981798
-118023248
503328823
1863193965
-558914644
1508164362
-902847168
-783755364
-2071888027
441212604
1512316997
-825870715
787825217
-1110162293
-1724114593
2084607995
1682742849
773712002
-1857346655
-1667727178
1467429214
1868198918
-1945487200
925717386
60073640
94976551
776124469
-1952034853
-1206565455
-940008136
1279467649
-2136439984
-1656122325
-1751696991
-761740751
-1181900090
-753406513
1479305714
-1141246718
-1745158521
-174508416
-1616086980
-1308585849
-2139683397
1808534192
-1974595428
-905138903
1745816861
-308276734
1623968023
1050931567
-1811526414
244406321
-661269843
2224000
1453476407
1529204783
-2092619864
835868389
-1263001831
673015185
-169686220
-623509870
836851370
-1538834391
-1901400524
952109862
1819693009
133504500
-501412526
-1125599887
-774415487
-114301130
1806130264
289895735
376244780
-396435229
1682772670
-696347597
-2040832902
1749360961
-1349751421
-1361154722
-345322698
1548692170
-842892736
-1446585232
358963848
1935987030
815267705
338796966
-346739607
1376898425
988026422
-291979834
-520796590
1058644521
-2027534127
-367523232
1132232246
800176292
-1081914606
1993970261
-956972365
-286861680
-1387487368
-2133823843
1087910531
1818317411
231521753
1572744004
1891940152
1141746180
-476672211
-725944139
-193587416
1885691826
808473253
1010380090
323728037
510542117
1591689218
1677777602
1873174641
1933868274
-539329755
1428716773
332537200
291908147
142683361
517735205
-458325089
-2042812826
-627518184
-1407992969
-1594672060
-657560171
-950654459
-2140086015
135061863
-146517833
1547966677
-1047669981
308413056
477834838
1564588925
-362006341
-979943311
-1089564303
-1995876409
1082889125
-849038154
-1696671069
-499139668
-1311307648
-1140975654
-1159342204
657230569
1078025911
2134006572
-2051871666
1261523404
-405635905
-125916750
156087235
-2145488562
-564534115
-1180957602
-1782040242
937572454
-852626261
466480511
-21483160
-1577075045
-577245030
1638651770
492885053
2030064603
201922234
1753631417
-842187122
-2081711733
-1523235464
-349964574
716537048
1543477471
1190393128
983704396
755410102
-1063032214
1972406789
252129966
-1635213181
-802929928
1228882549
248327705
-106786493
-1267336805
-419674736
-2037019865
-186062141
-450012413
678335971
-1885953676
372157950
-864297453
-809440144
1466336077
1619355073
-111571536
-218185735
365833639
-1993487982
-1098695717
2124676221
1753957203
-1019925810
700469761
485633794
-1466579090
781848593
843371153
-813291115
1810008861
9741017
1027170255
-1227529329
-789429638
625333101
498883559
-1402343
-1576504119
567957243
1330411077
-1607633679
-2082161682
2136794112
-1212270045
1366897517
-1567881437
-1002090260
-169643421
1384293824
-44641051
-1551337211
1831106206
2026763899
492083247
1439107978
2042148220
-1770452905
-1520190230
980920604
-1238560699
-1893241807
2103508899
-1244990631
-21242952
1890136917
13110398
2060350154
48470555
-1111088642
1883937130
-365070594
652657299
-668269027
1015181205
599610614
917514677
571422297
-1724508126
-1154177085
-818094244
1426357591
468656153
2093184878
1415943612
2042885434
555493279
836528663
65988023
2028902253
-269995930
1063084896
224986223
-18840417
1771298662
696792587
769441307
1092765967
-994794036
1705135073
-540227042
2062786825
-494336718
1544316885
-923808683
-736132689
600859409
1997661801
1350080432
33647100
-427286669
-1799282607
-1475901948
-1163902970
-1646861588
320131925
-1749485282
-180142462
-1937090614
-3099269
-395159270
-1490438515
-803552629
653366884
-942660618
-430528087
-1855246961
-575425802
1009574497
468549637
-1061938162
1933057851
241309145
-1280483584
-697173941
1023175304
526480372
-1024662544
990884105
-1025121823
852886268
-1085257954
1972976190
-1093397349
-488510527
412101397
1313400070
2093252419
-586738517
1900518428
394117850
-724860738
848681486
488899583
769165313
96796081
-2132903998
1329206805
169845062
1491162658
-468256783
502200191
2086826218
-1051094689
78691122
-753588307
-1830885668
-622861282
1727393239
1255206182
2007754791
1527772389
1501068930
-758101369
425605547
-2139848020
627141118
-1180778548
-1811619313
1794003392
1162375243
-1147315250
339031797
-542997783
-2127984902
-1398021620
-726791825
1951709391
-1852924741
454559917
329033138
-848056423
-564559308
1848906437
-1778017783
-1251661098
-1476195309
-247051561
-511805172
-1257742944
1507967590
-694738534
-1920660719
993276158
1784394025
243004672
1905500897
-1385624438
1611410976
-1617378445
2061076910
893650259
-1172330521
1349734241
1199158852
784045828
1404359239
-82413830
1688290175
-1861465275
-1221344310
-366164936
199907836
-104991904
-595535728
2145745183
1117225235
2089834536
888827491
40344646
1165921028
2124973078
1066257929
1674234261
-1506176913
-1924789324
1193334234
-591017137
-1935167735
-757467075
1532180881
633290578
1244561293
-288409467
275999590
1911344285
499676911
250526742
2091942491
1072803091
1878763223
726113435
794014166
-751464578
1603768653
-1054475902
1214326383
892933589
-1697643600
-718706212
1017732107
-155356223
-818533140
-97113978
1632715049
1374220637
-2056232213
-1727373682
-748110981
-1863690691
-962311349
1559441358
1233936824
-1002864462
680418130
62090717
-2146926928
1890823499
-1115888866
-2090330840
952152480
1152791197
1175722016
-1756039077
-931086393
1816311111
-148647221
-28951035
1217424185
1667504176
892269447
-1596353414
917332722
1270590738
214934252
768360443
1680580653
-1299027652
-1708990164
-1667668204
-265435914
1212293779
1696143567
897990981
-571715586
1955010777
1278257318
-537916444
-266618450
-1517662415
1979357433
1451878721
1794035326
628718050
-350687230
-1418260982
1748228742
-1534491557
-1586931297
235921649
-1981777324
931984246
-1928980926
-1075384181
675882240
-1911052288
-1745722069
1888281467
125748094
-1698839175
2095504857
232834767
740157747
-594296553
1879403709
1538023081
1753252298
921820432
948168496
522345762
-1728313273
-1679977447
198666919
1137615722
2112068443
1386199337
-1126565083
1709633843
-2052685062
-281653374
-83421968
-1813207473
1306065706
-54698255
-1232919161
-1250526569
-528590818
1289373779
-1066590254
-788312049
-926361725
-186032549
1530437531
-987397305
-1460358376
1734723219
1203916861
-194486781
1999194244
956294816
-2001237350
-985165794
2057595491
-313073207
1644518994
-1163210070
1780559521
1401809594
1150450224
-1143596708
430755339
1061055876
1389012968
-153029081
1043425571
-1026271769
-541470977
-1798434010
1227343411
-42863148
-740314358
1418061502
-329360220
1414352940
-809180902
-1870264829
-1244315249
-699348018
2011988086
1414052186
2073282964
484807376
-951715190
8304480
676721642
1315840523
-217568
-1167119862
1631384247
-899953444
-1246551603
292577805
-2087754590
1412577577
186280365
397270144
-2058677339
1719146402
514700370
-1214873922
1293110567
1355062345
-2107297031
-1885852527
1797531465
1225620275
-1481453314
-1334043508
-1633400960
273771919
1196322449
-2113302857
-164364701
-503872793
-763456854
-204813967
1764871365
1274790566
-186267591
1193967762
-1642486266
948298201
-1716774238
-622982449
-488275034
-670101191
-127965848
-1074591390
-1414848998
2047354729
207383335
-1122146838
-753148190
2034346875
-532813881
390908559
1162436571
-1251245128
351146478
-1117849495
811731921
739921056
-2067120202
-1305042910
-1505840040
-300114897
1309647520
181706969
768815323
969586017
-1748807993
-141831863
-635348235
77557752
683082072
-431638742
1718549503
-837724036
1013930561
1246810327
-1166770199
-1886434173
-1396212440
1385649456
1313046861
-504096974
-2072425058
1269272001
-1174306111
-1543974397
-848250220
1977954083
1921280364
929435080
289656077
1003312034
1050905819
-1203763217
-1584370155
1454177311
1525248021
-768970746
-1533274127
465845048
-411076628
1090814337
-811538793
-825332059
267268757
-762939973
519486304
59386596
585237627
1672843834
603875323
1147256088
1657622095
-694921417
1151341732
-83925202
-465674141
516461148
-1752345194
-156845503
357617464
256465359
-1500863554
-2049002689
537328981
-1815923857
67841200
1938718156
-388895142
109112412
916794846
-43450010
-262490284
-1282677572
1653886726
413244617
1828855889
-1415654468
1659023340
-995708012
-356496585
1773291477
-1205297847
1480913452
542602193
-1667602608
224272643
1583377375
1013587242
-2019445493
-1019682403
-627116212
355876894
-914039427
1531184368
1848732931
-1749266643
485478390
344394267
2006953064
-667802734
-2133022677
527158967
-1202353444
-619763821
-1640420366
2095264591
1978470685
-989834726
-1421876919
-1731521778
1175759597
-1645754491
943587484
-1601207622
1890987249
1358246841
2102380359
1479314145
-286403364
2132881789
-248451496
273994065
-995186740
321344260
785861018
1674896844
-1461464333
599760843
-966143282
2140284412
1790243450
2073140133
1451664699
452947108
747463329
1399335699
-923882135
-1915682792
-1260060886
1003415769
1641419048
-295930898
-1412762377
-2068397875
1468306391
564687350
2031716849
1565058034
1088518882
-1107583386
-1807483092
2028759492
-113592692
-2114385063
-769789624
-504089899
-967879954
-1874071686
-1727145190
1001382040
128021822
835425276
-955081078
-1779173764
1804888404
1629203917
-1994508354
-119900100
1277133674
308057610
-691667337
1774098805
572971555
-87943756
-898950725
-1618259336
-266920754
1981724836
-1694234188
1167978081
-1703802389
652008380
-1411748904
922412648
-1546827283
-1631720865
1981701449
-928735626
-241323455
122388258
576921469
516478715
-1404750706
-1754440765
-2094079199
-831330306
125435454
324168793
-268313286
834541941
-1669231555
2081049037
-807990643
-396055338
-702367999
135262088
-1520220863
-415405075
-622986551
81631341
1014862018
805490928
86736936
380434185
1768275943
484187088
-1217222460
-1643758327
1045223766
-103683887
-1704516517
-1108105748
-204153305
652024924
-994848249
1758886137
611571399
-120047597
446427586
137737842
-1291826658
596143398
1472162347
1152246792
1886094068
1416953828
-1531500919
1504488594
-1508882544
1385746580
-1844784880
1679443705
1195567010
191044998
-1840157341
-1765943177
272221282
1597624932
442668890
38356480
3389176
-1073678131
-258577916
751577343
-885786338
542121507
-1217506577
-2079007931
1526821891
-1288191324
-1260300890
1937886782
-1450075790
1342580151
1378517882
-1355505307
-152753357
1151075208
-392123515
-272913415
199201969
550967254
-2096462101
-1453462032
956807900
-945718773
676521315
1015061548
-2052364720
1670522508
-1330340363
542948332
-271799370
-553891502
-1179760635
-1045528187
835909226
655367609
-209059697
1399809616
-1502635682
-662079592
759545779
-347657754
532679229
1469401489
1701642868
-1251003766
-894031149
-1252475735
-130233156
1200029926
359744683
-384193254
1098336163
-2037404934
2092473081
-1565417369
-1294172176
-852520367
-1133332806
-2064545615
999426271
331270517
520278297
-1439831735
-1323595996
-1901077340
841482260
-2003816314
-1004378065
1089466819
-2087712417
1212373719
2053851570
1242854290
-569770104
1616851739
-2143562401
-1562657760
-530379429
1775682607
1046222070
-1729531263
1656361863
-287060024
453673598
-1275162689
-1933771647
179461763
-1008052014
-25673971
2030889640
-1112752838
-1184372642
-1612706494
-432757591
1341750169
2038887466
-1240786043
-2039552988
717373424
-993305832
-1225963196
-1557108081
-2097970102
1009553769
-299857559
-901513126
-1567452995
1997057669
-596650289
1183105620
-1043839229
605295355
280525810
270885196
999592777
-1936790843
661365222
1580808187
-1794664889
635047889
-735749494
-283223263
-1239753584
-954658628
2121112061
-1246361619
-636078294
-1624809504
319476559
-1068821343
-133101215
1996680848
764750971
-1445181578
-1680203817
-164710238
-713785963
-1585793092
-1717738272
364119085
1432522559
1540005189
-2076178932
1267816851
-2010231711
179778051
-52371708
399669185
-1743529192
-1789883920
-1972093543
-562247499
449368302
-1210809043
-1202760934
-2110776768
-1701120436
-799915922
1659430629
722706188
-1611444948
-378951788
-799400384
2023980001
-982102254
-123793765
-8163991
-76323549
387290684
1255470261
1516701163
-230748001
821454360
771511735
529225266
-1679196282
961791733
489565620
-1471320479
-90676040
-809883395
40309479
-2009833885
589900614
2137375330
-1589114411
148103488
1813078322
-1184097064
1858992051
-2233935
1200917112
418154050
488855300
2129126389
-615145391
-284534609
-20573562
-1889419035
-1964326730
959401351
1131784782
-1903550906
-2139237854
289624065
-2114189518
-569630626
-1645404260
-261455144
908435558
1672007881
1183527156
1219587389
-396109975
-1240000884
-1110613172
-1004895474
-690049503
610442090
-835910182
251624520
-865518780
-524078474
1970732779
1542205370
-1692499718
896242665
486685994
-1623202565
-1801287232
-1838710219
-1660585695
-465743458
-1554124913
-1802589095
-423032064
-1828670045
80228669
-1877810825
-1443243875
978766640
1731688994
847604131
-634478660
-1729725056
-1947025411
295213053
1661018255
-1848992998
-491955431
1654647297
523299967
1087895366
-1671332693
606226461
-765600467
94351036
-755947650
200752003
1095006131
-1861975138
-548696367
-90100416
-498679762
1932887209
995032959
1159987853
330318208
1984918438
628995936
716745317
1724665170
269066021
488525551
1756590167
-1160660905
703210349
-1949918932
1308371101
2031589080
1724434094
131734979
2111080812
-382026389
1428612216
1752404334
-526760563
-267122171
-883549072
-389877609
100121643
-1948534477
332314688
1029709888
2144293359
1926646692
-525206321
1269578023
-581253303
-1800683542
-192685390
408543524
-608624624
424813697
2129310177
282547926
-507842482
1333839375
-1107616595
-2116349058
-916053420
-802062867
578876913
1979590442
2141686291
-1324751642
253103751
1482535701
-482747986
-1126273475
300566014
854533709
472828746
1545449204
-416810359
-1127669610
251696168
-1357753013
-1860500423
1415389070
-1914768138
-1378970490
-1024479378
-2101585391
307002209
1165756659
-834508149
1908698590
2102773998
-50898901
1108351720
1840694138
385217290
-884010601
-1373483764
-712520620
-1831317409
1580307254
940684315
-496926935
-1562818712
-53610852
1101835405
816232105
-877858233
-1452783043
-1556695520
-1719970213
254520278
-786326805
2043746575
2108643773
791796219
846762397
1118579332
1344876974
-50230977
537897329
-1583094710
-926018544
1625927073
-1567473165
1826735046
1739399593
-1646256984
2053247391
1112089639
-1390639543
972592311
-1538605916
1444055004
-456788174
-395024988
-737045526
1464698182
2039624627
-1446277494
-1600929706
776489647
1161391126
-87464738
-1350214068
626453881
439923387
-1696327488
-1626845835
1566832794
810212228
-57169261
1366931649
-1739133369
344288628
2114069967
2017565359
-1426804497
488671890
-846711531
627032523
-911669398
536539667
1797677955
-316270216
1323806834
-1470529353
-1400594615
-498582801
835107153
645124978
2099695996
-496727417
-1084552228
2018897999
-831611094
816538934
343631775
-1044833903
701474733
-208854441
-1893909927
1039413019
-1948724156
-1986007635
-373158998
-1639562735
-573928225
-847594073
-677154806
-1782300994
1721427513
-934090267
-524896515
-2057514825
281419052
1140729338
2021705860
1274275137
-1453657280
1859314803
491120086
852062191
1536671876
-486709736
-307740336
-881502833
-865710431
-276825743
-58482263
-2063818426
-682503893
-814141813
-1660713879
1327654906
477335354
1689453308
2127852443
140049903
831001145
690637347
1126728385
-1042390348
1495789053
7198132
-229497081
1490618176
1866233369
-1045880205
-1774723396
418927191
578417775
640060735
454450173
1466861362
1294873866
-363768751
1294870194
1515188830
357268267
-1862276923
1649732030
-1161985820
-1987759199
1314083930
2033311602
1845437865
1758787677
553695093
141562177
353677591
672381253
1252402027
-2052563270
1367998205
-1212408248
-367241985
-244285518
63282867
-274172238
-104131799
1125873088
1087854978
1626327488
-400673255
1720393965
-566346942
-198517641
898996858
406449068
-277610173
-1784463183
1254786299
312394247
-444198032
-25443976
627653130
-746797029
-85824591
-1157447530
-1513763358
-1831631930
-1493102703
139745644
-1952485176
-1623495266
1425604641
1065049346
1880472464
801512740
-6700005
-811762849
-385367962
1228440633
-2087653303
1689267739
659350474
-1226248752
-290106841
-1174849486
-1179401764
1710339044
956801223
-931737830
447980505
-150675284
848484340
-562511594
-2105456155
-683921651
-145448550
-1468715828
1526729994
369368656
2046325092
280534549
588553600
-453505772
632698535
-180706284
-1955667666
-781152378
-783300482
903689353
-466307472
1709470926
1060532277
1257140327
1498390299
-1102041140
-745261590
19504547
112957373
1843304195
-2037722255
-823301554
794140456
-934727723
297038200
1932184805
730640945
-1776977680
-99577109
-1024387609
1379942325
-2093488120
357159577
464586408
-918333220
989630150
417814295
1469710693
-190045791
1570806527
1573331172
739354263
143345041
-83417559
1751946958
-378047604
-132156206
1705445386
-1182731117
-596953550
-866833050
1484169393
-1885765686
1558604341
27481265
494259626
1714530051
-2082090163
1599694136
-1614446996
1275424557
-1100879664
1081881771
-817914858
1994052408
153740942
1016763941
460929114
2056190458
-1507944739
-976003919
-331073607
388392534
-41473550
-1394966000
761588464
-336755301
520859250
-1805421128
1166232497
1722368041
-897188024
2134038560
480694422
-1012043686
-91014472
-1619384774
1476856914
-794205282
-690153804
-146532031
1189776425
-1369912857
-1951160722
-924795212
2045815201
-146163896
1829070126
665619617
-356891782
1372494808
-1119053211
-1921124826
1890619866
-2093132324
2061921025
1404650548
-269973044
-116735452
1488530434
2026026646
-602635285
1801744053
-145438132
-1618792143
-362997158
-1562356824
454122431
-1489766003
-317361674
-1846233519
-681759356
1240090771
315515599
1231592098
-391322711
-1734101864
311374803
-418421039
43351536
-400509030
405921227
1848155449
130110947
1391121864
-1588852341
-1696149379
-1561433556
-1632098233
2079145317
-1255197198
-868906206
1580617779
912862
1272281662
-2118173529
543364579
-1575852636
-1616004036
-2012978896
1949907057
-1954563906
-2029465053
-519699932
1323053432
-567265531
1154301158
-456603286
-740953825
959975890
1688301020
1695940669
-1230645674
-1937626888
1036141219
72165186
185624415
-63425804
-2106926270
808352731
-1030517104
-1232554909
-664719731
-415760707
-1319411882
277904052
579666125
1186189247
1884268413
-648770019
162865311
-1573915915
-57487187
-1626026286
-1109848548
-1341861123
-2091985353
588165492
-2007273414
-619637608
1396003601
-1656041785
-342623119
-1926852740
-1344017377
-460899672
-324684639
-519208857
-22111564
1761334845
450928434
-1950332809
-60449961
47518061
-1295753859
1943227832
-389741367
1645531026
1009468522
-1323183874
-1567077562
-330275987
-2122589351
-149828363
-545508341
-1329736102
590931269
1984836214
265157912
-210637116
640047142
1626871323
855555383
2027137498
482076311
-1824218347
1047412796
-111076222
1292107705
-1417222340
-1587485811
-148050034
-326080170
-1526608793
-2015873308
20638509
454809672
-238038275
1817077075
1750418851
738339612
250831308
969976456
-1671714500
1966025457
-1417953511
620058706
598222205
-910297434
366479095
-1360121757
523599773
-310281164
-1439517988
851449431
150312499
1062249559
927303280
1706384884
897436720
142021747
-1782647384
1504721331
974827278
-363484490
776951827
-1772679809
-1145353143
-968091527
-1526366861
-1922258500
490203662
-642302229
-351832177
323138186
-1149298894
644231664
992849223
777303882
-814791067
1235354950
-2913560
-721502624
114452646
-1492989975
-510499903
1714047290
-2091631879
-82947655
-1395631882
1845040273
916667224
-1706834087
-799647341
-1171973905
-1049134874
-1912539047
-1094873116
-952004752
-1086737558
-2015560810
-659173373
276889292
616070650
132492768
-332670031
-211774316
1694521590
-1193019682
225415017
1473859259
-146344136
-1180370898
954682546
-1732527785
-1691802999
2038729424
-153143883
-1226619735
142472022
-883446077
752356878
1899657050
1022971810
-1835282192
2040714470
-1420197625
788718910
-843445433
1490250817
-1591938817
-1580854472
-75775193
-672800364
-953510581
768767633
-742372861
-1189663846
859227630
1122766385
-900111294
1588293991
-885219219
505752095
-1058088347
40447676
-587204719
172726764
-131630994
1639041437
-1218970774
324390512
-1420288128
-871011039
1227742615
-418127176
-1562391102
566836616
118158789
1764999230
1784791177
-700171886
-1949947275
1978061402
394073270
448290062
-1147624959
275447033
-1380742821
1633867952
249429984
1621084812
321341604
-16288985
54833704
938214722
1106369268
-1466407057
997659476
-1723388040
1498720334
1498240099
1183736903
-444756112
2066066422
377557397
1579999888
-1157840319
-220119465
1675066722
606895855
1793198606
385095975
-1196844992
-878446568
-1427977350
677312968
684163417
1826381238
674950746
1258784241
-880465827
351092658
173282732
-1876928883
1711261844
-2141844044
-1215044920
508316899
-170426062
810511081
720287701
1455396342
24747758
-2064156153
1891609982
-1646067666
-271750444
-685218419
-63066140
1059358519
333353562
-738678705
804320981
-118867416
-549618510
-36120015
-636793538
-1253384216
-1333845666
-1673853646
1824054238
276954573
-1479855096
921421484
967207740
-1253366651
-1694451309
772128985
-95072038
-1817532615
-890873235
116138137
-207324245
912793838
207423014
-1707000975
1031361473
1356950575
954252358
-1432712745
1323983178
1076031721
-2113106342
1342407084
1056501437
27028629
-1584124080
-1787489015
17177167
-845703013
1400284164
729798973
-972879188
1980257013
1750264090
-87877098
253967075
698625299
1929421325
-106209953
-1881992799
-1314290434
1545348488
127343274
-635160671
2090634432
1364622068
-869749937
-838573726
1002628098
-1169220270
276346548
-1481998309
-628316171
1388746570
-1723031858
1341230572
-1599857291
-816427902
-643256090
-1458083499
1061902700
-1479867341
-1941037408
516518891
-482243724
-1106966278
1295057720
-657463224
-1948266816
-1558580757
435353871
-549184701
1756865851
-1818138388
1714619238
88939616
-956595983
-656965057
1716244584
-14587510
-1180958802
-741050016
-718956691
147040767
-1735738140
1807935248
-934209668
-1881430901
1329454545
351978673
-453674478
2070668536
916306913
-294072108
1081286177
-1288190780
-2059906736
445589776
1966706523
632605460
-1070838765
673525013
-2022756945
-1449289752
-1309152520
413794048
1911376147
384552592
1349912843
-583125777
-218385020
-446581921
1528167228
1892585432
224598858
-1943834467
-335469506
1981991830
-836925568
23803585
1957388977
1166072900
627114195
-1033720865
-965100158
-21615410
-348642166
484400735
-1661144430
-1218596156
-1466363963
1718038255
1190382485
-2091717775
640358665
-390273606
1344494908
2075072044
-2047861253
-1820039463
-1638820714
1085226989
1158572395
-1483654646
563132083
-1044974557
-1421576812
979982751
-1177504118
1972152003
643829409
2058452152
597001500
153758628
-576284301
1473728692
-637550632
-431173879
1941209761
-1683925532
-951623359
-1584012417
-1053419072
-1701620863
480139214
1271257321
540826851
-1953392928
-1452595440
128528601
991197285
-149130781
-701892838
-135273440
-760152347
-702501710
-213600740
983371176
1948261777
787537579
-1374080943
-196743552
-92647257
-1077484906
812532251
1899274040
661216313
-2140415459
252151915
-1091304850
-1205891792
462976122
-1122421914
1259326632
-1819048302
-1954124687
-1571561659
-1792232092
-246079737
-1891143295
979015548
-1203100306
1519653528
-150671274
1022584862
-364906896
-516322118
-1081119103
-932896385
1453332431
-679358837
-1998885526
-646237670
1145908404
898856282
980748420
550681269
-258705560
-161077907
869450435
-106807102
950707684
1378000125
2013476683
224371464
542135208
1715630981
330867049
264123522
-1420012341
-1554642629
-177180730
565780871
-717808045
297495262
1889818329
1593606954
-969678906
33107378
1104516765
289522915
-1603722752
656181192
-1457887356
391790702
1433665351
162146435
-824130902
1944925171
967723164
-1666869930
1377368397
1352431206
1494297683
-332722478
2066599805
1335201328
-1551683098
173294047
-212398577
-305459698
-1561747707
-1142929079
388939735
1164729401
-1304258064
-425999490
-2059366891
1626359751
1267637513
1611530389
-1731334097
-714534832
2141523876
-1346597742
1031348896
-1122057260
-1602676703
1705417192
1295259952
-1009314084
-2129593539
1336807486
1173348453
-2097145122
-272393052
-1480834186
459022905
1332049637
-1938492214
348952298
-1311915508
443418225
1053003770
1525125368
-715209765
-1873149285
346450606
-306371904
1657336498
-103278211
-1977893087
1597319212
-1449133473
197793744
1266587682
859399216
-1733891992
309856469
-1490928341
-596869806
4737086
1073410169
-1523594318
783662700
-1812509007
915833779
1068732862
348233648
1957939366
-1320451280
1837956540
-1189913619
206684424
-714957774
-1429391470
172234256
633410044
-917900363
-1120028940
-1060089108
966808920
-1776435245
-1786156297
194825021
1261037653
-1412000919
572016355
1130879466
-683608446
312360953
-1990834100
2095909514
-649084933
7762385
-1155773853
1238666280
-687370533
795503213
1568815753
971017290
2494446
-1875411687
1573356069
-999899600
1902838443
1441673690
-1955087946
-1102802343
2099541088
-2100809074
-1749092053
-1235164598
-546899282
596469330
776100210
-625601391
191537464
-140189917
84310862
-32768760
1373404823
-158040633
792143725
456719702
-1199561584
-1300467731
-2143265863
708192699
-1451532407
541715603
-1025877523
768243211
-2024146633
-1808870745
665815916
978136826
159281820
1772228081
-497267123
-2025831525
-1768953552
-1543051729
251002810
-628677854
-1631282338
106404993
-548939910
1023881969
-236208079
2131884807
-1161205557
-1446305583
-602888625
141212360
-2009342859
-1970104961
1388072485
498525141
823670811
1531710315
-75893917
-465007699
-1765128493
-1047605829
1435908523
32413155
2102982393
302474133
-866652028
-1675797762
1205223744
1948838814
392995476
180378015
100527369
681192381
-1271766002
-1223469591
285984247
-2130880221
-1087663000
1541638940
-179890494
-1273111409
1350600529
1065341827
1598717260
1216321230
876497122
44624528
1156344817
1962895745
1447096595
-1589564092
723381282
-1142093790
631978608
1133346004
-1319471564
-1795009208
599019531
1741629321
-107154827
639422506
-1867512140
-971441177
-159697024
-2048797087
-138087065
-1983911407
-1857381934
-2034319887
688333061
652859243
1027956892
-1874719863
-370856121
633571457
1137849306
417024266
1614894319
-770652889
-1903437916
652427333
-1938918593
1398282976
783861955
631676425
1289558191
1780343171
1959235206
-565624484
-1697949479
-273127909
1046336982
-1795638521
1560653752
1786863631
-1277843064
-45563561
871785489
499586178
266689522
-990077918
-1809572560
639749116
585364928
-148058872
-384327721
-2047312311
132464136
317224954
229369459
-1119233887
1107668891
-999927808
1464535185
1098711560
351268765
651234358
-1563581041
676315639
438999383
-84432617
450479766
-1037177540
-1638501557
-2065040899
-604410937
-23577314
1400005000
-1139912984
-1452263244
-151063356
280734015
516239997
-900008943
869726422
857102743
142378066
135974570
1660304740
1397943741
-1620872344
12166552
-1615942137
1600355390
-771416840
1628681135
-622005179
837027736
-181939342
-1503238598
-971849671
-578894835
732647874
883640553
614102899
1894672058
754998996
-1977533174
17591836
-1175596568
1333306714
1070952439
-1079243170
-762989918
173392844
773899471
-557477374
840819591
-865412944
975545704
-1209322918
-876500767
-409727205
27618948
1090187872
40049141
326889335
1011084098
2108974879
198921116
1398700165
1606587350
-1925701039
-1322643438
-956939099
-148601988
1749066569
1062297613
-1900003499
1984387497
125760019
1297465617
-1551454473
-477332861
-1283241768
-1431421694
-1997760810
-353279341
1128034183
453230330
-1765886614
950862265
-2120307278
1372121437
895460059
-262975137
1890416309
389069097
-1694968893
-941647375
-1506724835
1637583506
561153080
2132351884
789893702
267866829
1020317448
-758313483
-939723963
2080973612
-21727930
-1819006004
1986325512
1281575274
1117919749
-1870054144
-1280577604
1445765448
1872426595
-1564912507
490671470
1678961496
-893498935
1567470917
-1867324428
-754238185
-1000666512
-184905133
2053779469
-199172543
1498257958
-2135089562
127178951
1707353953
2113766225
950443652
-1557963231
1410348455
-1156873676
173634557
1325911536
261588989
1577082480
1756909978
-773217530
1253366107
1448171726
-1978200042
-2084457840
-1084306342
-2129186501
406836685
-1817736257
139607047
-2145318637
1232504243
-1528369751
827344378
-2082691678
1305454983
1935423346
1483366822
-1356736794
1070549831
224736934
-1356326671
-125368678
1570206182
-22677527
318191110
-222219409
808793404
1219984850
974158442
-2064524132
-1676239555
667976210
1376269133
-387341927
1067630701
-1344887588
-1193066718
-661743066
1452332435
1011396225
-704751503
-1996379502
-651023188
1364772697
-1096893973
1242454073
967721762
-526923287
1340108735
2133123661
-445683907
1174475586
1579674155
1423352537
837918425
-985107033
-25057963
2127100931
822920537
-1186844302
1236531802
1586714001
-588376869
307697719
678718887
-398397779
1585745581
-1686815191
762515080
628590572
-714672386
-653271620
-2113684482
1490037132
-445556776
700928396
-833199404
-134247939
2143502157
914114684
2074904820
1094703266
1906781424
908040226
-150226442
1598419160
2139021959
851595618
-892229383
1797798198
1800899582
1602222936
-1501029450
893235990
-1450970467
-736683909
1000600273
1767898708
-1865797763
966941182
1153164146
946034005
446009656
1311188345
7910932
1279509835
1366599903
-1194045240
-615899492
246884022
339128880
-1323943885
1074299309
-1765303763
159042312
357798607
1901935418
1376947549
1706470934
-42424029
-1722795428
1568967762
1407313105
-1079193075
-1292695963
-1339399435
1917691051
216553958
-1324449484
-1389079851
1761659782
-304138268
-46531894
1624269097
1483911015
1360475584
-1575523811
-766705387
-436816536
-1085903464
-1025908948
893754924
1507189747
92357141
1459126867
-542192842
1764942893
-208849712
-62802721
1269831986
1722295983
304103153
1755784933
-560604514
660021115
-1221947367
22345295
33904373
-1709519571
-2017273983
456338231
1715614328
-83951760
371948387
-1156438665
469503537
-1992224589
1357472408
1991757696
-167271372
2033583901
1011561602
-1794332053
802612264
-2135076674
1816802091
1208289101
1354224645
1134989062
-946072658
-137100850
1444559134
820258170
-933267243
163254268
1150831969
684425124
423818243
1587690332
-931199778
-750828982
-1583304620
1406293826
-1084840059
-1582375965
-1106826238
1273743458
-1800092877
-2019940282
390702090
1959375270
-911427089
-469820508
-1095166450
2041223745
-943427472
-2113754952
-2066678659
1156899075
178708706
243619388
-424597264
-1551986449
2133235177
-1503184994
275800279
430271242
-1094823451
-314163981
-722886572
838678901
484337271
1505562156
-916445338
-81281091
-1556512700
1909974406
-93014710
-540353422
1949035257
-1546117817
-1566009827
-439439370
847548814
1136026790
2136041158
710335638
614940365
945737738
-1851084014
-343460898
-1301028331
-1147062153
1692455455
22373672
-2116625317
-1601987003
432186622
-2136047242
27433329
877363986
595467156
-1320130431
1435695498
-1972474119
-1733975104
472150801
-983609603
-639036157
1861936834
1995042447
-2084047799
914344669
-1185056550
-1747698216
-1780957607
157435851
-1006477521
-2119584941
376033032
366468828
-1912369166
1814919237
175934438
-549935009
-559623997
1852839267
-2136294084
-255111531
-224553133
-163090264
347740493
-848924249
1083035722
1793610856
-121192482
1462752986
96317546
1973998501
-342136327
-289220864
2074538995
1150558113
-1611247123
-1347764175
-1245171639
1408082612
-421128296
1437933243
204020692
-1622510497
-799398681
-160751274
-1677660121
-1782220128
213276317
-1019179876
727599715
1883491463
1358032212
519696823
-1597887011
168045065
-1060762943
179510363
714476798
-1542611693
1609580348
403303414
780074090
-390162462
-120460418
-444527578
-1810992028
-2030099311
2080209579
-1552859029
192103537
430832115
-1781614445
571946781
-2049729222
554273186
-1791244236
-1883826272
1277383862
1179867992
98598531
-408010795
2027407496
922569084
-685890197
1675551955
856490661
831877888
524675861
1080593110
-322567111
211744361
-1939570326
962300023
1009539787
-1949119953
950645205
977602845
1062298526
1411728966
-1227953843
1398031027
87417178
-1616760068
-544472942
-1229925733
1275250668
-252022523
-732314442
-39488031
1034445481
-1061450028
834012126
1874956467
1338456249
1423630123
-199941559
1632057616
1276662706
1539499253
-890668143
-782059328
-239022973
1202399315
-1394011087
1191426691
-531185005
-487601932
1816026951
67081869
1092362537
-610311767
-1059513190
883388976
1012258574
-1731522249
-18836771
-311154981
-303274896
680377455
932751924
-334158782
-1746083064
1736236412
1478470392
-61947426
22015103
713454715
-2088590153
384283544
-1512176883
-2006651568
822264190
1219270080
-547397533
-922022217
-733607591
-729037757
-356561205
-1124645223
399661594
-180686563
1806266508
-1652627552
316249945
-201642484
1219074450
1058483213
-1102424388
-1037607546
-1086513330
-2002054712
579374200
-578535700
-590429477
1550476216
-345637865
1929939454
-41641631
-2005957547
-349539973
-1807299183
240752318
-446771846
-2080897502
656768
2071109218
-2013554305
1624766122
-1034871841
2017017466
903629191
-1853829992
-1981494922
-1698399920
371711253
900653140
1971751277
700072177
-1562579227
-353077385
-1351707581
1901758735
113978105
578224969
247076356
-1810951383
-2056941071
660816773
852104123
-1830201112
86318495
-1153805986
-408505308
1563048140
-258434342
-826943802
-746463322
428165383
112708754
-1792936467
1605331839
982250664
1574775845
1357882631
-501726144
1472907004
1596644080
455770706
1385253756
-387610320
1062508839
682189911
1490410684
1973753403
-284043799
-813618577
2003905973
1337198842
1981295758
-1313500792
887160252
-1762285412
-2001738941
-543420119
-907065223
-499861696
519651033
-1457453901
1642590171
295569115
789757913
-513825560
-366309045
1498740831
96312539
103857
-907544029
-1498527463
1159663127
1206062107
1407053665
-192949670
1410481724
-1497050974
31145111
-1464197287
459797632
-1633312334
1744911910
-1989477033
-1095873544
988854890
-1688773973
2006346244
-1930687447
-498630238
-2020073544
-851082207
-2006944034
227058991
1516697030
-1073651098
-2079219909
1578575205
-375873686
1810494629
805346834
-863496995
1848113095
2079806254
1383872372
1309020279
1762894915
-1275715467
-2088778357
908440482
1375251837
-961158926
-1080722265
618040538
1141453694
-655725240
529554582
-1596959118
742240558
900719273
-1830591689
-1097566317
-1500347640
246592887
413193297
-820506237
1460315409
-1913402833
679848608
-139780822
-380904442
205174914
-1490909647
2062900434
1043840468
1539742916
1333046255
422192686
-1658303156
-722461815
911665788
1075857565
-441574122
678787981
1247508548
1259049903
-635884058
55835092
572333776
292143591
972356590
-929055726
1294419799
-980628542
-919375981
821953868
-981877606
826861304
-1001806494
-2089054018
983971313
-890456575
238862661
-2102184193
953352096
-1173460006
2060206321
-1579728541
-1227926418
-1960777720
-2016771678
-781054048
1142635640
510660317
747334922
1238954931
-611449534
-212606471
-665026170
1670801412
-1771854066
-1352786669
2021173650
1790903240
-13980815
322853625
1310561919
-1418276442
1234266402
542443221
1435472483
-501027684
78293268
850238897
171179344
186484516
372181191
933037116
-239474233
-226443118
-1614696997
-372706098
-1144288146
788458687
1620319974
1412024745
339374849
-1727712789
-819047034
-1897388159
-565987706
735027423
1977441721
923552829
1068014788
1323576146
-1852041621
353175039
757816565
769399949
-462493872
-1968662943
-2033779782
1220147281
-2107342860
106038786
-336301490
847504376
-654642161
-165565376
1723766014
1421409753
-1664497379
-1646268602
-1299616552
-155564303
-834221778
665681992
8976546
245760702
-578507014
624728077
-1423013619
-5328530
-1423442120
616757165
-1164760022
1055197241
-608197841
-1593527908
-1856447459
1694403594
-1619781492
1532231398
-1427938033
-535252380
-1143387530
-1990024005
1281701481
-837636989
-1378064417
1669705262
692818750
1964392641
260590365
-1026261447
-1269246456
-427141573
-705673544
496532996
-1871529066
254809780
1346005893
1276308326
-367662779
1742064312
1052744691
-604861525
-2084625810
-1558653948
-1580662620
506152600
-1347559138
-1201509851
-1747471809
-1786909269
124470796
283180382
1960619140
-1944144986
1488688071
184181710
596926112
-1328736178
1464838447
-1848560430
1905945794
127421552
1039085349
-616958296
-2097187091
-726183388
-1339331195
354615892
-864814833
-1869849259
439745364
-1640218170
1756928083
1331640447
779468342
1926900796
-936021581
1037218234
1529343266
-2132695835
-845201968
282416120
2097285720
1111531463
-1314234875
1024323722
967116945
391229665
523839161
-355943192
1291915128
-1882789485
309590772
1618086065
1657574233
-207968194
621743412
-1023946768
2015933463
-1538572761
837474689
-784618080
347608931
865111968
125414591
-1437404558
1024242218
-1912008087
1009110338
-974462004
-710658737
944623187
-140961625
1459840789
1022497178
565396518
-1870648607
731028783
1467041519
-470327612
1970299538
1405628997
-1045990718
-1199910259
-902211941
164586950
-1398418998
-324628731
375361782
1398476464
1496066292
100935348
252158658
154607633
-1352873574
228217165
-76159585
2060415434
70264052
-7541742
280526396
-330051178
1573495502
571612278
-598313939
572366922
196521851
-205227773
-130551039
-75792547
-79940343
2138332286
-1465317229
2118898347
291894197
-1592211640
563704992
1545017973
-137466463
916615942
1196514714
-454596180
357390788
1316617348
704380603
204110958
-64630239
1050429398
-404315300
-591383856
-80957125
-1462336832
1365476230
-1020300322
-101526841
-321558185
-1339730487
-65553185
-1870255197
1842458855
-1679709620
1234559196
-854070010
-1981956841
1280664357
-1464419229
872752889
-1166605493
1856495082
-260382328
-861757946
1128251465
249471624
714768428
100911150
720102430
-1629705390
-1284960639
-1509939937
901142594
-662332836
640447949
-113678938
-698219526
156135434
909363053
1578594
-853789955
-133523741
2134228508
836485562
-1731444134
-748857174
1094684533
-1355367152
1102493592
-1926950737
-637480522
-524479178
169354782
1723248482
-1765180986
-1242477024
-1933670699
-1072340184
1817916792
791734747
-118626805
314276465
-67131887
-361895235
-934835302
1279709962
-1805041913
-540949282
1027146057
-5477713
419220747
-625380666
-1863672975
1908139236
-1216485047
-16670361
1023109091
-923461116
1660476654
1981097805
-1445812471
1581187993
1063827690
1593785107
-1943194806
-1523541522
-1673484810
342236440
-703628621
-2070841629
686534872
-1624627085
-1498747181
2076267008
-1782147355
-1338999005
-1806692635
621980107
2051757767
833602955
-512462796
-1458164131
-966882944
-1966563044
744908987
-2137407182
623560623
647687763
1455308811
2079792705
-67723504
-39591450
1211566705
-881098164
1260772425
-2076145351
-1097362857
-1485643144
-480301854
-286040553
603321322
-67729120
-1730454123
-1681727074
-601436419
-28824603
1668528327
988967545
1003696940
-58732791
1868122454
397791828
1706994244
-840693251
-793311851
1720913548
1064895714
-1616281288
-534960492
2049818662
340643161
407873865
-827052124
460445443
-33717031
-258070737
337275417
1589863505
-722792756
-1113103896
1287051601
1077680195
-282464637
543824199
-1837569291
475424515
-310363375
1593120266
1806460798
-68056857
-113676937
1569539883
-170245
1368967651
1138060545
1703403638
1128287760
-1783899074
342982126
1485786715
1548621633
2125275784
-595659178
589501189
1820683376
-304732981
2016795976
361750698
1988449444
224503040
359651378
1889436964
-255952373
1090389701
259656325
-267552063
1321487425
282197579
372427673
-1982713258
-1156087086
-5719403
213014221
1667000986
1589101565
-1803944226
1846270450
652683440
-194874437
-908730534
-1750694423
1065887237
1329655551
-1979509471
-561740406
-60307620
-1071073474
135929192
-1178075449
1872294182
1974751792
1146525681
-551255536
-592884458
-1432100392
796629188
-538080263
1534579957
-1889486654
-172039905
2102983962
-1368869198
-1217433973
2021274538
-2104054730
1022027196
-1773127514
-702466066
-640911713
1303702932
1761971036
-1259495160
-937921832
1952700829
913655572
1838844825
-1431230084
897599030
1230566868
-73185536
1045821533
127594250
1588976903
-16187957
-658504721
-2123149658
1948116864
333836650
468081383
-114285749
-1517900866
894188837
-2098319329
1893395717
1670648433
-430353329
-758493508
365738236
-1123524291
88518587
1931160721
348900873
-924602947
-1143775633
554909382
679415435
-19333942
770272663
1413051572
1020601211
-1990225412
-1105372228
907934995
1162527934
738931568
-556463307
-927745705
115126970
306079179
29812701
-180157610
-30984916
-638196609
-715574267
-703551187
-1342295241
345823821
1534374060
-652328092
-471451457
-1462919670
-1361242899
-115914416
1703410935
1675294629
1716848824
2094041017
-1447215560
1295659367
1190827716
-1678385733
-563149036
547780989
1822706116
1524392945
-1620397909
-1436919885
-1227462440
-1775410737
1993619004
-1824244862
1449854790
-478104241
-80630274
-1243126196
-226567319
-733769521
1618279216
401257957
1574965481
-1498238151
-1708782225
-1536486571
274434604
1132297828
1008812359
1212123611
202917131
-266760263
1921168907
-407287243
-34089272
-1541095655
428911848
491396638
-336710848
-575821826
-251378376
-568324072
-994954404
-216456993
1815161363
493701995
1951108813
-1411562279
-545127124
-1392543636
-2011546377
-1313803381
-53949735
-902162174
-432115411
-1403458751
1077883763
-1514428058
386377247
1898570067
1090844128
1781369129
1048865936
518601935
-1095854227
-1069879173
1068757323
-1389602987
-883890976
-89426519
-445288873
-303011774
-207460147
711059175
375454569
790855185
-1232243928
-1899463601
2071490970
578365949
-1071479269
-1472223703
89544281
-362036759
176438297
-1615529107
-76807774
-1107993468
1868757811
-2065953659
-868256913
2140793768
389024170
-606396842
1873579119
-1978787581
630511556
534385025
-1942708747
1532807416
-1372286237
-771622427
-1583184590
1495754695
1586189778
-1201657240
-1661418073
-1279564566
-216036766
1845999863
2130859732
611942594
-462467019
-235356470
792074549
2092028019
877460697
-1660626708
1797793390
1860279307
-1275393768
-1268994822
-1362923324
-881952023
-544669811
-1763019222
1446602191
1439453788
-1191690118
1935269519
1866238061
95558282
784903897
1005430938
1056323066
-1009021550
721066672
-1605899037
1819740861
-1458297611
-1701544791
-1403916247
-1218143836
1261046065
-1752148255
45929879
-811701452
1814943662
2029899520
-1050365624
532641722
1196319454
1415796105
-93077747
2030080198
-101855073
1899622002
1455145325
-1907135015
159365859
688156407
949472493
97865821
-1919535470
-1791212374
1661535120
-969706796
-75635538
2103122382
1390740640
-1467304108
1143435704
65661669
-1206578001
837765426
-669046959
1056137608
-1353629224
-1319098883
238646309
-272594826
-508360630
-1833582162
1386581508
-56349458
-1422968058
-732284387
-880438703
-955612864
62862567
-141767243
-935475041
1833424033
-1929538077
282691947
1067641752
66745407
-948236145
-1685495317
-515269599
-1283389035
-1001124888
-1637995500
1035428539
-599258625
1624776015
2100373670
1515709228
902171536
933273301
1765939002
-1625348515
-1591209181
1954801081
-596638606
-2031346043
-819187792
-475603666
2037663600
1464650119
565835488
801573216
1338729099
-2106092135
1923987170
-588040519
343849792
1029958693
-884706945
864639327
-860005018
1847985907
400815211
-676044543
-1956561499
-229608569
-1814322466
202179795
-765350104
-1939871545
-311442333
-1230189610
1812660369
-1604562207
-179671824
-818752164
-522292179
-2061223573
1519014453
1177429451
1031604072
797303755
1599676984
593066912
-1959608957
-1600397352
1316499233
877719735
81748355
-266809663
-1848933294
1630137289
-1135283348
1334352941
-1176979269
-1948637644
-1861012305
-1421114461
1068503659
-1159542270
1003161568
-344881108
-754200727
1937828899
-242509909
2145600055
920299460
1408558845
421951752
850339772
-198714136
-1215932122
-1938342739
-283069790
128215602
-66925456
1762534340
-1497822875
1983523527
-1345238747
-8066082
74911219
-766834527
-795518573
-1447041498
-1655245097
-355759894
1761624522
1439485401
-1865427303
1888045453
1628925859
942936565
-2020100765
2044937224
-1826396411
615024176
140320999
-1421678201
283815523
2051845931
-1414572416
-134058962
-1659863160
-796647961
-1338217577
-1923233354
1537687702
-977629576
1360992328
2094099259
-1887237813
-1846428169
1869350980
774008403
1339603078
-1769854020
684250616
-528880798
-1350935031
-762693172
-992668690
2126368044
214563968
1531601040
-1932523405
-1964569173
-1417156670
543451592
443285370
-1078039518
1345471318
-119609666
241850048
1835397233
469722424
1177376190
-341202896
1151782827
685056219
697346757
-1442728312
-731871771
1782267506
220934007
-69271493
351222096
-1285053845
140373590
-464905063
-64177526
-949556933
-843768527
656754476
-888097232
1598847840
1795963609
86818149
-114693193
-1216258653
971625498
787272312
-881623685
-1728495202
698229737
-1616192125
-1868124648
-645293443
-1112603943
1097623029
-1906663687
-535381496
349100500
-1743113683
357098541
34028000
1715702790
-512549791
1093075329
1068381448
679316508
-463679039
921838794
1902187943
-2098294611
1113513947
1955312002
-688522485
2050137080
1408676929
-77958763
-340526095
395659984
574190184
-426934403
-1584477949
2133368531
-937245742
-1042596468
-1139051615
-918439966
-1438775697
-1201148280
-163291933
-2004668212
1716092224
1243923324
966693086
602149708
-464951490
-1984859443
1134760486
-1080191179
2038112377
852995211
942856596
-136765205
-503926397
56164361
1777634889
2140877589
-372281074
1245513390
-326682126
352274320
-932537389
1448536077
-1300923059
-1532771418
1791821493
1486261043
763955435
-664503425
-1844490458
321587521
-875143626
1282767063
-1002820151
-1061079751
-1428874059
-657000207
2109919065
-2004726500
1683578766
-1892231734
-486975544
1898194995
-1551438004
2112016018
-784731221
-2002946387
-232829982
-357407913
-1311564844
606463594
-451423504
1946564611
-895881408
240337173
-92961212
1969631880
340772659
-593373320
1581266594
-1071200167
1535797665
-1144533494
-1321789752
1913728795
-1073578544
-535290163
1577908907
-1416534884
-1908267206
-1775016874
429049607
-2019016189
451406519
764527149
-1415916266
-519106999
1129333211
-1286439338
-372748642
-1260567576
-1212514148
-1787617233
-14039503
-623346223
1294201144
-967235460
1403948976
295813026
-2090972587
599176896
159030544
812813592
-862657687
-1685868594
2081743712
-1806727999
952519515
-2092287586
581471242
1790800374
401483114
-1700880284
-615418280
1533086216
989163598
1585969374
-302985926
-1010775879
1681759132
1512051693
-108087994
1877188590
-2030235794
-2046388377
-1139124481
-1627492703
-555087294
632049707
-106313383
-1878166756
169539874
-734457483
980394108
-1772737437
-472797691
471840114
766780616
1419861745
1247352949
1503204118
142374425
-1362874201
-2106366863
846724397
-2140528821
-284520447
-95378540
1515560624
587324928
-1484498294
-1830525834
-97073062
-684678496
-782633327
-1024271279
197133177
-1361965919
1566856221
831817447
-2095612407
-1335105785
-863008483
1215914147
-856611842
-1836685010
-347177756
-1759305986
288520672
708919239
-1797695789
836766500
-882832227
2051121696
-2007522217
-406428970
-1444443494
1310062503
649226774
-997563502
-1586832886
1425002928
584684644
-1006148624
-1423327101
-178438795
990608123
2012651342
-2114523186
381071966
1600416747
450140079
-1173976066
-595124093
-739806769
-1080020512
-238715197
-1870142610
-242169535
-80941092
1451371519
-2128437979
-300566129
729017713
-468493415
2030517606
1006421166
-370834654
1277389970
948222260
-1879809426
-378031281
1301488981
1463236242
-1006781713
-1907636845
130594130
-2071547762
-1067183021
-1517833108
-436945971
-610445440
1288759220
1587958049
-1801426958
204288403
1817694552
-1102364192
-579533267
1490075524
1565839395
1406549542
-1554084168
-968185430
-458586036
-926732957
-1053816460
2024061237
-1969914541
-1852109859
-2012620035
-730947142
1763997490
1712568788
-1506849032
-10395922
548767442
1597708518
-1946553426
1152658097
685399488
-2123621452
-126969122
1790725966
-1426199264
-1030575162
1256264654
1900108289
995131361
640518571
-128912733
2122543545
1797178418
-1916040348
318437618
-58075618
1493923891
1085529346
104854422
1563151060
116043247
-1237375090
1773871555
2040951553
-2055677302
-966671832
1500477787
-1632214772
-1827199818
1497715058
-409707392
-1470898520
1868146283
-204310226
-1543531415
-191024880
-1463052841
-370047963
-1766611591
-865444461
135825810
-1974262198
1945555085
1304048211
1661553685
-1593787105
-506964587
283154249
-1246367124
939897432
-707867803
425356171
-130667990
1853482173
-382492467
380334801
-1909198178
-1605420204
-628286746
1022302005
592721219
1522714302
-969317202
-938671303
1051455868
-864807711
681739223
-1945184242
-1213206656
2066455239
-586397989
1227129875
-1686622574
646142149
-1408597932
381222299
-1995472266
1546853599
-540073079
1724999155
1511724063
-2097936533
-815458741
1846335650
1236056492
168113651
-1914319870
893086450
550394261
664123487
1694825986
333914031
511954209
-1376373677
-1943071454
-1483615442
-354159077
817289942
-1943267185
-1508416624
1908472772
234656819
-335399459
-892102328
-1134370037
799180323
1810904670
-98593831
-94964229
426465323
403273143
-172835100
-1031164300
1607981635
-1836962384
1253020513
117970973
342815160
-413914294
-1343968980
1243667865
1520234578
617693462
-867246909
-630426376
-502351431
-2009462076
1265732942
1741102959
-1026598124
-809183750
2061907679
1287565387
1656027378
-840317850
718597369
-912175325
-49006739
-1719239914
-1239713450
-143021747
-612401012
750580486
1996563172
-317176174
-1429615383
1184251642
1320247569
-435096283
-522530157
1521179278
-1734869176
-561086256
1214037557
61036170
-77761350
642656623
1294588535
444036731
535458913
-1137210206
31639971
1784877950
-943326911
-1709377859
1652307340
829315166
-409906448
1887129347
-1961027157
-991941919
-191236520
466621204
1419053962
-388704674
632362684
2072974755
-1975245468
-1476637805
-336246024
1562965099
516192013
-983823947
-801455348
791574883
-281075441
-1692531513
1635963354
-391357648
-1219133930
1345789231
817614638
1922961626
1663630989
-2008744827
1913558527
1410182338
1754438280
-424907858
-997252364
6419155
-700121628
486438441
-1703274711
29040119
1436734124
-2042892632
-1904139470
307366093
348442046
435431650
-1438343585
-959140456
-138321491
1958018215
-818360767
-1678364294
889338857
-871406028
1780064877
1779953377
-1366167523
1960138696
-1309153153
-2041302208
-1542556200
-1888841609
-1961411487
931832834
1418943598
-246707139
-612091699
-610697541
-1883711200
1233838421
-1749111792
-739366752
653464442
691445451
-246688497
1951056185
1869566972
1033666640
197192847
306555988
910358780
-226686131
521567920
-2099034308
2006603210
2058021177
1813600442
-856081109
64217109
395645743
1507200795
1309552380
-715763828
1762632378
891838384
-1419795932
-441019448
-1348969485
-1637354429
-2065470750
-1431518104
-1450097458
-1195357868
1270416821
1235578749
280812975
-1285964516
-606956530
-441521624
-1913860285
-1839854898
-2132512697
-178747518
646783373
84063775
203787475
924047803
-272412609
734538504
844763829
-251240059
108646475
193238474
-482020555
-1623437390
270916280
-378685646
-197893935
-552387301
-1767993159
1250244894
-903322766
1119747268
2000276730
-127973569
-1672348705
573631549
-69978563
1655926815
278694518
2044225098
-2135988443
1714164326
-254120680
1500593094
1298808658
-580330920
1397295205
1484084931
1594143149
493687713
196063273
1745677302
-1105091580
1392169812
-2036325611
1050074706
-456215592
-1628946895
899059121
1960917234
54719606
1284271910
-1943910255
1532289851
1350761028
-751451624
-887110202
199619393
1139394396
-898398494
-1163959913
1858880105
-1401197218
488202397
882641521
-769775536
1138718849
-1467820766
1835004955
-2120122389
305035243
