-1529345034
-1478070241
1375188734
-730516949
-980971786
-309473214
1870584937
191389179
1271131675
-992918618
773352427
378030817
-2144329621
1916195913
1135969459
1281396509
-179742410
1502034435
-354629717
1173908564
1550335302
-384943710
-809684532
-579781301
1854125907
845107798
1608763308
-621315085
501751740
1424842063
-915937701
-961567835
1510779764
-2104884316
-817148560
1092121517
-1025747398
-674484618
-1895287202
586176012
208059404
-1062546091
1746472203
-2109477255
-1975478819
244043489
1055563171
-534243927
1512230277
115115956
979553192
33670352
449993976
1917109119
456336973
-429738650
-1505071942
1658965107
936373764
2024388910
935683474
-168119071
-1537646763
-66974093
114878845
-1719365852
-733063439
-28494700
732162021
1373093822
566010631
574031043
-2075311854
2120601024
-1139501611
1567363849
-184242976
-1353624209
84585857
-790193268
1352587442
666894628
-582261464
365330452
1275130022
-1277645709
-1301118153
1835866571
1360988170
-203549297
-1258784518
1876812612
-896264947
972603629
-1126324366
-1812906306
2115072953
-1941376218
1745132906
-1040786264
-582015968
1661199649
-1834376500
1329170024
1778726869
-789735823
-1300814544
-1884401321
-1526062434
229827067
-325330507
657817104
-1170677145
-608323365
541108244
2104723434
-1652739464
676833159
235516657
44902594
2022915562
462227765
1412370804
695817469
-1343519401
-947548806
175050264
885552076
-285545520
-617810893
1524956866
-605005902
1414143763
1683039144
-772994539
-1285506237
722915069
1745419501
686714372
-1466153427
-2037618627
663327371
-1150608472
1598971516
1623279178
1908778336
1816968275
202787353
-1593798506
-1316123709
-1605078044
2082759827
548943619
715384555
-887884708
1196322081
-1612332650
1620953745
1663809201
-250859289
-1068243094
648755922
-2114753310
-1138879112
-307879706
-1311824806
-412155573
-1330428005
1582213426
-170118465
381925178
1442681426
-1705073946
-84006614
377897153
-1300422121
-1478011900
-68312772
2087968205
-1708214168
-862016216
1717982254
-1967794057
996873094
-521629699
374755898
-1762659687
1391365752
1284081907
-893465543
-565208924
-781435562
-1201737682
933581709
-2032472655
-377484861
1170449857
-1258376128
1788609749
403149754
587717915
1030409581
-2043290696
1797380750
-1076515903
-1154806818
2000022120
26341931
-876392643
-332174602
1749965930
-448706399
-672178603
-103800879
2010269458
878854115
-1450026624
727208617
9335060
1031544779
2050248341
1879607931
-72450214
1068868704
-236158011
1353035497
-855139561
-364663717
872177099
-936131487
1595860251
1077267432
-311036575
-1978022273
1121143401
-114112599
-1145958411
-37862224
620203526
-531416065
744517532
977184023
60988435
-1603734389
-164057529
983380403
449411614
887470066
922818612
1776309184
353855668
813468640
-1794885210
962568542
271452730
-758860465
509940695
1210163568
-339696900
-1663698679
-481481427
1928817094
-157628794
-1639325589
1072623788
271678334
-1126955470
-125434261
-66449236
1637581223
-1267239678
1106227419
642179275
-1843210714
318706863
904477166
1838734116
744878301
-747601919
-310505989
-1322793792
178857225
334063201
799687041
1128408396
563040491
2000661676
-76086422
-1798109684
-340040790
1027753801
-2114621549
-2013254641
2137644407
-1218109059
1588954508
-785038940
-1235243534
-1586256387
49235868
-1724669172
780014795
-1953841980
1181763079
-133840272
203516076
-715894233
-1178592622
187717397
963307606
-141837531
991074374
-127218739
-1393296886
-780956925
197571444
1959502000
23821609
156937752
312305145
-1376996340
746852894
47701477
2009338819
844539545
1755610235
-2009087384
2139239315
-1614688527
-935754910
-1471458127
-1626193916
330199102
1838871590
-366389579
-1456851765
884811828
-311710927
1653535841
-1925702593
-196360126
-42547417
1091101170
832270619
527044099
-1383437749
-1894806653
644634755
1870458618
351448609
1467361767
1206777924
-316773506
-1807897259
-1644834632
1708748128
1043537139
-1575237669
554879408
-343726392
1913516858
297633110
363581751
-1665882005
1326306666
-79513154
-127399876
1345387119
1135090111
-236662724
1597091655
863652029
1418594514
700473432
-516358449
1741911747
-1848975350
650146133
-941903672
-2032096396
1486554962
-1183838245
730009472
-235529837
1989438988
-2086856234
1582538155
1515489329
-540851388
939615390
1621535676
377970548
1138588968
-472538792
1912041077
34618777
1239606200
293839771
1500670657
2093504571
1822855865
-1629229483
-2064692543
-685756972
1763321582
30190320
-1190498268
65686404
1744964234
427191984
1922357179
-1075434735
-1153592096
-459443618
-840555957
-1089704657
1380249948
-1181999062
1694881445
-1746013184
1294598582
1218845645
123613428
-1702125091
545828707
-2116474642
-168029355
170180694
312893519
-875850810
-1014699091
483808119
-238583095
519438342
-2142985547
12967245
1757242559
-246365705
910354521
154555816
1746782762
1058743779
946893122
646863393
-1950812469
-725268045
-1879967311
1195563614
-67494121
-1553240871
479732110
352961684
86602863
-690234769
1458599360
1441560141
-364494701
2014237088
743258815
-1274415766
2040710232
596250694
484887654
-1118489237
-1244476007
648012756
-1559058675
-23335698
-921094037
-1156324234
1438215639
1726398325
865062804
78495350
553026119
-636764308
671629372
2045029857
459342105
2136509545
-1067707164
-162230166
-970508209
-339111499
-1295193192
1968681357
388164233
-1969739510
-1904911520
1529787639
1201533849
1665246622
-2212613
-439205084
-1645993385
-1647998112
-271365425
1646287946
-331850831
2096723584
1624067098
-1060014731
1250974469
1203074869
569851758
784319475
853255090
478406074
-717801381
399334129
114259948
-1934888296
1727718509
291241829
-1686443825
991852331
772991832
1259591215
2139313078
2118175326
652713585
1894011002
-1373970227
285842872
-2096845984
570227304
2009585381
1688217244
1805698580
-332263442
-466823033
-806479924
-425624074
-467993605
1248812619
580464430
1223340641
-1502140961
-1982135703
2095143891
969693776
-1589137173
792031632
2049753140
-1453812904
-1462562220
102765814
-119860034
429337561
-256794276
-2044606032
462302864
-2010440592
-1051687501
969161027
-1901220222
642884783
-1857378279
-2133481606
-188212119
-680919280
1305315656
-828814983
1842606744
1303371813
-2143673583
-21136878
209149354
818033940
-275761211
1636851542
1369814143
1429394755
1278522326
1449186671
1313729667
-151839922
982123964
1803727533
885362230
-1656972991
-1495560164
323664094
340782567
-1126933501
294361639
-1379416095
1490660546
-126193136
2005230144
1698964861
-469973491
-1640060566
-2031405343
-1326256530
450997422
2123282641
-49104449
450561217
-891929360
-1235138511
-950030037
-1789784223
79398534
1948552283
-558888006
-2039521552
33010383
105802231
-888014296
235391963
1286179675
-1109961799
1705460601
-1707023960
78603437
-305637421
1193752416
-522523759
2079027522
-694677334
2091049700
-583616938
306954450
-812028724
-1606063295
-1374348465
1169977301
-310738400
2063905548
-1755600704
663669576
-1711218594
1825877401
353041264
-1337430864
-1575741759
892470432
-1169646212
-663121314
-1291951877
1811870750
-2094563736
-1855309835
-774459543
1157070968
-1762174858
392278825
931561096
-1263506714
479500091
155506889
202453414
-10057714
1740084078
-494735874
-1813388068
1176132847
920336387
352971220
-1920996805
399386112
306209911
92195578
989423172
293252248
-820731795
-1937832507
395755421
-2119070064
1259861114
-1736683910
-1464805886
187292710
1049033788
-585874484
-1829817223
-1109512156
1892386225
-1428570717
-328027447
-818829760
835146181
-1650605026
797194796
1627608006
179423788
-1818070309
-1373724349
-336714124
-1883586446
-1509798795
-1599745207
1282231716
-734950833
-1237663154
9221771
-210005584
-1894707393
-1368329075
634291735
-1010418287
-1564042414
636743274
1530368691
183664329
-1307407552
-1712332120
1287954193
1157521283
1111434688
2004495459
-1004582080
-860569865
-1042598375
2018908171
-1129233564
-910300141
-1746191368
995014832
-1976621655
-112409001
727532676
-66957953
-451456140
-469595904
-88555344
281017228
-273669669
-1600019352
1371860175
-1746870319
517217623
-104183380
-1284137619
-49169034
-879602504
595692687
-2095610533
-1164784558
-1466704040
-1108459619
95570187
-1228444751
2006389395
-1413157229
1026028318
-1547190953
-345761162
-426861827
-151085509
-515740475
1487268277
2139889441
1513777186
555558586
-1622297374
196238107
1199243776
-920222468
-304714532
-497446839
-1913556476
403993175
-1155470204
-1963159832
-1275602383
238439142
-1711747657
218798591
1415469174
586300560
-1780672137
1201218939
-1491250181
-879121451
1252476779
602985115
374262717
-1365729078
1130250377
532893326
-195724708
1002471521
-1221961455
-124913831
-818814157
-139553298
20608444
-75011330
343055529
-1991036698
817483829
-759929638
-231838778
-39429399
2079919816
1789037902
-1588853495
2061724161
-454778024
1930305441
-1522235785
41218860
-804412010
-509507035
2060123895
-347152105
36281456
-11768681
-1433102627
1980543788
1832970950
-928933685
354561475
-1928976178
1711985507
-1904084600
2032501151
1022156003
1852917802
-1202420816
-316067054
1252627858
1529215119
-1704356444
398736126
425217101
-1965730999
1948936422
85370202
-1280429551
1964732229
-1331987969
1171694920
-1627048980
-2127949859
1791167138
-1726851481
1207747520
-951175095
1559437841
1597751142
-2124945083
-1065942443
-938954817
-262542887
566026067
-1966691244
1822929974
831726415
1014677857
491917908
1855362106
1290910627
1891503432
-960362862
1473837614
-1434069870
300219725
-1781711568
-2142443081
-2128865650
1999699549
-1229406427
-711792226
-538288431
287491738
-2122835852
2016700410
-1626293580
1000525846
2011542944
1552530574
1943946304
1844460509
236921950
974351727
-1934707707
-261332679
-6804596
-1726965270
-1070678998
-1258713808
-1791824287
-430526556
35815621
621262417
2061143782
-1358115327
-2052406932
-1999492945
687932325
-1288733751
-1615165428
838692398
-13101921
1961333513
356020472
1895102205
-1272401022
-2046195913
1415831621
-195279262
-475323621
-1296012903
164083796
-320886852
687186441
-1967501338
1133077935
-638799930
805211315
-681443028
-1283697639
1838878232
-1987433861
-1878258443
-1236328225
1938977523
1345034803
-2101628763
1168711284
272796989
84120015
-2088358106
1768160572
1066296522
-1602296484
-1142849850
-1300845145
-195259172
16910640
9793887
-1243361406
563227373
1989018467
-1496008009
-531676535
-787075669
-1438744451
-1988789974
-1459377088
181932099
38272880
345449606
-1905654014
-55339550
-1843902264
-1434581195
461540954
-1464800904
-1045781216
1447732641
-821060463
1908927934
-230390056
-88754221
1058557319
-1942353542
1223072516
1381996893
2003958470
2114319361
1795782055
-1496558726
-446896941
573392381
-805548768
-116152973
1177656775
-1363422608
1940879587
-169955517
-119404257
-33747976
1310435180
-607968643
-890633009
1061943892
1074921329
27663725
1048121244
1873708070
-363814825
-657517442
1247772843
-969600774
-1854261786
-1376424485
2044666964
404998022
809931583
-2078690473
-198684101
494595123
-1003648756
-979009903
2118766753
868754396
-953390342
844858195
-1075111689
-1954373932
1851390052
89349178
-2003971660
-1613729747
1610849360
1406336412
831295847
28546359
273299614
-963513691
2111454991
847343943
803467390
420530371
350659498
-563101255
-1458854366
-261010109
1329725707
-617722313
-1845616716
853705020
-85802512
3463482
2112882570
-864196693
-812804269
585176272
1550269336
-593620513
-485386496
536387488
110436390
1637256727
-1106301081
316624427
167176642
1179622505
102368435
1494369364
-1168371082
4541924
-1502409957
981246753
448949822
-494145031
647590519
2101530307
1870303924
-1100220906
2059810581
-1980919597
-201423347
300522387
659516365
1403951838
386918728
-1166563375
2049806674
-66310877
391254435
610431648
-424767798
702145946
-454572719
544405217
201793441
-1790903496
-1058828438
-1356871316
-1993553254
771385713
1557454627
362551859
-1267747290
302108670
-626301378
-1015864409
1827466745
-500167968
1389193923
-513758118
744943065
-1147615580
-1160445968
-1443004699
-90470984
-1737059097
-1506583955
-455017461
-183801083
1042629916
1379447747
1665608478
1754860350
1331856780
1676833039
878505121
1923707849
118034590
1194885362
1430926126
1321952004
2012932696
106833099
-265525606
-1181362534
-1489800667
-125200088
1001477462
-1699697896
625102040
-1124511367
-853190633
-1139859265
-251893008
-1967867130
-1496478791
210590107
-431968483
26327842
-1768864416
1973363924
226621699
-229155680
327427296
-405820605
329291837
1129930886
-703305378
95867208
-1850119261
1685038592
-323523529
-368942630
-1439616816
468163991
942171680
1753110238
-1348024354
-1254278238
-1796480371
-320286020
-471896205
1431051772
-1240693417
-1575772368
-60015359
-176105225
-315881832
-778156707
-1594337976
60661647
139299033
-1112468697
-400316129
220510946
-1402163857
1943183809
1539717748
397313247
1732709153
-143216252
-256627311
697817662
1089727246
1837002498
-790943072
466696111
692088781
-993036965
-854207631
-1788479915
-477852971
1688740302
-1097182855
1054235509
1611097119
883756179
1253392413
-170496150
-95414262
1981070055
517109552
1823395804
841609085
1309924967
1525250490
-90443471
-403605934
285062561
91983099
-144997566
1311904754
-1464770073
-626148433
1121906002
-386790852
1093027431
-538359406
1041569083
-2138767702
2021049464
-216966362
-1708333591
-1331990090
-169219786
671405491
-740996852
650627194
-1435377584
-1928348786
-1223260151
202886294
1310605343
-1084258146
-508803023
-169097643
2120123131
935482139
1418106420
-249391854
1373782474
238072985
-460606249
1245997528
1034552281
203341636
-702831900
63703112
-860571666
-1299152019
1903266914
55095743
1306733213
-1917654715
-1492215034
-854516041
728501722
75621095
1578949097
-1092474259
-506436145
1141979803
711991418
-1840638780
1525247728
-207781544
-2018101067
577470057
-106540725
-857808502
1657189524
-72252617
-1516161756
-881862122
1947608774
-1044343077
941132992
1924539802
1851241118
2122713019
2001905537
1004294649
898836302
520244243
1329521202
-380711914
-1801119148
-846693023
-1081538396
-1692965922
1283568947
804234755
1837677689
-1415672692
-387306906
1759036701
1690301759
-1224090328
-1127217775
-805917504
540601792
-1662806704
1956694777
-999088568
-616230249
-1271977414
828873270
-2007054076
-1776040442
-104128520
1952040998
1657802524
2083589383
1749070590
-767646683
573486255
178878880
1529222625
1886510202
-1352082117
-1441667461
1463830369
1698903571
-2018510014
1713821621
-2015509335
-496137355
1528993321
706778358
-105669676
1837778669
-1783494046
-833204031
404398771
-1492792309
2061608909
1511780620
992138701
1064076368
-1628515749
-161788653
2010063782
-1271954650
-1362622220
337835112
808200260
1803220240
-1909262694
2071057230
-1424450322
1772604961
652210638
589842504
-608272330
1970629554
-970224078
-2139324692
1395145274
1506745678
1882530927
601433084
2068660518
-2018719503
402355288
132826806
-693763588
-1747116430
-1818311345
-1894679702
974066071
-1233449412
1811556583
1085379405
1019210220
1874294596
901497803
1949793677
1536800659
1924874294
37634269
407905701
1045887877
-353021967
367252130
454583025
-429062873
-43312842
-2099943716
-384086652
1291618439
-1378243173
-2146504584
1579191353
-1757489948
165710789
1875635114
155774984
-743346317
-2041668395
66420822
252244122
1847203424
1060967714
-312088911
1417010718
-1046908910
2116758569
166392360
559144029
1990388403
-183967807
1059841664
-2036335860
-2095804433
1632515730
-1405813954
-1489830048
-2062429957
1512027591
-894619320
1691267816
-370110760
1868037634
-1847501109
-424621162
-2118655272
811189136
-350644897
1021559070
698641249
1611437533
1717323369
-298376317
-2061623056
1788488234
1662306753
994985709
-121112736
-123134596
-280417645
416110784
1997655916
1177379287
-999989622
1922707947
490306674
800443052
-1335866582
-475563395
456123001
-341742449
-1218364035
907407997
614690933
1142866988
-2091730959
1340142586
1975614153
1048696955
-1506166144
-1777827232
-816563700
1000197170
-2013861615
-864257267
1006334479
1184993915
-225889250
1630649123
-1080425185
-205604121
1463805846
1308839583
-1829570682
-1998813023
-2050735101
210697386
1410639704
1342752998
1908475375
-899824337
-1193722773
-1199891276
1064337284
1201546157
800036006
387361217
2025859186
-926995635
1414541438
1705076398
2118305813
-795291594
-701111362
-1079544196
-552034859
381612576
233459334
-1334556865
-1014551600
1365376039
-256744811
-973969392
1701873590
-50778655
-936937270
-1814148537
980702709
-1423973966
1091418855
549937642
-477965547
2127586398
1115743640
236869983
-1085501596
465318367
144484019
356928617
-1770012459
1244310392
878058433
1217019473
-596750555
365206281
-1450167107
-147374237
1791360574
-45869147
-187891941
-483461732
364272352
2019925857
-1753604853
1531804832
2104905086
1374714478
-1795756802
-1271344911
-992643227
309967722
1062675817
-539018658
1621343779
-1897500430
-372447032
-1639093832
-1149523674
15129723
1808897509
-136561204
-2094893662
1491976802
1674893401
-1673436276
-629472072
-2050742464
-827474605
319636879
2067204052
-1626665341
-1165897577
-1009516869
-817623210
1795296825
-997030454
367412287
-643276940
-436024273
1637970412
-866485561
861777758
-527517638
480254244
1383426795
-1728694622
-1462921260
2003326147
-1719318297
1538960593
187741930
-1450797694
456721297
850796387
-589835789
1508869646
1705578119
1074708951
647105860
-1508978234
-1746527321
-480699362
-366572126
1530205123
1781888963
75840313
842368536
-2092486120
-1150681451
-1428436960
-1866739957
452045146
1346623984
-629462811
-1638901109
-1966699422
430997560
656609305
1171528171
-439010223
1181197844
522133102
1388456083
-608756524
-486992031
2064087709
-1932046317
435996840
1412082537
-652704886
-1213908612
-1382315424
2042939476
324075685
-1323900949
-122479258
1725901278
-124226414
472979557
1879046975
-274276534
1092974091
246629098
2110699794
-1632521066
125186821
-169248572
1384724842
880966383
1336640017
-901592033
-851528134
-1775967130
1228482053
-145527586
-49027295
-352393500
-253483045
1880344235
-2020030481
-1184834981
-1523422504
-357897136
-1009400984
-1539520962
-1677926672
1965286469
-558217657
1174442546
386397544
-1840076151
1874001541
-1139405307
-1113834563
-47776844
-1815196966
927401183
-866959164
-1913111219
-952525180
779276214
1760241682
-1707665575
541777222
904272647
-2009755747
1755747123
1626665907
-2055416894
-1906529373
-200813662
733425580
-1648267387
1610857674
-2126464472
-334815962
1874592781
-1686748024
1706495384
407694128
-816389656
1718328260
1948186091
139894068
-1536842129
-853880899
-1433083566
-523858820
1303836915
1689577770
164112014
-76677640
2070439734
1813643683
-1552091009
-1175662531
-1657334499
1409272639
1946255099
206276049
100610978
-1576636803
396044513
-357224539
1917285135
-492641689
-810644627
327613410
-2083199896
-1835785484
347431628
369323240
-2095645144
-200611410
2000390131
-632062830
-939345872
-335426412
1012199339
-1050660929
971961084
-1279400128
-1366554896
917724686
-2139906537
793670220
-597098372
1010217448
-1720692271
-2040271630
-1767381091
1871979714
1500925998
-2025997070
725388367
728464291
-551739104
-570988360
614505606
1472497636
-1501020679
594333629
1608089290
-446812106
-740851686
-1199635155
208192009
-1158248983
-1868347664
-1292259127
-1456261464
2057857643
1161857313
1525881358
764937434
742361358
-912767743
-931184233
934433845
-1070880499
-702479286
-1406096193
357914754
29924304
1799382796
-1486370934
-1510221868
-280999058
793111010
1847328964
-1780384293
1302375796
-124822682
953681002
252547193
2031590884
-1652902682
1968486473
1232853398
-270342528
1842367063
-1397432603
151640624
2057500232
1418429833
-367164261
328964789
1923288384
-325607268
-1719297271
-1924354924
-695082891
-495381582
-1889966419
1488400657
1012005442
-684480027
1144300236
-1885079208
1530485455
-649563781
113278868
-1307307051
-913564454
514194264
384884356
-1480238398
-2106187079
1494785459
195981579
1482217473
193204127
493858316
884055407
-1185213909
1239159069
-278403491
-1473491472
1557894888
-1132774164
-1732613745
-2061562323
-129870208
1506051817
867375919
2048400069
249996466
2012910432
1755856481
-1964947648
-2821436
839772556
-1529311212
948690480
-1754425637
-1463989666
-673951625
-728244333
-178768756
1537093501
-1914114134
-874102405
-353592654
-360728946
21909945
-553904400
-689231231
-1376093003
609213893
1964425493
-1368646693
1378102874
1402653827
-856715640
697184994
-1870278865
-1535219222
-1290834674
-1847412019
719322738
-427672024
1887015280
840817151
-1086801041
-310292011
-813811297
-277900459
459435592
-2135359126
-1108021986
-967112513
-2098972424
-13822988
1043324832
874959634
1378342037
27920644
-386901520
-1940225253
2102492885
-909520407
1153322256
-1268080650
1282063314
1659791904
411268005
804632224
567341073
-244776181
-1301502574
319442635
124065472
-1405372703
-686145055
-1357457167
-1291184065
-2108754202
-900541718
1336011180
-271350559
64170203
536432814
1593464387
656324594
387590070
-465918589
-436992377
-1343445252
2092669846
855398646
-1245736992
-1552752314
-1668129552
-1294957332
624422306
272532381
1666209550
626096394
887286437
1504453718
-1303798342
-1878413226
194383891
2082732946
-1880184266
2083716382
175844739
1874447299
-1569131666
-1428025576
2135739975
1589923439
-1228122768
-52316214
542388225
1157114164
247659547
1943245100
-1271427460
2043588363
-1019165418
1130490506
1497422008
-691998256
-1161409276
799612847
-374201530
-1956386815
202054645
-1615020481
-1371640874
1056615109
1353295135
714022244
1913815566
350228528
-1788932659
801655725
-1237112420
1199121861
-1760825450
-1618774222
573753742
-663335108
-1530754606
699937787
-455983904
-717156988
1392645706
176637090
-591030186
-1345277430
-1576651474
-772224714
1957624204
2130739771
-66280373
1177811042
-361843893
-1306128568
-1612532356
-1525233971
-2058786019
-95500760
2066692193
-2020204348
886701090
1014496226
-301675697
-726296042
1790849828
730135052
1771292550
91207743
1212856297
1391120270
-980271959
1423325896
-1853638711
-1941837397
-1503416470
-633076243
878519679
-26625726
2020708228
1559270271
-1608605117
1290463312
-1497327378
2060389900
32793623
-1106713672
-1965124531
1856076348
-1300779679
230407494
-1777915223
-322268547
2039392697
-539514383
-971653021
-1443940126
-1548958716
1278713952
935693158
-1004362936
1652148673
-1726686289
-1574938467
1969661370
1551331234
-1441970574
-2146454364
-822362346
950143838
32969209
1544252353
1184025584
92444357
46136789
35362069
1126990773
-1812639724
-1384442981
-1391223538
-1517214701
-834040950
-576202009
-1471216865
839708312
563382843
1911179683
1586478771
1556372633
-1302697437
706409609
-1540784290
29175125
474841981
453723109
-442221483
602387033
1209386837
1540468895
666093344
-1387921883
-1491668132
724454776
-922135155
-66791153
759541499
-304602989
1163867879
-1758158745
1233708458
-2071457481
-764532632
-535923749
388362881
178154963
1182727403
-862694115
327905550
-796111295
-196965403
1679891906
-457717911
-1745201585
-473621610
-1335398547
-1699365498
-1086677894
1542568570
1538064940
1400550858
774617340
242039814
704771361
420960992
-997244664
1607978128
-1526069916
535090892
-1858719149
1677676686
-1696084184
1919280959
-829812010
-679738622
-952599268
1815372589
471976146
-103545035
319851027
-909572708
-1971491052
-203824734
617642214
1098158527
771008890
-389739467
1957865112
-1614896061
882326965
-591193675
627153595
-540031513
276296783
-458023811
2063104531
617714514
-1730804241
799294578
-591036552
1552485920
18454748
919332912
-515858688
-1961071811
-522448193
-80319098
1713813340
-1120472458
-58899796
-1531329244
986445186
-1512914099
106080098
-85496430
1589530252
1494848268
-1383180846
707211620
1694184416
323663900
1171211229
-1543301973
-1433803376
-895084906
1764031330
-314563154
-528611582
-2092908006
-1167263369
233252058
-209954349
614557919
1871724021
-2112145418
-938097928
1750064139
1586220858
-573825894
569048614
1868843333
-979945943
1681165793
-1915903117
-1999111801
174601845
636277085
1664705341
-1407014600
-691845345
-2006671541
566926410
1892470137
-1384345796
-1760110073
839233584
-1118807362
-1157272837
217893058
-1475036681
-1155080031
-337724186
2062403953
962038524
-1669525774
1778945896
1492364808
1828459032
-2031028206
2097924751
-1402259225
-627863296
927048833
1589838353
1850436756
1509639150
824953780
634625940
728081067
-1808441471
639157803
773385513
-820273646
-952530719
-1711141693
-346635239
-148370320
-2054018010
826071368
1537336292
401156831
672027897
-788087730
692598150
-1822129697
-769266308
1088764992
1206091516
1563815054
-1154971801
24629689
-1981461755
-99918059
-1255337101
-411249390
1804798253
1836195941
423308026
-591449797
2052434438
-1009685725
-1400057889
766242766
867187640
1404676576
928106155
-1901333919
-1704637764
7258765
1078718200
-1454412517
-1165292828
-620288723
875445777
2082338441
-758477666
-1897885236
-1843511334
834093234
1241940600
1556531631
307380717
-1440886936
829053671
-986210356
247762182
-1262075936
195736131
-655156100
1385582752
-1332021883
1733058837
-557995922
1363354847
-909295608
-1957188971
824537823
1030768304
-1991618885
-936292499
-159676665
-2043612626
-1606712033
-1179940669
1665418454
-1957986489
1616839867
-134402186
1265250528
1671505055
-780238801
-345140314
-877047916
110396596
-904418425
107464826
718831540
409561410
1856691668
-342857700
-900102144
-1269149465
1700378617
-1784343544
617598004
1808184074
1539892418
-1784859258
-1603740363
178724345
13977146
-856178060
495016070
-1532849327
-1411505091
-1768289719
23317248
-1108162910
-848613301
1147129686
1711704770
-1241832878
974025375
-490917811
-1686586267
-1185892671
97481855
-891869689
1174271860
-1674610770
762198997
645896577
-807715301
-415536168
-1197347841
-456239577
1187986461
-852315416
1851793378
-102736811
-296025845
-1960868466
259477829
618354714
547334578
468161513
1436016987
-454344642
-1964462891
235431467
-2104715615
214720902
1614921499
1965466492
102540266
1423202869
-286096822
1259365151
-434205513
-107951658
-1129745483
1798368211
-186352948
2033891640
1002622451
-1703508613
597678335
-1196818758
-1716563503
-1701756672
434325330
-1587273016
-1907742071
343661174
-1102627772
-904492891
1697407283
-1850861187
665249636
428072810
1476367227
-949333015
-139450074
-35053746
1387848083
177075877
-270879751
-1201760474
734021483
-429442860
-2037929320
285068847
2039993631
-191865544
-867414112
1172127243
1893300913
1223894487
1451203170
679422217
2140756727
35479003
2102117626
-1553919831
-911877674
-314991175
-1241372768
-1876062114
-889333328
747482518
1870722365
652910741
2120801307
-1852691995
-1419793087
-342194698
-1398539822
-422752684
-997173581
-362417943
-397285904
-472577304
-395257719
516559195
319516762
-2055551130
-886504647
-391273791
-1412351107
929396981
-119070833
-1897122724
502700345
-1182470656
-866773312
-1575538241
-1935097060
756249697
-725252160
2125710
1505026514
-662094405
892165584
-1432731513
-916285476
976692774
-172245926
1098208966
-2141191296
343195921
758469632
-203098812
924281856
-2035822492
1801286898
211170720
1586892302
-1305900571
-1692634497
-571513311
-911295618
728780508
795880430
-86457349
-528858563
-987055624
1922813582
417338833
-805122431
1986209651
684270860
899476091
1527168066
-191816843
-409008124
726892552
-292385816
2029005493
-529153063
-1808754938
-587665851
1405765990
-871659575
5813760
-827647036
-757226416
-366464453
766091591
-1310528798
1743022140
-289337765
951388917
-1959568930
1539775380
1713526504
23576367
1227587500
141061707
-877817268
457232553
528685102
142844922
-803660820
1026591086
1644634021
-385549237
1041133249
-395369503
2146447717
735427994
-2083912409
-736653314
-1263297080
1066124760
792257013
89311461
-1896125596
-66665037
-46328115
-1918599527
1350612864
671320563
1837358004
-357427196
-716756541
424671015
-538113052
1894338878
-1922076882
516987776
-265479200
83622414
-1111363509
-1422722308
1028644041
1937414320
-1083033946
657848774
-833380112
-1171262248
447657340
-1927018276
1752798635
-1602498825
-795350606
-89065230
409036396
-1693759556
-478870264
-316172394
-506233585
-2144224291
-2035574642
-336495980
-1803652238
1561139222
1851978326
-1320837733
-1960736182
1691150705
-2146229654
-26167777
401029428
-1692160568
-456467712
-218865279
1632644106
1700669576
-487153684
300454253
-666877576
-2095792201
1395063125
-505619836
1858363086
1009198391
1358601643
-416446150
-1723781865
-2047684533
-2110994728
1771741440
-2044193943
-239531174
-250141003
841820580
206635646
-634283533
-1191563585
140078840
-1695750781
982727441
1213570825
-485288270
284019760
506170271
-1547267980
1584541842
973021720
-1321988803
696217118
1322689738
-973502655
-1305848508
-574516712
560571545
-1167909385
-1563580409
990345563
-441253576
-2058984996
1900315740
134857467
1190300922
985062468
-116333734
1907912348
-1270093138
-201569857
1218588771
-354087387
1859481415
1708262646
-406831772
1710350004
42006974
1269942970
-855984293
-643498799
-857742025
1174285146
1761402649
-1736562715
20019554
-514704076
1448970825
1960888556
373128484
595682446
1065332912
-1823788951
-1636642955
-1205123930
1519913397
-235978854
1071393419
-2005586425
707821092
1368387821
1174107448
-1598317027
-1228246482
1103786930
767444624
153330699
818752436
-2111254767
-1983610930
-65192260
1493031108
-859357123
-849600393
1566902328
1972566627
104122345
1831057599
-1104887240
1120745356
-70608133
2004295212
-1397254149
-1004807048
-2059572609
1390429817
-1315952294
779323936
1927722717
-536843076
-1408519398
702667264
259236430
1560536266
1390340225
936442396
-1266026868
1291141338
1367233067
1092257095
-1916055096
1667935592
-810727907
-885449822
-542527775
1196599131
1870384410
2061270883
788511954
-2074906519
-642971339
-1004783145
1586674027
2072176058
2114253223
-1581183831
399164227
-1200448309
93681634
366850916
-1488333076
149318293
907045349
41138485
1540942696
-1035355923
1604625874
-1855363339
-1582964260
307908141
1749185213
602017127
-1404814205
1187343124
-1198779706
1515859901
-494022427
-69311766
-1519066519
-1124248991
933226823
-614198809
-287139564
1724084721
-1358657179
1673319893
-456556807
-1572837750
-287389090
1550249204
578137125
-185616568
-1528004113
-1881841891
1346413777
-1184128499
-1046566685
-338701015
1343481592
983980930
-89312054
-1175584109
-972145367
-1641493669
1805801704
-1876064933
1303046813
-1312143138
-2111544720
1613455405
1780941964
-2037834843
478454770
-2005372222
2144505019
1315161250
-24304623
-2129488762
-658497191
579818339
-1712454792
276968827
-350267892
-1704506474
-398012915
1958127964
666569285
-1506287921
2077698919
2142863621
1960202459
734756489
1822794366
-420243951
-365445929
-374273430
-912104287
1648667845
1071392653
700456651
1396134828
1356386348
-691584021
-1883945097
-1911179399
1790233730
335123221
-1642587471
1965381270
832924629
-2047308240
1849262203
-276830664
-523020055
-1496376963
540584469
-1633745552
838323292
-63335254
165772740
-124635236
-2142476278
1863457892
-14714156
91591199
1309861042
1464258864
-789816866
-2051468972
-1875413543
1676490619
1884417358
-78395201
509282286
77792495
-427096545
-1174576507
1522580654
-1415713017
1908891880
624665118
1466714569
1540443877
-1143808228
-172433848
309665221
-978735518
-48197491
1295230526
-1519620318
1414238823
1740525874
-2002319831
-1594713665
776214138
-490864855
-699523370
410676860
1416572315
-1410495234
1075643562
-788571873
-775906223
596079661
-160163374
1918730363
-1009123329
-669430811
-2123212866
-1001831218
-399935621
-394885106
480132047
-942292885
552714464
1248437389
-672904370
-1420808552
-95035229
1194737862
1432707744
305159353
-695228956
522383202
-1132575817
1144818093
-484859898
-613826990
320149452
-2147395721
-200648319
-1101350126
-439297974
-1146834143
-1738019850
-596904142
2041172749
-1910188324
924336515
1520881937
-1669218869
679660140
1770231640
-1080392469
845483218
879363522
-1941695094
536365590
1761509619
48044522
680955943
-1484947320
-706666306
-1148615641
1206764937
-971722084
-304344850
-1562177701
1732947439
-664899819
785317927
608790444
-552488887
1985953634
-374531618
209765476
-2025992110
723533347
-221793129
1643170841
-732943900
2028212716
710487894
162207501
-529838713
-9809848
299610703
208466903
-487632310
-388526849
-1287731489
-605662654
-1461407530
2121832859
1758067391
-1731594124
785464255
-990136023
1990853238
-1681299886
-1703687907
404933692
1963527951
-1730082013
1704485211
211663158
-899003636
-1283477133
-1946155186
65836234
-1525960038
-44153543
1249144201
1042108092
781236997
-1081386948
1439771886
942728939
40598893
-679475023
458313864
2016439952
346118330
-2025181655
1627998872
-1178969656
1055080141
-1573785431
-1688033555
-1286281905
348201207
-1392562662
871370360
1582994573
-1606209618
-1402646045
1413836831
86117335
1705697661
727876308
636052177
491965166
-490146500
-657896635
-869133094
-1553167414
2071257985
-1258676354
657546359
-794867299
-326798506
-1992006055
83410349
1768829970
1752262187
-1883445210
834107734
-629665067
398094094
919717838
-1799227013
-178004649
-88872680
-1782420934
-1984745751
2056817362
-312868566
-391909387
248361982
290676363
-1744484647
-1711201009
1842071747
-1088408490
1678891174
2007960388
1068137535
-34893473
-1991205006
-1906482594
938317578
-450986714
462179632
1308414679
-174122208
1655727819
-1110240548
1854578370
958819575
-1390699893
-1764671061
460061930
-1421837870
451218314
228084611
562135611
-870092969
-1607436846
737203884
-876790432
1869469791
-756671333
-1441933112
965503149
858403597
-2105562932
979496192
-468724161
-752004063
1843784641
-1162389120
-1188267422
-676910195
941722191
1019115556
1345304626
2065874505
2017252356
458061427
-916892540
1789618531
836061875
1976017099
-1839779066
798671449
2126487087
-808342306
-1679998556
921938090
252256341
1272690524
977679917
-345744214
-3279537
174123249
-1966079434
-1370312810
-2096397289
-515377550
-2100223682
1995612391
-821368006
-1915817902
-462281454
-577176342
-1284014626
455087450
-146201485
-1837051760
821136646
-816538471
-1192562699
-78395774
908984595
327527064
207630633
-1892499080
-1481144435
2027611602
1839912958
-1224914997
-1922148061
-410427806
-1435862429
2087425096
1731189744
-726876930
-797668815
1199071302
-2132826625
-334500573
-1054898872
-1143686406
-1449155567
983152273
-498170889
2029093385
-90347363
-1738212870
524077473
-472952994
-1414076649
-841775882
-1730200676
595521597
530128757
-530206407
-223616420
1430895000
-367034898
-1173339386
1660278992
-2061873759
853734148
1265449702
-2012328437
-818698592
1465124804
-1514434923
1396800807
-221414651
1940615756
-798163651
449888102
-1760932159
-1531908466
1044411110
1920539801
908903888
-1911529646
1658498859
-920126011
-2093544422
1710324609
-1699339471
-529144318
-1250400645
1728482207
660486869
161043878
1362772256
-896861287
-1334213340
436353955
905924372
66241728
2053730319
1374722349
920424218
-459803627
1014860639
-278971489
-1583527492
247713990
1310951142
-104484705
-1965007708
-112892168
1398562807
1975703679
-1183946967
-6325561
-397250025
-990659866
-1225937876
586426250
1098079987
-2075098705
152157477
1165274971
-1272184427
-324813296
1639072376
-1585430826
-2087460654
458120190
-1089112819
-553342689
-1355229945
-271783984
-445637345
-1855954903
1746064644
1788414498
1214655059
-1238029002
-206365113
-296985092
-1267451637
1720675737
1463889004
177734962
-1378117380
-1212295229
101397476
-738812147
1110419709
1953631356
-644410395
1630831914
-1136878558
293763184
-696519775
591688354
1693252617
2771436
823918265
445970795
-262898573
975994602
-623315724
-1048745475
-379849707
-687124662
-1026195157
329191736
-101478736
1691711330
1073777544
-1065226108
1047366751
656352952
-1673069841
310531129
1777672751
-875260147
-174351941
-996742079
-1254469644
1676709790
407638445
801983228
-928727206
-838772571
1108685600
1322577507
-840105926
1443554085
98040705
-523290769
-484657618
838674663
-1611395329
-417532997
1877707623
266471615
-1167877762
709385576
-1753744195
55976723
-520107312
-625691328
-1195879673
1729395357
689201702
-1599415523
-923705940
1704254831
-153355068
116164747
1111868026
-1120314825
1860574196
-2123492948
1850341045
1770472900
1275270716
-244264868
1588999539
1470928072
1130457042
1597414804
-569309401
1767542239
1263212111
1109982483
-859689350
1108023248
1688804259
-1865097414
-1784213919
-1336530927
-1889661879
-1933173449
-717300373
-1152313968
1692953786
-782494874
-1189725606
994694064
919628326
979566067
-1753287179
2043435409
913042017
1171520451
1931093532
788576660
79636251
1305992084
-2021140964
-1504400099
1928284244
1799821154
770762820
978032795
1226813966
-1348230644
-967508808
1266437061
-1578501821
1177512759
1456435588
2037645861
120304665
-1467171470
161730548
430598105
-1327195821
-1971070309
-15516894
-1725258088
1938989835
878410368
1040298959
-850280717
1747003550
1508380616
931874166
-415059491
-1352981530
-531630316
-350850914
951402093
-450882130
-1547635616
1936877168
-1211353119
-1751237278
-80371025
-1486558840
-286476315
197924870
690993639
-1712003057
90157333
-1652139415
-147435783
-1778638071
-769940032
1851185817
-1523223996
-1369737493
2074904303
-583263079
-3223493
-36529808
1393295269
1662023249
-1618921404
540369068
731689063
363527877
-259576349
-2017073312
77537022
-557597559
-22353897
-434363760
10444411
-1236809868
189817604
-1787249581
1103541114
828461460
-2065930287
2129283049
-1360217941
-213726367
128560851
1888035602
150456206
-234645708
2850794
-696280931
987015549
-1278214151
1441756459
-958851010
-599141137
1049978659
505824191
-731080796
1768602362
963567072
-1133138166
98791627
1773398297
-224027250
-2141976049
203379086
1663107887
-1839459476
-967841006
-1403580289
-82191925
-1607371884
-441649794
-1620346117
-1859903315
1150748456
-706159095
-1770885000
840665481
-462444085
-79033067
-444080352
1183467274
572861011
264995673
-1629915741
1608006681
702972604
-1395661632
-774169016
380066654
-495117473
-1136669296
-1428187322
-585630970
139890018
-1688873521
1731312721
-770170681
-264005518
815589089
1585468790
596445729
977551279
-1211381899
-1120436437
72774885
-708558360
-881655390
1098907554
220163066
-1893048056
-601847988
1062083933
1944624222
-707777329
284080332
342805254
-1972078997
1486832836
-1532317232
-719635328
-1753374885
-1981004439
2132279422
1904752953
1445230350
-1879649104
-1181340961
-1771585599
713602570
-772177490
1137616506
-1700213088
-1504679998
1496017805
777528895
-2060818845
204326170
-54467641
-1733926233
-2100029192
-1568034006
-1760067695
-1687437288
-1982350789
1536223810
-737325932
721713037
-1224407600
1883113773
-62251806
483992950
-1756279246
1423644858
574430759
-1591680292
-951940852
-65453193
1660956702
1850297544
1829653703
-897202753
1517661767
-20111899
909284196
1125079543
1041014998
-207077788
-413706614
918529300
1206028526
1730309663
-1029351198
-1040160929
-1548141553
-1684542207
783265954
1224504700
195723979
2054800804
332588904
-550978136
-890605889
792043067
1623573320
-2080252607
1015323585
1515140017
1850019112
-1798370677
-770715562
-789322990
2122639434
-117221712
-1374244506
787670314
480743210
1625459720
1319861554
579543147
-2078111351
1822370971
1099432325
-450251501
-1527205943
-2122623773
1937391913
-935155827
-1858039941
986613461
603028636
-1138799336
-1210841802
-764501726
-1836674556
-971743578
-260104278
521832121
177596511
642504198
80846836
879311504
1605392894
-2123564732
-1625838798
-1633127516
1342951987
1915697231
-1003257510
1111616830
-1619815863
143311068
-1369748153
837744503
1354977716
-1442583413
-748985836
1031146493
-587747959
-1631785657
2049866157
1948674838
143760175
466312177
-1228748638
-2029910812
1504825943
1929743680
953940798
-1899613461
-1104387543
89510114
-1318096936
-1375205936
-1474042433
-723517721
-640073112
-811521181
2092895190
-232261793
1730018653
435597535
1250059714
825096257
-2108292180
-663542417
922988962
1935666574
731711532
-1709055756
1028330453
-1618141259
934356512
519140101
-1299582036
-67378119
923954965
-1325433289
-1927909536
-828951408
1898775022
-2068806755
-988439738
-702263474
1948581693
1165648530
-164757440
-1412511870
1534914259
-1502572363
20909431
1482401376
-2109445479
-2129834443
330395974
976913183
-1845091679
581130830
-1430286983
-1145719516
-745959817
93842450
-749438282
-1460599712
-219291715
2134700908
-1374466245
913865717
-2098656778
1377822305
-1174430519
-518569185
-61934687
-2027839847
1650153951
1221107793
-1666046838
569379614
81635883
1897106078
-768572069
-272450974
262748733
2068016474
412353657
-842563450
-643816835
-252247551
-1508363251
-675496487
-1893825185
698901590
-1314704032
990579102
-2012980012
-1168128817
-1169062549
931677457
-578147581
1442078000
504987310
-1322624340
1440973368
341150581
-1539005376
-1383060058
611162140
-359647500
-439743961
28016059
1851217958
-1042095165
-1032425751
658424626
-1869371055
1148524630
998496866
-879868132
1404951311
946665837
336319960
-925631527
1218669949
1483227180
-891514548
1190779360
-1549424425
-1593053557
-1058371054
504808638
-111626195
1219519984
1629324963
-228180898
317537110
778421273
-1429144654
238247563
-1202944987
-890852801
-1253233028
-1363936077
1201599195
1053676152
1358932068
1163446766
1903633883
1338316636
1485754302
1407444285
-1655443292
950718955
692959722
-957922282
-1361687046
2031399342
89295525
-1939816160
-265830042
224752411
1388508315
591516474
1289804769
203233341
420458303
-787664703
1099356107
-715028588
789640671
1553261330
-1716355038
959952185
25388018
-1266184627
1768019695
96713285
25543348
-568069796
1880698627
-1016562061
-877814796
1213588019
227519715
1460000772
726771244
166742616
451830528
1293829602
-804889134
1256974246
-932676309
-1852069880
-29728787
-926231219
812003143
-780363232
-1398449686
-105045732
-1092396225
472536173
1746248367
958591234
540942906
466695915
1532350704
-691209007
-440347379
1427399348
-358292798
287596613
-487196687
-518584924
919652973
1835993413
-594784907
2002533440
1823241349
-1997126040
326900917
-106385965
798464827
640235962
-1803671860
153044697
1918892784
-1439878209
-1074266234
461682081
1177074699
-2048247113
-259474086
-1741976275
880682507
-1312669149
1771844759
1606759004
-1651970081
-922364281
723136988
-680396982
-558513804
-903790222
-22386740
-802354953
509262480
-1498846789
358417410
106369830
-147975458
-1021316084
353574723
871153287
-1342298295
767190948
855735538
-383488745
-1840478068
-1779410088
1331383752
1426118855
-2106401014
407957210
1289349571
-2145617829
2131867610
1935676477
-1598966433
30133909
-1057583322
-1488949832
1406379523
418580370
161983413
-755579991
408820158
550340723
1251581893
325080797
1427568178
1286362430
1257997085
2042991374
-134987056
1184526598
-1153156509
-427366996
-816336315
-98263990
1031561130
-1208369952
452251443
1618220443
619028559
443019981
-257900508
1405239424
-128343035
746858776
566613691
807753373
1439158573
-1345726294
589585964
-1525381359
-2082831766
912791988
1697471725
-2012993504
1849786740
-1933416461
-690274899
-1956585710
-1297556691
-612178124
1924633477
1882907226
-717201167
-722605030
-1526960788
-94324231
1294560049
1423887647
-1246565136
-1598348764
1348841794
-1697497128
-1046997981
-1934494684
-1522840974
-1595750788
-72614190
92027261
565128284
-1109397082
786365181
1304153426
1509472893
1945205337
-1231866750
1424437255
-1847182586
79919173
1289807898
1628074279
-1403829005
-1605814200
972444041
445797256
1011841884
133723958
801884433
-1453125715
1185229322
-1774779171
-1275608025
-89237397
-984311988
1288770371
-1644843671
-669874738
-1030611189
-303122895
1307428814
1556548156
1663200028
90396404
-1237610210
456693211
-1982767915
77209698
-1277995099
515476528
-998933534
1175365403
108984099
-133058552
-407175591
-1770958320
1022685446
1795303835
1863237130
629884745
1229738970
-1132377363
1119006492
-403840798
327362048
1338226295
-1534415915
683011670
418662301
1499384839
2110368184
-2140453377
66387925
1042972643
966044628
-1886819619
-1516132039
1699151924
1949435482
-1329182058
275001725
739036322
-1867462799
-1795663939
-482975634
2113152059
1499289926
550339670
2135759394
-1410667112
387297638
2006507673
-1292300176
1012825410
-1981767345
1721033206
-530802782
-240066991
928062531
760518233
1146983017
1982300502
41387615
989743023
1832233233
1692104058
-1297063700
-124890201
1198669813
-1794011161
1136715765
923351996
1062789428
316876134
-1213762279
-1318047373
-1833169500
1669741128
-493962334
633053921
261597446
252595338
-659541547
2052295536
-1920240261
-882041805
1709390731
-558527263
-1765977546
-1894967807
1012656640
-1032514412
118763891
-1428863932
1559586026
1304563975
844626344
1577118216
-57585459
-295240804
567395833
271789177
-925448563
-1007207778
600521200
298937987
-1338986428
-1175249019
-1576870804
-432717128
244621141
-281606791
-1693012518
1223759735
-2020053055
1801409556
1027960227
1433469257
-1477555015
-584881556
-1040563483
418596750
969140851
1011201616
-2137146268
-395667624
-1308948159
1054309328
660757442
-1063911274
1023317470
-260894462
-2123227154
-860282508
1247345419
-1158180349
1044759258
-1574886398
1801812058
1870483772
-716857744
1648980499
1690276424
2078967782
509570246
-2059582617
1085337489
1510214351
993744783
-1476302324
1678718912
1347290973
1483606740
564396288
1409337093
-3339053
-106119452
-79306469
1261980490
-1544034861
2061725065
-28573653
-1918591353
-802224605
828155516
237313632
-879529387
1343656115
-684869862
-1024301590
-568680255
1518090718
1326520662
-299376416
-813353373
-1052603920
855924209
874768739
-390166098
945767400
1402865129
1946875907
1636234120
982709374
1415773998
875000929
702741788
-933499546
-508905317
2061724692
-118548753
218575062
-1038352093
1298944976
-1655755471
1927680326
-541317557
-881903931
1192406357
1926728054
-1506998825
2103310404
-816131869
1354797237
72222408
-1097561176
-1734721140
1585377119
2050960773
817841779
-1876792706
1838569382
-788218025
944877750
-1071379718
-175126891
167586074
-1527810122
898489891
-1912639150
1497505073
-1029740852
1217227799
-1616526685
1646861498
733645453
1982027843
1415851187
-1348018174
1040704041
1585299698
-1979264236
1989956155
563561240
1809876007
-596619001
-45411220
-738962702
2047638957
1086660603
-1533363288
-1066091618
999559788
1762157139
347553410
-1796014673
1385995517
-2039212436
-1172027969
1534690570
846303103
-1930234402
-907520947
1937236939
273112747
-473791232
-701629836
-95004823
-388396507
1252529841
2011727946
433716247
-9415147
-2138322859
1223488364
-1123134867
512756214
66632222
-473504790
1888418631
1146931373
-1204680820
-1768088445
-346632723
-1847896611
-1233107914
469217809
-2014860173
770202745
-2091679542
-496122298
351320675
138742426
-300802991
174569880
-19998312
-810477934
1093461431
1383991418
849187180
485982528
177557898
785139660
-296958955
2102700453
-1556428798
1897067667
1234294348
770803127
-218083519
1576667884
-674157265
-1718021003
2112624090
712087613
-1383651737
-292922053
325493143
1917631662
310767245
-308637610
158836342
-905523241
-1613768247
-1157620517
-1874146827
-1872126790
-1171512644
1700319156
-1373186417
1153886451
-1274137697
-972402693
-307879035
48675630
809885100
-1606579062
-811125535
837752024
359735996
-1632964910
72931255
-1230957800
-695306959
1031169772
724909742
244493056
-2120707563
1505207533
83092158
281769215
-939304573
758911869
1152527418
-878822502
-1870444219
-539662422
1930373137
788545883
-67142210
-1721705991
251055440
825913865
-1423418102
2111855806
2023593706
-1595935976
1831555171
683697069
1945466299
1438173027
-459395130
-621145936
-1393467702
1376156184
-1807531051
2053822970
-1585645106
1098122482
-1007615490
-457704101
1868706803
-1436457554
-990452003
-1230678827
128891613
-598829385
-284486945
388784240
1103602668
-500113629
-1050505945
-48654006
-965098558
1824042466
-1857007436
-1010605583
590969345
641561652
652576707
1221535733
-542313127
1130902363
1255119217
-1624339785
-943180863
1879880082
760671652
466066311
-479051005
-1439921603
1865124652
-338130194
-1373665922
-450982559
-1881476060
-447195321
-180027609
-813161899
1570563230
194728084
-2142966064
662544825
1557845886
-1617197682
-139118675
872012455
-978291290
548564477
-521904365
1093416744
-656321709
-1852676534
1703551617
287323113
-1096638522
-1423716270
-1025709596
-1153949906
-1772246234
2094198140
-552232426
1310741255
-1317378396
-1122449907
-1392538713
8347328
1653555936
-1092963910
-1161123360
-671427683
944115850
1977701758
-667812348
1668262086
-1373911220
392243885
-127325479
-1615304064
1058756327
-258219191
-362308506
-45438818
-1508776292
-700235884
-833589251
328751158
-440588596
-1195693850
757225595
616111254
1213896930
753018304
-1463090482
-1549096072
-620170896
602176288
-2106736969
1756807285
1557854360
1074761494
-614109232
-981445705
764251309
-1512021865
126225104
-736032781
1657318169
1625368720
1956782862
-170196075
-689069184
1352103998
1218268227
-1116559044
804444453
-2080020292
-1667476333
1787224936
-1712343412
928362461
628136654
-1921648783
906082145
-1468813765
-1486093070
-2117594182
626896024
1506658960
178215668
-1225257690
535731925
1603382851
-1940059713
-2147090485
-803867891
278345542
-269053316
-1866021147
-1070156436
304624414
-1018484204
-677478387
-1393545607
-1306511550
-1608364814
-494694998
378152567
-289330519
-1581954291
168479911
660044558
1280201886
712445989
-1139478170
-1980110038
-1488386858
827960396
750796788
-742638301
-599316285
63266983
-1631513731
1390813982
1158505002
577582197
1064757505
-1589673550
1662743283
1198085713
372957511
1982790862
1668485695
-339751501
-859836910
607776473
-1823572288
-1106755396
-1624498542
-1586876902
318595652
1667224114
-1055539427
1132479577
-1737237871
-877765688
537280542
-1373700922
2139143032
445548707
-3139507
747072538
-1487053276
725521433
1210324512
-1874143492
899322290
-1877495621
10867840
348789413
-1701609210
1768315797
-528070976
-89097274
-1933008420
-597811277
-1415147574
-116260952
-602799843
1703382503
2025101467
296989589
1287225459
-760255287
-1126819344
1032226422
1115871519
-1152752385
-510784191
465803453
498104329
-1280266818
869513454
-878500220
1433503512
-607552112
-1760441416
1016426486
-1256802364
1962296151
-1221117070
225919981
-1590648088
-913708143
-1855268105
-290320163
-124530212
1377351133
1586355038
-271474705
1617675459
-558801219
-188175252
488103536
-2092463584
-740777572
153153609
-415671956
-962610257
-1054058733
-1093765513
1962102678
301921394
-1172065433
1123054079
-841581206
-1544350711
-1397331626
-542941460
-978319467
1551819590
1041020178
-1131721987
1387014036
-265753088
-2030660723
602764693
199523994
-885152217
-251090441
-2052097290
-1664732490
128459801
-970874492
-197034322
299514421
1244010547
386071410
-1914959536
-1220773564
181453225
248815946
902925671
1723110874
842923674
-1189431963
1765722024
1429054932
-585512610
-1843828815
-2023461274
-881321120
-448153822
-686107979
-72883126
2131989407
-1229894729
-1597561646
-1394613694
460614534
1070020262
234854859
1986874553
-988594428
412667271
-1649342330
988784649
601011817
1994020754
-1038415597
157802541
-1540733434
947388022
1951725293
2073253819
-733297648
1359247465
1537889152
-1032556016
-430180151
-1499480192
-33796885
329059532
-1321169695
-373200320
1827564806
1512217728
-398460392
100104564
1266726054
678092966
1976328744
1499705152
-1457936609
393962193
-661360670
718193526
-1641608694
-1536871131
1651484311
-1412822745
1805933895
-2012634104
951436217
-624076419
-163426491
-1072967911
-881322304
-1983359032
802861440
-2071044768
522056530
-1250204971
-2104446645
614187207
408134045
-631388282
-1061857073
-569721655
-11702009
-2112092001
-410739629
-728226712
-1957244663
1779584989
424638397
436863844
79664216
1020550220
1240195159
-2051037527
-675823035
1477804506
-427061546
-665503736
1624021605
-1034383834
1151788440
1060692266
-1044402572
-1577539939
1522104109
-679827007
1167799926
-426150968
1969352985
-570456833
-1015741666
-1474417186
-1940951337
282280523
-1434209676
405560992
411203871
-1730390734
-163575119
-298292122
-385338005
267364507
1619435373
1869038196
1085966775
-1133383362
1347167483
-1401836911
1593325705
2090283863
1874400787
761998298
-1829488336
-1624739946
-1700294734
-15236397
-1117007793
-909989031
818448189
1016530622
327625885
1006749724
1667481324
-1545367505
2007010277
524082735
402136165
958182624
2112498772
-90108246
-1791474265
1027304641
1672187379
-556597090
-1321621463
-441289645
-732772239
-368149107
1282035266
84017206
1209989414
-1723932389
-549181749
-1248160256
1358237012
453136388
-151346430
-1311498673
188771503
-499848624
164220593
1115391009
-1495971810
-708809531
-866367857
315258210
518164675
910161309
-1993363227
432150726
-1940006087
516874361
792042612
-1894069031
1412674332
274001301
1214835093
1250444371
-567598387
1561405500
-1712447070
1211274160
-1693224074
1615347837
1205297300
-2110127104
1153395019
-82686946
1292547309
371506939
1354858515
-829480240
1716787672
1400023128
739306470
-1937258076
345665421
-142280610
-1443405256
-1661558339
-1748953606
2009885626
136572693
1482116679
540413343
-687203181
1958697646
2134541735
2059846329
2057066715
1445126931
648626675
391374498
-1164834328
-426095039
2040923300
295631735
1070891330
-2052679585
-640540278
1240626683
-2006925634
1808187972
-1356315393
1007655354
1199997899
-98532291
-1474516641
467366769
-1867200501
1958406412
193376183
1928762796
1673552677
-1600580302
-1010905156
-1895728207
-217382951
254000752
-510192899
805942940
-742544300
708056971
-578580644
532302027
-945054779
-1342491568
-391408454
1588319099
1554443567
-668128809
905150961
-69764429
-1353020544
-192450805
2140828935
754557792
89750243
-365018775
-536458593
-69210175
205858642
1213534727
-1089757006
-1771037179
-1879996306
748830423
1873203327
-1410618063
-1333317998
1316920364
-1342827584
198077511
-1458533083
-685403523
-1919661795
535058340
1071715887
-1529686935
-294188059
-1374328663
169474862
-352915205
-781577477
1160526749
-612784342
397166126
476908302
-1396265006
2027963911
-2127947853
-774348788
-504502779
-272306919
-1517564431
-897537577
2042970378
-1535362819
136225100
-1839747015
2023115944
636122278
-1043843671
-377144811
-1350979903
1548262838
1111288370
1424038880
-734296394
-1958422002
501539158
1767586126
-1206132983
-2093206872
-189070061
1567977039
418518339
-86726749
-513701001
1706988348
2135186455
1864102303
-1722040477
1685917773
-783107129
-1245674421
-1609231982
615167055
-1188612922
406824507
307869145
1279967890
-1733105506
-516115970
-1889185616
893283367
-1793430253
-1679633297
1408268528
759900235
-1345213048
1366547531
1928204765
826908701
55180962
406580996
859160935
-206888553
-309205
-1572129068
2036926124
-17904197
263940408
-690758124
238335169
-1736509940
-823838068
538700749
-890710606
-217948865
922932030
249025935
-847431226
2008305458
-1413155942
1807473281
-642173177
-535706595
55294533
1180662713
-744923904
1666777862
-329054301
376415693
-1619648312
-247695494
-1298713732
2128699306
-887438017
-603935111
1731000541
-1415572829
-802421865
726183601
559004732
-430981172
-399362026
1163075567
-175665185
-1083394423
-1248651495
-1851918894
-1230857603
-1147690911
520302171
84775361
-1344027611
-1569327593
-726157705
940544030
-1709781666
1920741883
69564587
973124795
-1017629553
1282954109
-1197355810
-39802227
210341281
-402094078
-1996033053
534088350
918630370
-393016070
1020088831
1202478664
1483497004
-1508794574
-1977659992
1134760095
-207008443
794037094
2055591567
-669285585
1875946633
-914181094
824695008
1688123878
-310602554
1675829417
209133768
-997043629
-120258202
476965277
-2117504457
997308945
1338521555
1525061185
-1274750745
-1480599427
995606806
1511735157
57832604
1778196398
847829441
1794837441
-1942272596
1631140006
487685135
1620039851
1598471617
-2070495548
1909024841
-2015845044
-563406627
462077565
460902250
1212650016
-178535778
2097736523
-334199802
310348318
1556237250
-613891868
-49162905
-132454136
-525159442
-1226898513
-1720026888
436581123
-9172054
-1909828493
-972347930
-796184214
-1650281808
-1278686383
-1557281021
-505411362
21083750
1761070580
1447716590
1995381921
-1968892761
-1776380666
-503825807
-2084515036
-2139691319
1834423525
-112562903
-1640394786
-944391973
-1362084458
-267742100
1818588766
430608686
318752249
443346022
-397096285
-1934005226
-347539906
1223213957
1139638955
1775710193
1780557207
1117894679
-1605640887
-342074008
1058135855
-931877840
-1953164741
-979632140
-2071731623
2122683344
448556923
387621540
339571212
945389893
-605259819
-1682354916
-1758353521
1314558926
-11872583
-1285239584
1692777584
-2124829567
937901394
-384184622
294420410
1266421102
-1693287210
1779600633
1598515814
-2076096765
1516007967
-587524989
-637532399
-1053812815
-1588816261
-149592051
1564713199
-1803607601
1020414399
1275527712
-71930369
-1862755393
1822894498
681409535
-2024626048
212229710
1471089223
-646947681
1408977827
-591006368
-385457125
-668838922
-1305385087
2069534412
1160334049
-849058184
959856718
464331652
-894811638
-1224618786
-439112497
1969788665
-2121170359
1751354408
-1465423863
1879279805
-1661827993
-446232091
-2090513862
806200425
-53549741
592650418
1129291020
1342323648
-2143619204
-1368688385
795082504
-1532012780
304715107
-1269159400
1169066568
-732764184
596248939
1889789795
2082222704
629539286
1153179379
-522502682
-1321169442
1244151219
-1542737754
-1366579700
-804094432
-117724432
-802797551
488467880
300313510
-121375933
-2121096587
2122300986
723781816
-943614843
-1235538210
-1166654608
-1532964951
1686918365
-996550284
373044718
1013428301
1742624030
1956952080
-318321071
675913895
-1139579539
-947885039
-99785615
-1306917657
-717848537
-214545040
1113439974
1278550674
-2051961087
-772164846
1814517453
-870444286
-162406801
-1813451683
982553548
-2082150127
378921802
-622084083
349520978
14482961
576665260
2113569864
-1784818141
37132798
-697439202
1379279855
-2139942125
-208770314
1001956853
1709876534
-1893046767
-1044873239
-720958472
-920976010
-60625817
305379980
-1737848762
432963137
-1293166785
-888279918
-1047826826
-1388017737
-1871650456
-254798818
-528551680
196488215
743562586
1569549170
-449017638
262176920
1314299767
-559464468
-2146454682
-318941319
1950402707
964871219
1573726858
-1651736745
-179227466
1099780525
1231092512
782312382
133108256
247385396
1975328145
-2012470527
-201661300
-91151608
1770419388
-470454963
1681389753
-44102138
-1554491621
302235900
651889701
1988861466
-531298776
374560806
-655020773
704066033
1765521405
-474915970
1314789104
341694451
1117984570
295382618
-399405432
-1585034640
226581802
249423891
455574303
971504408
-1407620568
-1834774898
-850987195
753000880
-554270657
-461314533
-605030870
-939326973
1813414928
166718077
2017007899
1048632598
-1979914248
1506821449
1281450316
-1660468834
661038449
1447581043
-1042322985
-657444938
-788928328
-1074357211
-1063045628
2091500492
-556641616
1946985170
-575660085
645618908
-696978170
-18239861
-309810538
54161889
-2000327531
-1621306223
373177930
-2125280633
155696650
1494959146
-644673912
1099763492
-1299130165
1349573048
-1313033681
-809901079
-1383996396
-83996922
389689125
1041695572
-334972317
1253678309
1947762263
1942424552
-287164650
1050305015
1160563709
-552864480
-1769915823
-1331338550
-1803814878
-2105581664
1678214949
-1733855448
-176481437
-1333578578
241950702
-1356760916
609031158
-1663547169
-340065028
-1712585064
-1998758162
-1863322091
219642228
-583847194
-705117764
-1888952152
-671731080
1289186460
1065912312
-1921623070
-1907059579
-582861980
-904046239
-789241423
1820746525
2089984091
-1119687646
518476183
2080409253
653144105
-1981409449
322759396
-781202289
536951377
-2102720050
-2022885849
-541522501
562663881
-1649825519
1555616226
-1150146790
946653900
1776442532
1211324028
1631211668
-527171089
1058916746
-1926314629
928046635
-254508942
151929358
-2054014990
1714022240
-456273448
2125589951
-1035435977
918606037
-1340399942
-111088197
-1215647015
1045419059
1035919575
-740097744
-862598448
-1206017459
495797358
1704750624
865721590
1702921093
1221249743
2023371363
-928739658
-1538745746
-864419281
-280903438
-198196222
179907763
338454204
535351137
-82265974
-934078922
1624752369
-304220243
-2125268950
-1171207556
494048554
-1867304393
1106111139
-1562998713
-2077263750
1210543120
87746189
1046455172
-1135059268
1830600055
-934477940
387713383
-280480280
-1428355937
1726677953
-1975557420
202531495
-137959244
765418628
2054519040
575468072
-1382446816
-1139227057
-985284520
-1905552076
-130720503
-70642692
-630575711
577157247
-1978857698
-2098826957
1608235360
357256769
-135716461
465229853
-862374533
-1190847227
1716405865
-616780195
1834178847
-1199659071
-234563598
-223298241
-1821169948
1045365541
-684307052
1724709170
1587417391
-1092670409
931924173
-169161613
-450002728
-311053281
737670774
-1912153845
-1622826484
1798362431
-1165000629
-844732933
747740019
518276486
1214616234
-1484133452
-2073455724
-1907271162
718846618
-1818790964
-1383520136
-1987751997
1335271439
-421609489
1942175117
-1718432307
1323720811
1413770259
-1853209651
-644287344
618630472
109084655
653418527
-1386508695
-867445900
-1108335699
-2109402115
-2133510787
-716337604
1484876765
1972653142
-916094266
583387885
-755273555
590674612
-1597334930
1343783063
1213473879
518495393
-717837985
-174718956
-1998021414
1828148551
1439115290
1891426376
1602471148
-1577157290
-1330841912
-554177879
2020255790
-1484141270
1974576782
1102040065
-1905996127
1371637036
-575175643
-239039118
640310104
-2100152201
194459561
-1965090374
-787946897
2017795519
-1651044944
-1115991368
-148166085
-1760425362
1977957790
862944047
1207913410
-1959560177
-1925201610
563476680
-1762007443
1764185071
311005556
-1167412643
-2085856517
692922625
-441033573
2087554676
1896825273
-390245374
-780990071
240113161
272732143
-683533860
-2038260655
-884047984
-502259555
1087281231
-617852917
1471653433
1201706087
946165966
-644810267
549040501
-254427955
-1122325082
-1232402050
-545328968
229836446
-839041691
1897773683
1853927296
-1301833810
2037473401
-38974663
355009942
1661014982
506606871
-108835540
25880468
-145670949
-1980396195
-1077976600
-563332186
-1466899837
-2116150342
-1174013481
894826132
-2080516956
1304002957
574875659
-988117761
123260270
-1094835188
1761009486
-712833814
-519862646
-1487475865
-1311232906
1289229180
-1395757677
29970476
-2000141828
1543713539
-1014453307
-379299092
397338831
-1236136644
1968993523
-1012041185
-588436890
-1162537519
690803134
1592414788
-1774499820
-1176022750
751393027
-1615532980
-962702433
-1484438712
-2044752747
2050614840
-993641198
1341475670
-1009201877
731286016
-2099353134
1919151841
-816899684
-557388105
2129144046
1899682242
-1179513527
1827833835
1415026875
1151440409
-1109863975
-1394096303
-501165664
-704429931
2127886379
-1619151711
-1662227922
1233435891
1680174216
-1331912769
-2130204557
520826564
-962069992
-1659023077
-870976369
-1473594766
274403735
1455447129
-1462869881
2136068740
-1813461176
1601534259
-798402215
1728419104
-2096153559
-1773861218
-1290807985
-230162991
1267328615
-1062462421
1809748888
1233710986
-1268617964
1297993136
-484097772
1175411435
1086786326
-681409241
1672648302
2027422914
-1125143198
-323447083
997966703
-977555244
-59096982
136803246
100580241
1351005404
-80092972
-1389814281
212088787
466106323
-117709973
753124397
-396394037
-121659023
964749402
-160979419
-1122542591
422772211
-1424527977
17016948
340040569
-1889445345
1797821596
264583696
1843938961
1777359748
2011107164
1465806903
247745805
-2115725050
-1810143116
-1376289649
-1377882768
-475498599
-1503126879
2099175822
1259084685
1646104396
-1881986190
1935542555
1639349340
133225609
1941585214
-1825693323
-1614230767
-265666149
-1192145833
40068179
1702116202
-2022433681
779848575
-1780274099
1226812744
1277162654
-443477094
-740590470
806995329
263816618
-1490855259
1090051673
-636272652
1112123783
-943872538
-1652442636
-266088739
1904142173
1354623845
-66286526
1097669481
1829350028
-2068457830
-1225220147
747944844
970352112
629859431
-2111362156
-1350094574
2008033125
1088932423
-1779631054
-209500684
746217357
-1040147256
85134142
-1148298772
634970576
1909352758
742303989
73889099
-1442226012
805189272
595598358
-1609026294
-484316658
35299808
-1387209715
832562206
-249812889
-1959360163
658032979
-937011697
-2024969373
-1210942604
31721492
1776899787
1432862031
-14820210
-1494654703
787530679
-1423931239
-682624940
-65319737
2009244166
-60976747
-1645972967
-717484847
1175569998
1653688446
-1320564584
797931402
-1980309160
1794881466
927457502
2102090230
787285559
1897239137
-1521496951
730960865
96992667
884942591
-1522188494
-357739960
359397990
354761369
627402535
-1208022024
-126647425
1743392750
-67756707
-1046928267
1667868390
1480662782
1923326116
-1622583012
-1156855287
-409976625
-1457369060
434723979
1432857429
1762743150
504174823
-2104277952
14641423
-1071932877
-682587361
100445312
845586787
-445882807
-738342390
788903545
-1779892291
-1489333394
1465895820
213337258
167496535
576292086
-1679779107
-306308734
-2013181166
1147850516
-353136005
69647431
1694372490
1885349980
-2129346208
1375225913
1389202532
-1819164797
154988407
680167927
-966502935
313930089
-1926433460
458624800
-341557288
-1353360551
518675203
1103301692
858720375
538938767
384987787
-597279523
937566955
-1792613894
-649567981
661201409
964108233
-862930110
-1395274820
936198842
-1922462996
20033547
1138563983
-99593456
402412168
-1427741061
1287097520
-1330551514
1514539903
1419781114
1594391764
-160069478
-1194547469
1313084728
775073008
1028422706
-173118181
-1796697485
1567844914
-576957004
719278426
1391191033
533910068
80036884
-371264627
-149665044
-447240593
-1961046060
666690212
1050759749
1524654829
-206422617
-1148849037
372419610
-1981117374
2032400216
-74529078
-655810781
-1129551684
484974314
1354546626
-395687814
812947673
-1612140545
-684715175
-1816644190
-2021244167
779473789
-1631138751
-1034282295
1004521044
1419200878
756655604
1566812497
684009773
-1661989593
856773131
1019005580
684111431
-1980393556
994284240
-1125924153
76512664
-1989254062
-2127753967
-1669332855
-1152472004
457284518
1297474359
1773935644
-213258324
-790886259
-1665372778
1908525900
-11118545
-1743995988
-1815960571
-1457861266
-271028593
629014793
730860721
2120618916
583233808
1578470386
-1516026834
-1711232674
1897589661
-1915683555
-378834226
-1724505821
-1594286268
-1402853616
-462208202
1115982224
206564580
639677635
204221997
784084641
1304508197
-1055058301
33697719
-1601983697
1229385639
-1938106088
877476194
894242489
-1926085763
32951081
-633932321
944839526
76323548
-253782817
1526772179
-437133238
1834770447
-1525832247
-1417773585
-1674169368
1459274158
1574018303
1549393470
1344525047
1707533326
1319014281
2046794429
802563944
-1118423557
1873268993
1363248432
-359924824
940104868
-1644158346
317605939
-87646686
635726550
1531079571
-366046322
-1757857529
-871999635
-1297456640
-1231537714
-1242602927
-1658657018
-687488249
1625101072
771631108
-375620359
1213006714
-385566433
1602428086
-1911912570
859609556
1685942465
-2081871790
1623620429
657868446
1245828173
-1985797864
-309816829
-1320943852
-1726606463
319320295
-2004533150
1284267528
-1598497646
1207978686
873961313
-215826683
-535739773
-638831488
-65796955
1545299894
1898198202
420145399
-1147001290
795763592
-1523491889
-963062246
624141686
-1548094066
-1728024665
1736686482
-216445618
-1348483931
-664446271
81472890
1905708969
914761176
1637007055
1233125222
-597103067
20523269
305639048
-734995546
146340360
1820150720
1792979132
-231568692
1957945200
744486519
-1647222616
498511722
1990864846
1630545877
-1624948853
-468977121
-100540524
885781099
-926184584
-556852779
127511341
-493506419
415706990
1359211587
2093569837
606999162
-431415131
-1586318663
2133409737
-1623299393
-2052801238
1058885404
-822154359
-546251556
-401408082
-1487090386
1842582843
1231704615
475307161
-143148014
-1382751957
309614832
1303403621
562437135
-1511050864
-758951451
-1463007446
-25172845
-191607224
-1876455496
1857385844
-912300421
957895624
-625062658
-1890346404
1410403985
-918938291
-1625187238
-758998314
2004765781
-167010729
-404441382
-438450618
43622656
-389947561
-853783392
1592624217
-659678523
-1774480986
176733124
-316568558
345292889
-1245155655
233984377
-1651574749
1150726326
-1448421741
363198830
1141558398
-538248422
829448570
486735734
1252966698
-1007979691
-690661139
-1326397590
694117978
923534916
-927839276
1377673037
-1668811334
-967552360
867316217
626397105
11625740
2010352092
-1048390986
1565937242
1960807923
-1383932491
1410884336
-345131232
418938639
-1601503894
515411523
-1486459111
-987280823
1227188134
688938878
-1314810377
1684857967
-1952803715
81509457
1719314861
-190387710
-1687536724
-203659195
-972357544
1786600782
851131172
88720107
-779060131
86356411
-1039867447
1589753176
-1907826994
1039841379
1656463990
945193680
1053121553
-2016525852
-1410895036
1155297472
-36677949
-1429042826
-1725276916
-1168803343
1664705753
826719551
1478623017
-779583237
-914750712
536033253
-579400830
-223037961
1567070822
20397925
-1231421753
1730749303
1833811025
322133283
1197250809
127112890
-1391085425
2126029633
-410265040
744052508
-137432650
-1101630669
-1935243368
58679499
-1103260722
-2140825197
-2096595780
902764223
-196374220
495506225
1621314822
2118098923
915540417
1409814382
-975111802
41640880
-1141931990
149750729
-1479164174
215767442
-947813975
-551754566
-38649875
1722884141
-341924899
471095230
-2101899380
1481117545
-522715922
2124935859
1375920149
308066796
-1160283660
-545465243
-90252791
2102890960
1113765785
34759272
346349412
-1785289579
1981825276
1366202407
-1407664350
1139909209
355948760
437080893
399351045
639280198
1841344741
2094143747
575345045
-828348853
-410995843
-105721495
613795432
1869473805
1070220163
1171936009
-1221651805
-1628526304
-1611458944
-1252057991
-1865196608
1723724913
-2102326002
-174338336
-1263059311
775614215
1078603129
536624587
528467075
1925340650
2079794338
1458251841
590489895
-437627038
410153254
-2068189420
-887360530
925586276
-1129538368
1746721913
696019508
-182104247
-566220821
-1603546917
-708534913
-93914943
868617163
-1098880789
601070087
1569199110
-136972723
-1425542917
2129164665
-339242668
-2071223156
-1179600500
-1638113801
-1821309545
689766262
385851685
181573987
-2024506778
899866287
-1911298203
816678109
970377520
-1091529291
-378757797
1551551625
-204474956
-1686851772
-14399723
-806210667
-724550730
1155496699
860652150
1045304442
2126234607
921850174
1532806988
-1921703551
-919063484
-861621922
1095013538
-1696519800
1231458107
-1610965513
-320692399
-542710523
-1558767958
-793125991
-1935157795
1388253003
-783538768
-119409238
-1689891459
-2081337332
1740387817
-979030646
1438215291
281393438
1028817884
1457436664
-336206402
-1075192703
-1414461768
2145709235
342186405
2059583137
1085124416
-2124657564
-398807019
1219832023
1072701954
-1365606213
-1712750635
1614946357
-210476850
-394872105
-1327753448
1605207170
-1928718490
-849931286
-752289445
364977027
942636914
-1189030884
-1329469839
-1013019524
505548726
430687152
-1734099237
-21557258
619604614
-2085164443
1898961245
-299378751
1894530936
1264541982
-565404211
1697018684
1839862875
6596
192182573
-1256672301
-619173528
141279595
-491290884
564647368
-50271049
400564403
354765768
-807997130
953200884
1344577136
-1302725368
1126233939
-1080714414
-2009347955
-1388162520
-249380875
591133886
1663698733
1893223140
-644224169
630884952
366075410
31119064
499751964
-1591400162
548930
1603824216
1138904467
89407722
-1979008537
1057852541
-1457894853
-1623602530
648541302
-2045398401
-470251894
1486654877
1778407700
1501428810
-936647702
8732796
-152169164
900638282
-362471421
-961511175
-1606351484
-1885780854
-45484993
-1022109909
-1456354551
1608981244
-50583158
181614587
537824904
-834394342
-1256741799
-2014856494
291903016
-614945107
-642339602
261060243
-551808684
1590454251
1329330137
-928400949
-1743012122
1087082183
-1164561727
94507559
1628197249
1698134917
1957239140
683661094
381466173
-13529460
734287579
-724095986
1983029642
-1085766273
231782178
-1699500765
-1901918643
-1568830067
962620632
73677846
-1118282929
-975722744
1666674498
-2045599812
1156403927
244395572
1454191765
-1618416897
-293017452
1263836513
-199668620
-1255022823
1731389889
-1665475524
613457591
-1434403586
-215590013
-208752543
1402032749
-1786758631
-8821868
-1619123405
1234673956
1930398779
1439209254
-1441009424
-201975193
1078968528
-1475488767
-845130497
-504358009
1731384147
-1565980690
-1913010292
396197790
-717146365
572754520
2058584150
-1442133040
599902166
-409146321
574673607
1165581268
-356821330
-1403362801
1352251204
-354987342
470172874
-1595921247
-184150586
-2067835955
1008198270
-1198611647
1924834729
1523337252
-1835498202
103990497
918779587
1410184148
1215334488
1788113708
-1864009800
-1691525151
-1693995432
-636830739
-303985267
-929080267
1211470800
465622194
1964576890
-1253990937
-2095502656
-1831031636
-1958952445
-2107589183
-1158123341
-111003431
78417993
-9725188
1370018866
-188948892
-1514161507
704112205
-770441859
-1232429237
-2104349867
508942628
7597688
-136647358
-1939006749
-32400078
672968163
869091031
497963042
1789208620
-1252462130
647627478
796037619
-1920626737
-2008908469
-237900306
2071797256
-538764765
-2032786076
1950850708
-1709229825
472092162
68071759
501195558
-58709070
-577599525
1188104672
-340595116
-656981555
1480316595
958884926
163653051
-315712096
1872766316
1710265305
2066134738
-1352731339
-147557302
1946357659
-358296055
-1285452635
-2019481934
1091843677
-1853371346
-183041625
-2017613516
1337290396
-858114541
1299627113
-1936591926
296861036
916068974
-972809822
1215786081
-1908354900
-997262849
631480808
-351867495
1227094138
-961659400
-121904578
437908937
672449513
-2048022376
1362278897
-603897275
1446262001
-2143704040
1922118051
-1267508510
-56311898
-1187001397
-794480729
1826214330
-1284994899
-1608815744
77176208
499923756
557881067
-1846169302
1257427716
-285990362
-1545540482
-544252734
1969641941
75857061
-2036811024
1773517420
190996305
1512793213
869082793
-988671272
1015703257
50403413
-1869066842
1658142187
-1095495248
-651458315
-389708440
1605843869
1044910100
103282372
1199506478
1608316708
-1986490478
-1423416437
227567973
-1296787374
-2030060906
119463039
-60499617
-268761285
-1750196927
-1029382019
-1407279037
1294173722
-1623587969
150759063
-1768845244
713327988
796795991
222054606
399019797
1211831933
-1838731643
-745400543
1112671900
-706175045
-1389032891
480220870
1628843237
746895337
732816497
882536887
-449489063
-1598600419
-2096212274
-46605713
731630895
214789676
1029915042
-1461835787
-1898197727
-1516403635
-2085672311
1663479321
632666723
2077596412
17183880
790779389
415343824
-310829024
1206453602
-92161322
-785604506
-536783249
-1093129174
-1359884556
1253023732
619064337
1990122777
-1809953537
1661781777
244012931
-177400159
-845973118
616261456
