74467283
1285004166
-98737414
1832597500
-179751230
34396944
-1314056637
990074075
1197261204
-1528633655
-1244392966
2092572085
1184403387
871903702
562428749
-1474967886
932879612
1835472247
-1295238853
1332926056
1421321534
-1903021500
1377728140
-1405832506
299628965
12526008
-1452486912
-693659597
-117697825
367803379
-477946933
-1930928394
1179350205
18249147
1257247551
-742870313
-1882867963
1156618947
-1156436021
829202694
-805386362
-1403164624
160928291
512270396
233617771
85085016
-1981984064
1198880544
330216916
-824129332
292419211
-1054759701
-1971723870
-1384067176
-324666668
-1514262450
-888255342
-141132600
-1484739447
423559314
2107850125
1347556142
-1879130461
1160062209
324759613
-374264989
951800803
-493113724
1531385827
945053706
-899977282
-1084883059
788708199
1733098075
-1664154987
-953633226
-60866896
1585079007
-853932760
1615107242
-344937163
1497848440
1959745356
-728953916
-2144953900
-904708188
-456239652
2113555445
-446027806
143909890
409951213
9502826
-353693310
1128314388
1079681860
-126347155
394673978
-1784659131
940062732
-1202240758
-842677053
2069714478
1570698179
2041512182
933451551
446248212
886289269
1350922412
-1347186703
-750467915
-1983300307
1272002777
1769050632
-308112572
872712359
247346426
-976755908
867176368
-628072630
1652410434
-1251176579
1213493548
480675668
1863252672
-982259416
1577707
-1528566185
-2121743167
-2065794404
839862315
57706211
976432242
1092353293
147844213
-1126511228
1113725386
482764951
-352766942
49424622
-70318938
209023382
-2058780383
-1175807626
391962933
-1296300236
1035354102
566717380
1778642581
-1687771326
-1951002363
296870599
1381583806
1076534092
237879824
-1279521560
1509979807
727937767
796187645
450836609
-1567417978
-1451405492
871287004
-1777812592
-278017340
-864037846
1812059689
-251723097
1939251856
672584119
788895565
-1038869721
-824390869
213056519
1180068970
-1053152083
362704709
657343393
-1907084969
-178154037
1033153183
486843215
451827945
1062182906
-1646567184
-320112843
-289408908
-1734869297
1130700556
-979455707
-488470639
-514683283
-76977597
2052881969
1388730400
-1563818693
358490631
1660760449
1456212624
133663957
-739059759
102664293
843743837
-244681145
1250902340
1941347245
979443418
1752857976
1497639057
1456738872
179190832
1888899044
-1640988899
-208246582
-939638618
-462992755
1867675233
197288739
1736948258
2057216819
1289143058
-570164660
663572463
2060415170
678850177
-1825547213
1418103999
150750987
1821760067
-1225797510
410830068
632707510
-740435436
660641419
-380003046
-1407755657
-97384456
-423554833
2058941624
1170114176
-1737115997
-1405038112
682113352
-1030973642
-1211947494
184376604
785999234
-1251898842
-590422375
-1322732805
-1150275360
333083706
1667978679
447019203
-638307490
-1136864217
-1967177273
725733947
710607234
-979363799
1057177473
1652375677
1976140955
-499299598
-1816023582
-1233970672
383521613
-1646781473
1541268560
-356290506
976817740
296990317
-111794432
1273591169
-1641413274
-1481040662
-1610220132
-855524948
1496557767
-1902380433
48549919
1721224871
-2140861832
-1675223027
77000195
1577102067
983233576
144777541
954557342
2135448880
-562277073
-505887811
521355721
-720444173
1640041679
1957180977
860699586
-1558625059
1638175932
-1800453465
-1579499693
1192829416
-361082914
1777070054
1199958835
-1468103676
1735491924
-959953368
572655531
1632406498
-1745670212
1978870542
-1469160068
807612942
1575254193
425101523
470664959
1279091523
-1011083116
971781316
-1725384818
809766394
-754832753
-564770577
-539790046
-2050230973
398288087
725017882
-373927875
1113414872
-608086736
797870839
-855529974
1296163439
-502963786
-2144892524
312793282
1279662160
1583649241
-897045480
55700048
1919005990
-39689304
692887468
-347235017
1729260825
2089890131
207930550
2057715635
-178075621
-1074074902
-1228841140
610895134
391612801
-776656789
465525479
1175720341
-351044394
374724602
-1336470186
1727765467
61520876
2056129650
704701686
-1608595076
-2053389773
59027484
916409888
903096629
1467343181
-488431683
-1194157087
1082388371
-140907807
-102633003
-1172254736
1982749145
-377805906
650407462
-73916964
1715133222
613667811
571832690
893478277
-768968745
245500078
1826683273
-1071947572
-225840343
-1225368813
2068903298
-1666287474
-31018205
-1159213058
-3803576
-992709427
-330072398
1092429210
-436835496
693009456
1211660821
864887267
337188808
108467885
-990116485
-2078493062
-1780823158
-1241176188
-1085775383
517672375
438299890
1504711278
-1030995871
-733424380
496408181
-1428914154
-1382899904
790190184
824593586
-1724090936
82876903
-659471518
1083609270
-702237593
411963038
-7333128
-745155973
-876309852
-1233633612
-1878080242
-35747918
607962732
1987824874
-72437509
449866434
-400240222
435535376
-1696959143
-776985073
1547044366
-803119120
1370617628
169865087
1242453140
1394817643
1200188901
8902713
-386638936
326069986
56875416
676123823
2083088641
-131323433
-1020871381
-635322146
1005413004
1914112723
550384321
1336796372
-1205613917
-1249991031
499494135
1199095154
-2033691778
1162839867
435878268
79891827
1616164329
-1891217572
-2021238554
-1561232724
1612758839
374268534
-568606780
-743621739
-1042232714
-1775060915
1210488047
-836527865
1727404259
423018053
800227621
756369479
-1584939616
929786624
2019107799
-1259151038
529666212
-1636308917
781566273
-78383846
1887821042
-1445759174
1901936059
-236287775
334478861
-1125223792
-1712719281
-1326647133
-1976344406
1560187749
1016096394
336365225
-1192387929
-1120379902
-1251320937
-508617988
-2041868741
-1199977201
167023753
445052711
-1194046353
-1660368657
245028855
-1878302143
2131077837
-330708629
-639326515
385978666
184303702
1467599757
-1749187487
947212052
627686840
230725070
326183876
-1955255739
-1348725568
2107554931
-1348123046
1289627930
-1584717043
1041041459
-1239451731
79645518
-32910330
282665757
-1228942723
1117608828
-2020413939
572895160
855968539
-1486629662
855178996
2125606507
-1024394506
-1923620505
-1648092241
-2047781601
-1099347594
-533810210
1400858443
339393826
-585544184
-507985268
-891054818
-1630598322
416776057
782738919
-1997874624
1026815594
-194902905
-485711968
1202586169
64999375
1644902837
193596900
-793666821
1770156622
1554530399
-284012835
423980050
481540944
-1998525683
1102239870
990358809
-2119306689
1050778379
328370304
-306139280
2034024997
1280631608
-1405718361
-102568149
1768925585
-644611042
1502651209
-1354318004
1076430017
-1839557309
814793744
829949237
764483069
-675614786
2049335550
-2057324713
-1559842752
215363084
-132032591
-763751633
547186718
1068750116
-1050883352
-2023375245
299069153
-1027441976
1617259589
-978892920
1478982644
-1098121955
1536433748
373274934
-1176934268
415047549
-710790453
1466709406
-1297718940
524918924
-1974679277
-1362113430
-1241787600
1634934153
-806285050
564658246
-869632843
-972400922
1164146170
163557264
953488272
-743986663
1994388990
-1462021045
242026260
-300886860
-1642976925
-2003513512
-481792656
13587635
68664957
-2125712665
1459394321
995883540
-783782486
1127628842
1818838085
-1938195027
-642078317
401116235
-2071488224
-375312071
1462538162
-2075230048
-1176900701
-234742605
1701633299
703703581
-1702375399
-2084299545
1708649310
640879625
-1979447356
-1689921723
1429797396
-1917163019
282080697
-1742366985
1302349847
222018792
-607355384
1750230838
1472381296
771901407
1388278559
1331953369
-847231668
-273416332
1369765231
223170862
-1652963256
12007644
1746463055
610719757
-26159378
-1227893738
-400759007
1493887785
-1799472002
1361597792
1069959602
1037023401
-1127886352
122593773
2052341478
-1945128202
-416696007
-319597611
453230228
304777174
-2032170803
-340403891
-1192129617
1693840570
-1838273691
-1573465321
632857509
293014611
-1597802495
760047163
1786626059
1819394410
326944304
80966903
1593757305
132500209
-328334705
-1538788621
105349810
1483552084
-18413682
-1614427976
-1826986232
-824036076
1324301946
-1430193565
-47182082
318181015
229362870
-1897724523
1315196974
-1429985479
-1432039092
-377836883
1308861805
251499430
-1713211740
-58550983
1592336428
1690482538
1864555666
-393898071
1430228001
437242313
-1024057707
635334213
-1329682139
-905817141
2141059677
691813728
577216351
-945882213
-178070899
1479818957
257036706
-1177013999
-1192736318
305943186
-11701740
-411398259
1579618772
-806263077
-1674543857
1453132038
-1336702117
-1589122255
1072365131
914370146
-430251660
-2106342677
-1710472132
1034496263
1560956357
-1439143196
-474815048
-1648739919
-1348497219
-1574353298
-2130657828
-464269178
1035086368
1701660549
192430640
-513371545
-1369893438
471361095
794203913
1494212488
879300754
861969315
-917502418
-1767919806
-354178598
1696289616
1883945918
-1325411033
-1016093500
-968128255
1510862160
-1818098858
657944095
-1403517738
10080092
1536892433
-1928156573
1443130133
1782512856
-739789684
581705714
-272690407
-1361955546
1866380039
-106593888
494983562
-1564240851
-158031330
2043600245
2124112334
867084484
-1027405985
-1365265487
614824638
1533742423
317504285
746322447
763140764
-453286204
1366378371
305106766
1145939525
-63771258
-1680956181
682549996
-570001502
1942480148
-135141520
1859376436
1706350436
1208722827
1886171585
-726002821
74374640
2095520650
302940472
1791915173
967569302
-2042305956
96347946
2010716654
-2085304311
-788505508
-496958592
1870813159
121915659
1107520917
-916269946
-1941001283
-1864761241
-5063512
-162910206
1292779713
-1126524636
560111090
2079521160
2055260707
1286188023
-544404243
-372676083
-558451455
564896505
673404887
1173716153
-121309536
1792386201
-2099486320
135255296
-1259275528
-514016813
-1811243576
-1208585741
1338931061
-1938512991
1200827225
1189659346
-769579525
773985202
1666298096
-1149767450
267430955
-349488039
1993007091
72446605
1465725668
-512955449
2143928734
-1212728426
1470591500
-1853249923
916599407
-1093001522
-1765329776
1447785723
2073374660
-763349797
-1474848600
-1536665411
1736039361
-1163240377
1632669791
-1276863385
-963093641
1116284639
1752786514
810382142
1674703682
641910846
-1913107785
28941274
1174668658
504420772
-1516295007
-2061174247
-2142644436
-615119093
-1462344831
714562647
1100693394
-306644612
1326050544
1775624155
-1752914655
1230181022
1887847082
107063443
-1399394981
-1864970865
792595677
1484644356
-470531419
1887099126
1220687012
-1641926789
-364325775
-1380696488
558504653
-2090980984
-405998177
362490539
289535714
553997996
1356872992
-42259416
-1850629529
-1715283631
698584284
2143877477
-533834657
1815010554
-688774442
1086657954
757993749
594494650
444078220
582215266
-138685928
-1701819158
-1968769885
-1895231939
-1141396858
-799468523
-1875955005
-1855119116
-289510515
-852803785
-1414535744
6423750
-1937208017
1237069095
-574892039
-155478783
1816682308
1063873872
-2090480123
1718049243
2097923781
-388928089
-1199845493
425159041
111545158
-965438504
1622383216
-435042704
-1494583100
917648834
-930569160
-1549349116
-834086495
230171941
1873694117
-907636146
-332854037
1077068442
-134271836
-2744790
-848085788
1039584195
2130481257
-790422897
713456062
-1749198654
1400873944
-1704638936
1303887014
1067302126
661639718
-1813862364
-1534093565
1450720964
-1805102656
-964392119
77402623
1950341915
879819115
1484297807
1159234117
-1925150821
999080876
-790981269
1626952716
-1771919249
-1641896855
-847722199
-1110568108
1564716345
2037093584
109956734
316028016
1778846022
-530908809
-1163365347
634478787
1598159618
-14367037
-1750396663
-1880077362
194500270
-69793906
-1571737493
-1450224535
398706767
968010244
1162061477
-953977264
-165134103
-112609587
-1330617434
289820641
-171212051
1730631280
-1126394241
1834369059
1294729711
1479035126
444397110
1609294090
-1060206181
1810936781
1544111066
1320575480
-1861001239
1834379759
956127703
-1872460153
1778308751
1281692227
-666149749
-682078843
-1451950153
1477693507
1197989912
-2092989377
-332432910
-1256566050
-258861189
-1769223678
447711083
-573739617
-1568186147
-2090285090
1155392607
180985869
-554515671
-663248723
1345130700
800337749
-790744866
1686297939
-1742077592
281130534
-1166760922
-1848747706
531786708
1463504604
1723951142
567997264
1086792209
1395244000
1510613910
-1045559661
224670003
-924831155
254179476
287895502
-466634925
680962775
-1827582539
503128797
1667998921
1725816040
-1625484195
814584966
-1566188389
1286948875
-554327984
1456897138
-479893457
263057293
523199624
-746540168
566932040
-871715743
-1932711608
2111189537
-1291584209
-1367787196
589467505
-157191320
2144766000
923622689
-1526008557
643416001
680532040
-1512450123
-1647210682
-828726180
884725787
-652675978
-1902064325
-1543169366
1194378027
1469114289
-1675863923
-1165155297
-2051076025
-33662479
1445611228
1696521786
237326144
2115093927
-148549476
-1632480574
2001546722
657623815
821764394
-963278767
962271266
117759535
458691616
-802646251
404432787
1876816782
1999303657
-406862379
-1257695713
539233923
1995214231
656143154
-1747441678
1162761796
-654823949
-198586577
-784645959
840078593
-697387
-2135119629
-620980212
126698824
85746614
302109900
897040679
-1760390742
-2028959613
-155849097
612366816
471673503
1324084659
-1544193122
-1343753003
-172353882
962039451
1444328097
-41970972
2065621168
609933056
-711824999
1051672543
1242155198
-919359250
-337743463
-1172314496
-983442744
1296112583
2038161974
492416922
-779677727
857186462
-1851778743
-634191727
-2145329769
-25675835
419918579
864840972
1094440863
-128486492
15531488
191729640
695027634
-995359540
-1257066544
-43909265
-423764047
-140973237
-663101869
-1036726071
1988815375
737732929
539230163
-384016718
-1751147409
-1080685901
1781528791
894388077
868118667
-760129890
170424709
823580151
-1662212264
1445723471
1570516841
134367872
-347055513
1189386225
-832516236
1814148630
445890446
-219132569
1852718150
359030179
-1345944889
-1484722084
-733000529
1773262873
-857712041
432433815
318371443
-1627628565
597047602
-2094331501
-591863475
1921904574
1483064221
-684752818
-1561549258
-1748143520
517007893
-668683679
-469025050
-1310478855
-755118481
-1655792560
-1431803494
-459281793
562911040
1776086307
1538917656
1575924591
-1631775362
1708860725
1945610480
822789305
403660903
-637317557
1550122499
849040123
704564129
1249616104
1896520521
1752310514
-739222622
339258078
450456270
-204528596
-1444275119
-1170027736
586210044
-113868030
63569389
-1531504905
1514168352
-129931835
1863523374
-800523254
1224804902
-945764041
1629868969
-2088029118
-838061401
822947901
102320504
345759349
-1562343643
492116689
1119045913
-1221013375
1584853908
-1117292483
-261776234
503215780
1394422044
-245987195
-1090108698
-219884533
178519325
-584916700
1667901587
540244136
-57983885
-1679456005
308299420
-44138424
-1279881478
-1351802
654658460
1875635940
148445012
1757627216
138818347
1067580982
1953463017
-1033655383
1575645059
1773416591
587947567
-2119980651
-1075541658
1387150567
1227088171
-443644922
-1120773569
-101111755
-724377546
1507353422
1082410119
-976740351
-1273037564
-1339179058
2054491754
847243830
1643033570
461277171
-107855191
-1618674116
-1161756354
-1258213021
34552769
-5661882
1896635244
-1783027342
2012953933
1295413224
267191463
-1408280358
1500856232
236824299
-841483947
-758993237
1356747222
-846107292
-2137522546
-396237184
-340413020
1647592963
-1808886561
-874578445
2144868877
-458572376
-1081420982
-153088686
1619892190
-155495109
1621388945
-1468500078
1030247581
279098556
2108256435
506504579
145747879
-166757480
-1227791178
-1796095931
-1607197289
-946191809
1414593191
-892461318
1545803246
-977035022
-1441437729
-2064229444
841398000
1087066081
1738475399
1840661457
30770124
709932148
-104399011
609490717
11723007
-1411485720
-827069257
-144717097
-640929031
1032307486
1040047560
-794344577
-1783184641
1121442735
-1069409503
-471877105
-1920168365
-809476541
1986758010
-1251753872
-1262197869
339067427
972852147
-1066886865
1017377374
285037067
1223949589
184866416
-1362054851
-1139153340
1505115100
764245026
-177291841
209824754
-2114415623
158196084
-1668605211
-2070377046
-414926317
-1527599738
-863964736
-1768943289
-192497969
1422248803
-706758568
-1903771906
-1636318640
-1269391057
-1890426160
-917609042
-1394813951
-1957210468
-1956248889
-1251880836
-1598559599
-216263006
1091598592
319275423
-2080944065
574634095
2092834116
-634763656
371089239
-1296006245
-893943674
625391845
-2028500229
-302447713
1696509256
575406549
1847046182
1307057799
-1982494146
-914231009
1383527150
-1962941721
-577420496
-2131902833
-538727416
82428171
-1281827804
-1118500798
1922574993
1513104241
582701755
-1841176013
-1014739445
-1979409797
-737414693
1031785237
468204709
-342847648
1642183566
1773312610
468564414
-1163283869
195104041
-735724621
211935403
-2120050616
-269164112
1963150162
864634808
-2038220030
258954872
1409804301
958713709
-830713424
312169998
-4108724
2086511121
-1339837494
1522765143
-1481437082
-147642509
725040023
-766439688
865992751
-43126553
-427369502
1927694583
1088167381
-1194925681
1367203052
-1568591710
-1416880148
1998722779
-1311869788
-1741043537
-2124093242
191976786
239218197
-1965005404
-793084664
281673105
-790309857
-1039051655
1824739193
2104937876
2078724969
-477509765
1103492637
-779226572
-252754026
1290022258
1304730754
1041771760
291841974
-1549773050
1975306072
1600000495
448415230
1421741662
-1041810105
-893607355
993662652
-1200159479
-1513281283
2125645429
-846630268
1343175713
-926627707
-1091736266
1109641135
-645838163
-910606881
-1775218054
-2114621691
557721159
189158604
-380259669
-84273223
-745647618
476729832
159346231
985759381
2140968829
-1952637186
473456974
439084149
1410379372
792553623
-1762855958
-590153735
1252161045
1413054676
-871487985
212543093
-747330230
199433085
60988499
1119127596
344986758
-1992673447
1933406369
-414065730
1539769938
1173145791
1250609977
1666139358
-203812374
1963850093
-568424454
1426702919
-1892772832
643895703
842099683
1858309872
1962986111
-968794557
-155341097
1799414398
2147089586
1290905811
-1506550368
2005648633
1488279591
968037347
1678596149
-210441790
-1572576785
1001156948
1897001023
424854980
-1536285977
1504208297
1417309145
132076778
1567781404
1128393873
-76418921
-1842855216
1842151787
-813952316
404003530
-661886276
-1979051928
792394002
-2044082943
-302193969
-1283921535
48329912
-1027816495
224855671
1990626658
-491265803
-325117479
932197415
-2008207207
1727395292
-351574016
-2130496950
-452235395
-812468117
1565564416
490368884
-805282740
-493168675
-1092538584
-13528614
-828912749
-755037124
-1634054307
456919556
-828079406
919685689
315849825
1235590336
-1516491425
-1946099649
1711724375
142415961
-693945462
588435653
-974712186
-466048759
928321537
-1319830045
12580701
-706314069
1930895222
1289746984
-817182538
294897076
1217128062
1168413354
200279390
1807678819
-2036016708
-1660983715
-1878765867
-129342153
-2061454274
-903995736
1143371857
-743051359
-113915866
-634970827
-1899953656
531617787
1627272588
-1194478840
-2096003921
1233519032
-1187632221
-972409645
-1740844739
1391564507
389715994
-1588690809
-618739468
1599707565
121170116
-419117010
1525756321
-2143265367
174506874
1001371127
1624574497
509287355
1025693760
1977630098
-117562585
1494357417
1733177766
-1499025730
-1711734723
-283444015
-2076203152
-1670783713
-1216396024
1338413076
296310648
-815238828
-1160826161
548775186
937576659
1322628937
-423691715
238620823
-1870357197
-1295745592
-770906778
417538644
74642571
-1893213354
1526308359
-1475827759
-430053640
-1067783108
-1001778159
-1839551838
755808479
-685908509
1369622632
-1700700712
-12931758
705157989
-2147057689
-768348486
-1005806921
-1168986273
1801364135
609234101
-1523014229
1390292748
596888449
1747991696
221529635
-1885945201
1998670800
-1695823133
-1168442668
-498360689
-428431493
-518688311
-1304277291
364282633
656821554
836519380
-862579327
960500576
2014383863
-846938559
-316538719
-1792468040
1823612639
244018284
-144968501
678582149
765957145
-1560856954
1293205508
-178156194
600816687
-1584920188
1814763180
-803466217
-904676212
1204434522
1182202523
-1715727091
-327399363
-102371736
-371068794
-2100879421
-508203525
-1903848652
1325574055
-1623072083
-1963802008
799329626
-522651747
1577459020
-579507559
2143657664
-491693936
1102913402
-318125356
287826957
342424
221407750
1743445402
359856475
1872746847
-1009302397
-19564825
-150440406
1839564036
-745972643
-1611270217
-181259112
-778739390
859554092
-855689780
13440974
-63168047
-1941777844
-1000236114
-885701187
-1206889717
-956763731
260424947
72337418
1121393107
-931459097
744364736
567855174
200969650
1670997392
467088527
685562722
-1645670078
-1811288623
1223098674
-172552095
744967375
95385143
1769405463
2119480911
-1003180230
-1281271866
459666124
-786756239
-1543726816
1892494675
1218584261
-539338819
-913533380
1607277331
103061341
-318964596
-890615543
-2044560530
648241178
416854925
527035563
-1716648679
459249460
-1326257411
-1550806769
322682467
-1077311400
-1838621420
1637578064
931811790
403482537
-289470270
574104668
-1097164832
-349062906
-966590053
-2087766057
-1332909509
128296850
1634061070
-92412609
-182250517
1087885680
1420047069
1090042192
-2142178561
646630350
1257627336
-11262551
1620516698
-1231101147
-564985461
-1965701970
-1274467638
-120726594
-2022970613
482047920
2090487385
1967371895
-1171462197
135512907
-730949405
-1283949114
240919460
-191558129
1425535720
-1838457090
740721589
-1487428254
-390132829
111121361
-1471435881
842050724
1428521819
289398805
166240725
-1381344620
-1066408200
248883147
-1880897637
-1166530318
1446727896
-2025004708
-1661724756
-1542727068
174834403
-1261541340
-764878695
-119899491
-975335972
126776116
578186799
70171835
32856570
172307539
-2044766671
-1420272656
-707812169
-2115771578
-2145821626
-1965137308
-1568028698
1131985233
1485316404
-1168868774
556523019
-1722244867
-1537797810
-1529762415
1700534246
-993157606
-1986050517
-620153108
427382609
267727367
-1877127272
-2131998124
-2075909301
1550467120
612767695
-171575587
-619034285
1258960600
919164648
-248477913
-1623539718
668827672
692275599
-1957297146
-1110663501
522682150
952540918
1776532837
1790787309
-702374438
1719849485
-1624048281
322361955
120663662
-61185552
480725454
-1095615822
-292280955
-176185951
-26945632
180047403
642052206
-815401226
1669862663
-156650006
-2053117015
-1518268204
355560825
-1626627801
-127844951
-1943405411
1850125336
361925067
1347295707
664165094
-402808742
-952719802
1644212198
-1303096467
1784277228
-2009127777
1475169076
1987680330
771885267
-500530484
-484743503
81979491
745417428
-1286367165
-1485457198
-909851355
-21678314
2028283088
239107033
-2069541008
-1201463547
-1300825943
745895510
1591902162
-49446024
13437375
146376688
241642999
-485877483
-807269802
-1382564251
-2057004192
1845260020
1022121175
-991283506
-83004077
-1356399742
1151680741
689524519
-1481997806
835031975
973616557
-597824497
-550474417
-176836565
-1019212414
633067211
2080466910
705897813
-1496408408
1798666128
-285438292
1572221140
660831599
-2130022399
631786735
820642275
1989430147
317118966
-1704710754
-1392435289
1727670402
234958462
-798896092
1725911515
1381832655
1451301159
-1393822641
-202969170
-1982894171
-412501124
1014878606
1227995371
1495836014
-689560370
-1684263589
891002202
-26211499
-1317076425
-997923594
-1297607066
364729114
-1850946853
-1293885869
-1280248065
471722532
648670321
-1594911660
-1537747519
1567326940
698137601
-2057129414
908162389
49372984
862531310
-1852607911
1974783767
8597653
1811324983
1411560459
833463289
1417781449
-1783224839
-1615856410
-712198234
-764028808
-1174783176
660789553
-3270166
1890490022
1819853278
1589989267
-674225584
-1797345906
-1168334589
-148546547
-172228084
-77203279
1675395950
-308369879
642453531
-1108664271
-1163888037
-1857231245
1951544232
1904065886
865634430
-63262936
1286541489
-404900719
1954699591
-492336083
-859251990
2080233528
-193157017
1182510658
43053793
-190502606
2146114963
-412183177
621654370
-2106374051
1792385160
1187606238
1211893020
-1782452884
-1776654002
-821749375
1555744388
-1238993155
-1015394112
1594820246
628942328
-168564758
-285530806
-838899471
1374541864
1900996062
1771309044
1505650617
-607787855
-1217753813
1842615712
-1329772450
-880657654
1318989275
-1955340145
-272383030
1733226915
1450264068
113671721
-2145322282
-1133554869
-826520224
-1660474115
-208486913
1024663249
1171400220
-1026763003
1898781784
-1974625042
-1165015312
-1497566161
-591958590
1305325666
-949423505
204181784
-409777061
2135180380
-1301803104
2012118554
-1298845388
2019081502
-1734314036
2038819464
-1971476410
-1780396320
-2089890407
-467865545
-1069723739
-1072734475
131346775
571003713
1243420149
1537102636
-303536487
177601029
243756061
-837454984
-321896697
-1587682959
-1144627653
-1122778669
-2144379277
1213305219
1557514199
2124868702
1273605161
1448629772
1638405978
756858316
192546186
-602226762
875517120
2110828545
543753691
328085833
1248026508
-1100118795
13104986
1968536873
-1147561988
1093994974
-398376558
1833916194
-200185986
1969121422
-1248794384
-571236760
668752994
-21124327
273478549
212648920
-2055222064
1307399610
688834412
-1335177084
-65456901
-1705166090
1301009791
-209596306
1068352662
808971778
1681729158
-1833065070
-740241529
-415074463
1159371969
1773242153
-2133584422
1408249809
-135790841
-1075203796
447747831
52356455
-1579212515
1611270166
-780016617
1636675320
1835253067
-1051937554
-402709004
73601467
-601697492
1904213380
999836095
-163750612
-1211588666
433249530
843843927
-1366138574
-2070576423
1337204869
-1708211529
231858819
-724867717
1291848821
-1362406737
1645244743
-646810140
1408552306
-1465227562
1010206203
-712160122
472267271
-22512962
118098072
-910045599
573417572
1452405865
-1910069773
2029871252
207281247
1040192508
1163630439
1341145398
-948481604
1290316466
1596702896
1520769382
1207789229
-1543647981
-174634983
976690336
-2110182757
-1592134556
1898187994
2046445906
-1226779354
-1496824991
1502388155
210673326
1846487402
1757405737
399745532
-2020582462
-1200993916
19178873
1425256056
-1524327483
-1578779052
1087272220
1497510151
-154999886
1127659395
184296866
-1860317148
-1315867366
-352467001
-504514225
2045201615
1270053430
1310302565
288177238
818805940
-800760005
868914935
-1962102713
-1981332851
2125786354
1317463151
-1135428924
2073733316
1860696199
-774110117
1651968891
786596443
-1753367392
1220121962
560639311
-1300548080
329527217
1783010350
-319310120
337221563
-742659186
1714023715
-897118706
291697659
-996509119
-667178257
1641165632
552055313
-974906339
1193559275
-520992950
-603213813
-1376560365
-2050764319
-241385210
-740967132
-631898301
1284711191
-1519286782
911332970
-62113578
-221443188
222648947
-423097951
-1708125430
-414296191
-1903240086
1925456487
511214733
-1157679046
1506508357
-1358396008
-731074289
-1837029371
-1206569881
1950932723
1188114450
1191742075
1148766763
-2110814979
-1893569277
2130283781
-903343595
-1174751451
294417550
2052328354
446850378
-953345496
1140966190
494042598
564209218
-1365305674
-1428690686
442249285
524106427
1089797717
1953109735
-1507111535
-828526352
-547874170
-1397823294
1628142784
1473184778
-1903228379
313524509
1952323315
-244993066
-814477035
833047029
668809651
-1316609095
-762429924
-1754337583
-1939392131
420934880
964463370
1194222614
1571829888
-1367191621
-231711967
-620752999
-340793948
-1967271765
-1343816784
-17799562
92121038
43518969
-492303616
-193948641
1370339682
-1027220214
-1173821068
-597426505
-798623735
1712911568
156473579
1888566432
160001203
367811460
-1137594776
1085558610
-2117742625
1818941841
-907920907
754530158
-599880167
303987667
873187523
-998033902
-1337651004
1534568192
-72751722
68570991
-1153020135
585985638
346536799
608035479
588376943
-666885674
632274474
1084517019
-467705668
142755552
1473412666
-2130854699
-21363621
-1139052225
254085490
-2144970623
893706255
-482627946
748257013
1026530194
827566151
-1922205347
1750776081
1161425091
761680547
-245405931
-2061618856
-1451537685
300486838
-438434365
242057999
-69107307
-1779256563
-1618371429
672870348
195388111
-212354960
-2024094726
-1305703846
-1692627390
709397863
935594137
-725816353
1181052290
2132131839
7212543
2029819713
1617550759
-1524814899
1315890231
2041573060
-1905631716
143614515
-2018212669
-2068193289
1527568566
2112672482
124103376
-91838000
638015240
-1374783329
628849322
769286422
-1641006859
1216745032
1896459377
-2133272833
239255686
140382233
1506946573
559072793
-96467204
419564843
2115792990
-524392084
-113135831
1587285310
748147640
-2113936928
253028603
-2034495817
-1701582962
713559516
-1891001767
-806690581
-61836948
-1550403792
1640677681
-384180579
1926393642
500644660
1154638545
-1460319035
1875544158
-212004559
-497247114
825713043
1206690578
-730344706
-1788696286
662058930
-1512075338
690793454
-161484622
1405563345
384237656
-1516416535
1949332527
1110872670
500776721
-377295656
-1351013533
-1900393580
-334145598
-194670522
683681711
-1473033289
-632968960
-1751176381
1298370588
-159331938
-150597556
1455624844
-1694774609
232609138
-280746617
888244456
-1935251712
-1628065356
1453537700
1144056276
1199349261
195410052
76876959
-782476702
-1940817077
1682428191
544435885
1171399773
-1308556546
1162328489
1391870132
1040850865
1180363209
-797857492
-651917316
1943981577
826847624
1300434400
1268156711
1792675002
-1351073955
-636326996
1875517022
-427786017
1557217033
-1103618324
1739177165
346366404
-1802705028
1102710644
-797319856
-1568635513
976024750
1226334165
-1788363666
819844092
889711279
586826974
1311745413
1953072081
-2064779779
425505125
1459633479
-783530510
1791687957
-422645177
1998815076
520012590
291485516
-1154230612
-280140920
283709466
-378217250
623845519
1643863432
1009449781
1468580935
-505742979
-414241577
-115828404
-1071054639
735670172
629321534
835236896
-1456548242
-778944786
-826692916
885587781
-768698681
-793941289
-137247990
-1511639220
1926708116
-421565476
1495272819
-717975772
1811993133
-299633235
1695480098
-261681219
754814049
-1328506523
-528056883
1649069549
1940556422
1756940303
691258865
572856983
1341829841
1479604587
-446379954
-285077239
-192468505
-464061710
2071954582
1542662054
-1302970189
-1713263848
1533269856
-267147580
-272438406
1629136080
92412258
1512253911
914101804
1858641749
1902116319
568626894
1815374331
-822507994
1390961758
1265760189
-1844422607
-1744335535
175772060
-526597445
-1184268738
1210369524
1114932163
1148886029
1180415760
-1435699456
1296127451
-206631293
-1157534297
171294272
-473176449
-485280222
-1769339672
-531546727
-2059389484
-195856126
-626104144
1987565715
956640951
-13276551
1706368043
-313407977
309710645
615922809
-260548249
1507949178
-2044730305
-1722522826
1811289635
1268526522
1233538206
-1008906485
169542125
2106458630
869267236
-1874698082
519491947
-21262717
-156495837
-1467581631
2073651960
147509837
-834203101
185063835
-4339598
-1810246725
-1397510706
864028807
207659601
-1911984154
1407565103
-313643973
-1129433092
1034362476
680310299
2017325997
1704184151
-1270305423
-620867601
524279345
-1141467744
1062812134
-650555269
-793921690
526087035
1321658381
-1860979651
-335516333
803690058
-1938481092
187082193
-276126516
-330148670
1561285600
960362664
1008578586
-873724741
1574211268
1295522552
-357250086
1802059846
-575383405
-1700875533
-73611739
-1910462460
-1097225573
1695505210
-1521716239
433878709
-1773601325
-1022414188
-1920689994
-692225521
-1996311265
-1889848614
2006197332
-1206631216
-211064879
-1653439690
-922227917
869461526
290443379
-667469428
-254067541
898298350
-336436285
508903223
-1632568410
-586152150
-924003330
249974008
368254340
-518914442
1653605473
885338666
774943550
-661848403
2018586860
930208570
-1930370867
739291752
-646230423
-1064645801
-944544052
651442904
1246226092
1677196645
-1120034212
-929694763
1811084571
170811446
232597319
564368694
-946763920
-1900912133
154622055
1264033123
-374659395
-1670168840
802136648
1847587111
236080304
1694500726
-320586740
-1007113014
-1602721512
-365784834
-52718961
-2139807138
50215847
-218380605
-75841078
-281976487
-657881607
-557839009
1707065468
-1273224348
-72001068
-966152766
1807753734
-1078840719
1237485489
1380088679
-644377962
1765907475
1564602747
1862609351
562000264
-69450231
-771045994
1588200722
-824496632
1829156891
-22354398
964297244
-392476165
-1750520023
-1835007872
-1121035883
-1290590433
798379392
-1366550252
-1584258435
-461634960
1130101871
557879116
-1484873770
1847706061
-263695591
413588961
1063400858
215775195
1624610445
-398550179
856504559
-1606172119
357410579
1818001116
-494989416
-281582187
849768136
-238129898
-1071557969
-1003827987
1503536493
-1857760868
629532817
-766030376
-1590198917
1294059617
-510113256
1758681079
1495469690
1800592251
58812175
-943001017
1671729298
-203269845
360766946
-923260216
1213709666
-1405516262
-537560427
759192675
-1289623024
-1763889179
-1040568073
541421320
1373286048
-201169957
27002390
-1643612650
-251187575
15814149
755014901
1085100288
698930821
-1895267226
-1222878596
1531261484
-791043160
-812432765
-1861069649
343945246
-486717516
-204908251
1011319074
-1081850667
-1460683094
410506844
64345772
-332767371
-82892380
1061005767
-39627173
1757965349
-2054683934
876071187
-1624494169
-1330022854
-668467423
1387043008
122581993
1648576661
2070753331
1308532011
1079577869
1451962440
-1312015156
-500516920
1132915590
-1119763073
-2138979943
-2003405650
1009426306
902291101
-202362986
-1221120936
-1403137698
-1223880283
-1043547232
-2124218967
-1706341028
1082812379
-1267518647
-1490492368
-1151232365
-1077794902
132238059
-1172476243
-987286234
1758976200
-1084540673
1096669652
826880952
1952573079
1002353327
-94137520
521109535
-355957554
327851433
90073354
-957734057
-459556264
-2022175947
174844074
-1736080200
-1719355780
1726632073
90616669
2013473899
1259656253
-548450213
1081133529
920107290
-1074335742
1849838008
906499229
-542769946
-1255279750
-116637676
983870589
1970959774
-1604994119
842682529
1339336541
-1924557779
-175522394
-659322653
-943624900
-1882814638
535235737
-1338174844
340187508
1355775383
-1563056320
586467428
1887743039
201822843
-1231081790
1664583924
-78180227
990239473
-761828315
1458166212
1286289843
1409565965
1283278836
359575641
-881762730
2003844860
-1241442277
-369003452
-834825654
-1033217739
1221027862
-1981444497
1639794085
862017518
1024302922
36641209
-163615817
1338533840
-1182258766
554535109
-51802546
2108647917
1785202366
867849487
-166440651
-184579343
602923639
-1715795137
-1326568962
1770887575
283057382
960972993
-1725214719
-329854881
1081828278
1956150933
1182148772
-967571843
1231536664
368217443
-222055461
899316756
-1610462490
1301384914
-1394361102
1832957347
250593547
1922719769
-1277373558
619780799
-116465119
-1276067371
1377849568
2105232386
327366491
1353654557
1034087765
1330668611
-1490972508
-1490461229
665496106
-572155641
277253640
1579491901
-51702902
-625217994
-1212032173
-477650989
-661315891
58913041
-1979252233
1331807578
-611309318
330804835
-1149307598
-1757330895
-1201284722
1249925110
996392048
-1522668822
-1664946821
748178760
1933697005
-308260069
1057697395
656898943
701594526
779595894
-912319899
916146329
1553144913
457333527
2052456263
323386855
-1485124846
1697480477
1805094678
-1208949317
297134801
1000723323
-1179897830
1675006048
1748945985
-2109969905
848006510
-1121848246
1824201730
1568664820
-588960833
569073038
659590913
-1046749932
-862517677
-411344749
1592619295
-1869306368
461535309
-1724562423
1127807504
-602891517
636483119
-982936038
2017037445
-1525993101
-843687009
-1918869280
603800461
735120459
-10301075
-1259490794
745763384
-1854362378
-1125478444
-254121455
896268669
1257561453
-901775105
-1416198672
-23357347
572204931
-977729585
2143901970
-1110271417
1003089279
13397723
-2102957624
-595228738
-1459685397
562611127
-415439541
-543310536
1416137899
1116152441
-782835984
528616521
-469212336
-2109688455
-295383399
-1566192895
941689518
1406528855
-229703057
-655428207
857445291
1187165505
-1395263539
-131447244
580687193
-1058330763
-1931882625
1271818059
-2049122745
1931511301
19419435
1253942218
-1446287597
1274444761
-580701681
-1228424749
499341892
-1011029510
1417122540
1369682847
-453360298
2129839373
70969665
-600577371
1584908053
650823452
911263676
-1922787084
-1733734610
-1314719332
-725599763
135765220
1807336194
601643947
-2083084484
160846573
-1610736707
-1802491752
-94277347
-1372804650
1095061927
1031045800
-1675181951
-1105275631
1307257017
-635795945
-870762865
475873637
1181921907
617351261
-1689684845
812691405
-379152148
-420509775
-766267594
676502176
478840618
-1405284654
-1271480081
-1014740751
-1186315597
-1955131132
-697995335
821638200
-1945613724
-1056538024
-1984308730
2073011249
1303842432
-1475760079
1308507891
1193059587
38082059
1499045378
-717384260
-658588763
-703224487
1174530652
406956145
-763560835
105167329
803438631
-1043618327
-764516279
1544449878
536516655
-848339209
-1828736190
1755259384
1514458850
550019803
-357836162
-1391271386
-875802025
1430613755
1876831125
-1212150472
1143565458
87483859
-939875705
-1789780085
-1189351930
327565608
552845789
-1359539236
1559379034
1636447107
-1046263539
-801971239
-7599760
-1119064867
1619881250
-334365195
-769460574
-78236010
1359771548
-1146305413
-2015123378
-719955284
-27463788
880503270
84282772
1734461992
1759555876
1830469231
1941692510
-558647589
-562981115
-132660506
104374688
-941026230
1224907384
1063326917
-947481120
-1753304090
-1453814422
-1923446911
1175487992
-1239912320
-2070818094
1400930083
1124091930
-494199557
-1262044835
-682762217
-720481003
386542146
-1786618803
-974084028
73330134
-1548404612
1986932382
-1551465124
63804720
-1680799874
-2021092246
-1940128652
181395935
2008709761
-1528746355
322827990
-299569974
1398383380
-94651252
144099350
-317268089
314967891
77904050
-804454045
-2123864284
70031193
-107933060
1592501790
559943460
303760882
-1043027146
-1577019984
-637548345
-77891435
-292456219
-2028519784
60236431
952550033
553349991
973270722
1757606910
-1658675323
1064021976
-527608545
1607827875
1652859156
1140805176
-1462564751
751721815
1258931161
59055434
-874436762
-1497790780
-214048871
-1169745730
134505960
1925287974
579692215
-1788140142
1818958771
431541077
751773932
-1787252556
1338058791
-157695230
-1365570250
-1354296341
1048952671
767525952
-1610746095
-965548808
826832001
-107316154
-446018844
766939896
-1610869417
447671923
-523778626
-1738213876
325266206
-638171503
-1283679167
-1962232517
-1048365922
244108125
-1049291554
975546006
-79106694
-30837433
-473034430
-1557164644
-1185335607
-1015681675
-1692779761
1747704800
1102017764
1916336397
1820379087
1455314920
-1738312063
1202050227
-1787819995
1942670936
1895708928
1766278224
109917764
838611280
1952849413
-1624941803
1932408741
378784273
-1897896378
-231653441
2118206964
1388798182
1395590565
-2030931684
592556874
-1157660863
1622090880
-1843048755
1503149473
1723150371
-1009917368
162720332
989373828
633397953
-277992112
610690096
1219853318
-1058909340
-1137458201
-968599120
-2034344972
-1251762544
-1386958168
1387079269
1410073165
892854888
47440911
-1061487021
364968434
-1072164272
605853008
903423017
-486748519
-1658396460
85967971
1453440968
2075851527
-238099513
9562979
853809409
-2064251266
-1474537809
2096667928
2005744290
-1965390477
-284811424
-1524836654
-196525645
-564334204
-533727002
-1334830216
-1823220483
1900055720
-353769304
708815839
1951580363
969720743
-1714462263
1752330335
-948104460
-112081971
1370143441
-649893980
1761547031
91502554
-613951092
-197939519
-1246133464
-1488756676
573258034
-1165199734
108041260
-207881601
676376263
-1334150622
360078144
-1852986364
342331332
-967718190
-115797281
-1935678480
-2139611401
-1826487012
-2099401629
489580647
876110759
-1548729585
-1391233588
-1075510534
-728445189
745365469
1171642303
971309149
710103963
-1487642454
1952280530
1754691421
-1528966249
1762006694
-875427066
1439861520
128649352
-265007523
-505199468
-902620083
2123057652
549462093
1468386540
52928094
160486902
370423481
-1148216070
-1070202124
-1834909666
662510780
-103966294
902426970
2000284309
-623973728
970025902
-1151091475
-1362580091
650699632
1063161726
303812300
1804210359
-1264789557
-414588512
-1366919477
1999846268
614906
521087785
-2125506644
407240401
-724349115
1469346434
-1146953072
-556491331
-665073023
-1664412561
586126762
-770754562
-2083120147
408611149
-907021770
-2123711772
947458623
1166277275
-1098293847
-20218757
1211459833
-1272476485
739992106
-1323571985
-600064000
548503800
194904640
-765867476
1412561006
1520915402
631575499
-1079287355
-425653594
-198034599
-2125867464
-1615401706
572631465
-967955905
1834694640
1233552299
811550631
-1080051054
-498565359
1727242211
-43102247
1133462816
-1035908769
254562768
1349233037
610773244
1698764668
849230945
1932056706
1377535801
1198249815
934396099
-821473675
138147573
-1400626718
-914228221
1248510459
886568345
-1566892025
-1385923849
-1388601711
531371870
1000688348
870172766
-1308630543
-377603054
-929137900
-1546766010
196475558
922307611
-1130693704
-1787520083
-971867166
1830371772
-104164329
1016769387
1168292495
-8912234
827178235
-400985778
1842587555
-422589070
-1341360867
-1356730234
1155234744
-535805891
566323418
882427459
-698742821
1320106579
660824357
1285136284
778878883
-944824576
-230543937
35760562
2100351109
1785216066
-1194623322
959340565
-947987866
1220237779
-801152822
-695181978
-766435982
-2043693977
1994609158
-1199041988
469643563
1423894834
264118349
-868448693
-159409980
607491500
1523976227
2054850499
27052208
-927486056
1720567375
1949101301
4747637
-110896831
-682323762
1793379388
185017285
-1757334009
765995786
1976749594
2131993038
-229145831
-693663412
637599137
1617326544
-855017341
-1268271250
-1615938797
-1458862608
-1480214933
2356948
1487320268
-1148580532
-746405226
-1132640356
1719732832
-1110457778
-1648436687
-1601384173
37879296
2001881669
1426365390
1758453099
585619489
-1389462991
-444478036
-1205117782
-998186658
993432797
-498219973
1152393958
-1215523171
-27404749
1037118686
-2136451665
720993137
1291902923
43598066
-1945518901
-1404883265
1232067268
-1711495922
871361064
457876899
-65510697
-1483179892
-2005111538
884781204
1375375017
202398024
-55933805
1819881157
-352999073
384065447
-1433991852
196056014
-147951241
1792825051
-1072404895
-91511925
882503894
985118052
19802489
-2053666748
-1160429028
-1329194535
-532802954
1772529422
-1927030977
-201043993
-708255222
-1066477968
-1779231401
-57269862
754943915
841734984
-2049222218
2016770267
2094857931
1610829807
788773947
1370723641
-114799795
2107464091
240067303
-47097365
-533378765
-657928187
1259240112
-1317013483
-1330232421
-767050933
626862485
-160728758
-509901077
-448050154
-2146824718
-339415470
1545429579
-1980452353
1849728789
-300267988
2027965523
1688368174
-1001716976
-1872359082
870981381
-1775751100
117386704
-1780370101
1528471293
-1970740358
1945525614
-1060580276
-951533082
581575178
-1899001915
42265955
206137392
-67575603
-894268092
1000634532
1060863487
1029616933
-1001175804
644940725
2009118566
762359580
-1659849188
-500428143
-141993004
-928042547
-2067918284
-2026715000
-1894984498
440430082
1382565208
566533513
-38800418
-1543150818
1044655886
-634805341
-97180725
914590269
-1122051927
565780681
90306825
605786009
426392799
-1391886123
-1752640141
1336393263
1956017305
1352590287
157061943
-1423769183
907042058
2130562158
1683974928
-375152034
-1053029630
-245648674
513640890
1862475775
1515364228
-1216380989
1802963107
-1992372748
7360917
-1811926147
-146522658
1110644319
1519960406
-1204798035
-2133158052
1175291711
-1555765163
-85440264
833058141
-2114974255
1399798559
-548634870
-428230621
-251526094
-1874341863
-925660962
-680921879
584185160
-2029805681
-1333342405
1876723219
380975843
-1109970675
2028453761
1603791525
855693854
1365133805
-2107762523
1587357945
650723851
1337422129
-1915779975
504834220
260886670
800283794
-29294288
-57591847
336019849
1608882905
-1721311455
1240739721
-123048903
1214582636
2047891147
-338891927
-753208609
-538963157
-1163396327
-1420425027
-1495938910
982601340
-1311601690
1072308373
940421555
-1394630492
1942613186
-1859980995
18751922
1027909720
-1331018762
-1220728071
-723313584
112902547
1187218885
-442510351
454818868
-1079210838
-933105676
-706644118
-1510390750
376263325
1520712076
412390454
794025562
-857548113
1327397598
935853678
-1961988546
377390391
-2005593656
482289757
1627887670
1865203640
2064320053
707888830
-972135465
-54581713
-1835814167
-442530774
-1363665854
801564076
470791806
-2143373365
-83275062
974795812
-172396375
-1444523179
-1529223207
-1718029947
602247105
-1585447881
1995849235
1114752521
-1222610302
-1374649331
243137467
1449808334
-451321331
78591063
-719126954
331497894
-814159821
-2114346640
401695885
393370924
-1311783438
-1543685960
1970524759
-519708137
1453346367
1802436115
362107735
-77741870
190589189
2073898135
-1747681406
1519554123
1615643245
789425792
1735509508
-1927069941
-469964192
-831020953
1534919268
-890503290
-1910609847
-2013965389
-1069236251
-935215692
-1941010657
-1070627761
1391185711
1682192351
-1211572830
1712960925
1829769775
-935222082
-968370460
-823989590
-675831238
-1474017085
-1371095286
2050829730
409449592
-359428943
533813331
-632186235
-879042433
-940086928
189348953
-1377967846
-352146114
858144036
659131799
-1319931356
-27621348
980573563
844479786
-459289645
-649033120
-1253180602
1149790427
-1849124483
40546514
-2028917941
625186141
-872572275
1679124899
-1680398248
20170962
-1569880901
-730686327
1982145179
-1844721261
-1924508291
273584430
744370225
1400309040
826066620
1544705994
1764569852
-1944263755
-313664821
1625397262
-884553799
242191151
1816703892
1988880963
-1670213040
-1213933714
-1006229229
718806707
-1762886802
-203388405
1580651272
-298707129
2015605584
1233319596
-1101563416
-1289087119
-1444508190
50311046
851911444
2076094028
-462975992
584316451
179645517
593010432
1970873914
-2006125467
722545254
-1326290069
-920441770
2068447690
-384991430
-2007276291
-292696399
598178032
878762720
1981835235
2137760878
29548891
360848413
-1113414553
2026717971
1855025526
-941800423
-1769530731
-2213032
382610647
-1397264042
1546628130
-1800106174
869606087
-1805445667
-1315379063
106493296
-921333504
2009390265
67499895
1455390133
691859128
2000482985
-912898711
952986342
-2015812642
-2062572016
477550226
-1761454604
-212832093
1940099632
-1843698687
-1675104708
334612795
-1835349609
1980344067
-1714623715
-808932892
-1406159912
-1820100923
1199899339
336308007
362123902
251829310
-1422853534
-1532150179
-592977602
843284555
1395598142
-720721292
-1707932309
-1714808805
-930752119
1512882419
1976828078
-1415662644
1981732884
734731066
-837543179
1253479254
-62687894
1434587150
1212200875
592864680
-1577640414
565199189
-959526358
-520415728
-2117164939
-1552367075
-1642291859
-264795169
850926863
296949986
-44309750
-725860276
537964841
-513629680
-1080476322
1873268376
-190698025
534976198
108378377
311288435
1794404510
999308252
544860572
-896259938
1476604233
-2121597657
1194433937
-1294260784
-987604740
-392267525
-524657285
1080235997
-1477953911
-529809424
-1000461698
-1443150571
211166210
1630227689
-579391488
-1093902870
-34770546
1069513042
-1301259104
-2081106731
-706238080
868446632
1250039398
-944222087
-89751131
771124798
-1693876676
-583951353
-77525539
-1122290627
-1337198947
-393692700
-10942484
-1168104725
-1000349301
1873083529
238829713
1021595952
890161606
1349339563
-1023177256
-1707966634
102001466
975629211
-375272788
-1210916592
1264668344
1705350382
-1578452048
614532029
1581182185
2114288224
1078127950
-677161747
1000246399
-1814911243
-198779121
1375079715
1757106092
219082337
2125008941
-2110553380
-2134170409
-273014359
216777062
-1243600432
1375833741
-1466537463
-980123630
822133367
-1662880075
-1222840808
1099222647
-2124055090
-32341753
3482921
285506908
714938714
-608857921
629374196
2084539099
-181454995
-482118259
894055798
-641557893
-1611827289
1992684494
-1860069611
1824414333
1360991167
-2014143487
-1501894906
-1601475978
1464009859
-1345968781
1161018867
1550685981
979432221
-1452392387
750101719
-617709722
-6194537
-1029041552
427301932
185923279
-982876768
-778513266
-512134840
-1388332807
2126812303
57753915
1487209988
-1128316295
-845490264
-2011968461
-60559714
-1355554064
-1934194274
387241086
570362336
-814588840
141321817
1526416866
1414002561
-939351136
-1207330311
-96248423
342921418
-999188869
1315611673
-1300462012
-1773222020
-962086283
2114366295
1943306015
-1144713488
-1509664441
-396491500
-1043250571
1407562624
-98726293
2053305720
-1541513387
-353778651
402332145
1264577464
-278283643
-1636142495
2141916307
-766591333
-1651053898
-397013921
778871047
-1832342215
-1118854151
105379160
1621022356
-420534266
1449846385
335364151
1533386984
858367502
-1844714422
2008404095
-506347225
194316929
-839593239
2020353388
1636080711
-708485518
-1046930588
-1593035944
-1735744870
1950540507
-197288396
-1963724960
1052515500
137871076
-584253911
1082028359
-241340082
-783036828
-1125046627
956616601
1874147570
1883264167
-1612545812
-120710637
-656428486
357930865
-898593501
1125783106
-1047761974
2145429059
-980495882
285778537
407648101
-1301818916
1223448567
-807804249
618838583
977311746
-1203035131
-769549223
-680513937
884082561
-458201854
340419517
-1703073263
1980424308
1216170184
191594455
1559985929
2143483074
1108061276
-398546793
1592559746
775130347
-1838605468
-1523514565
-712083080
485152004
8245974
542966002
-268992373
-564488704
-879445262
250676161
1813959958
-119357648
504663153
-1855918678
1673593216
-1673755636
-242641666
-989921782
1905131217
-1487728077
-2094870811
-1300586174
-823855736
-1679613008
985415690
529143450
-1437943893
-1022692994
-1715743717
-286388127
604325918
277367374
-1180359159
458011224
437781304
1241174406
396094643
-648834480
209796243
-396580211
-648806684
-765026544
-816617949
-465300411
-1939266945
-1659104899
-1219423095
-1247495976
973609721
-366752780
1079276713
-571492937
-646599930
1027263482
-2143287687
870162400
-73957994
1353814551
-960515812
991823967
1936599554
1763091454
-1627487186
1004291350
-1297168510
1141148913
-1511605663
-1228832321
832422882
-215678877
-1027157688
-1508352718
489943413
-1049558306
-762328462
-1405708573
2041708617
1053834534
-1668421189
-1902800721
693491356
733470111
1673430238
-464869161
-903316339
1300999147
-553994163
-1440960436
168988438
730477271
760747332
-24903380
13659705
1832330359
681418011
-524879476
-482436487
-1933222770
-2034459173
-1212359048
1040840075
-332126924
-1574812652
765291319
240573005
552182194
-1464863251
-1620864814
-257081353
-1580301392
-680146052
-653383209
413621391
2106420882
1596700760
-453925286
1774418594
-1948603106
2015050347
2092561468
1653667376
-1009836703
83141132
-949213265
1383830759
1017870035
942163788
-407132168
-1225282156
2080853689
-536002417
-654384009
-2113613098
1455521482
10776158
-481569308
1227093268
-146943467
-10489732
-1190866981
-63361104
-573170655
-79407050
228746905
1184937340
-1776083371
-1422251009
521104647
1430360172
-1222385766
-893677509
2092453624
-1847580531
-879732162
1400056155
297749423
1369294390
1292805147
1847495465
-1629793117
1236370300
-1362103048
-1487419036
-327183227
1564106986
-326291666
-485556849
-616177023
2026991985
2016464526
750114309
1735828932
1602113949
485908866
-1750302127
-919802562
-1474339318
1353052273
1017155772
759021480
-2055578347
-451676312
579047718
1878386632
356618197
1937036790
-976711399
-1439579917
-693871028
-1432561322
-2081110757
-410597421
-20835623
-1087093549
-1786711229
-1452346518
-876062479
460913768
1775137550
-605939114
-840010994
2040378790
835442290
63563862
-1424401434
1517343450
-1961717709
-343857140
-435927328
938691694
-2146948234
492266756
529281987
2066369679
925034643
-1809962507
-2022405712
-1812176624
-1927621841
777346885
1558572370
865429389
-1597135480
1709215186
-2058893741
-1814390829
-852685550
1552353775
623388689
-1960161153
1123296323
-2128786772
-2115169903
1899596260
307901867
2052452698
793065651
983241521
-104457146
-149076659
134075559
-1164247597
1256641813
-649451549
-1035592801
1624955672
281744874
-2103720763
448817094
-1614696428
-790954620
-39091604
-749979793
748471240
-1825296165
820967143
-915178351
-1736660097
-1239811653
694019290
-1743196301
464271739
-1590674793
17597641
-408135517
2069180881
22104982
-1538613610
1258620460
2076240273
1782322418
836515656
1280434183
-2015284183
1096350338
1625872141
-795750447
-357547254
-1314296684
-175461503
-536973378
-558081141
903819776
464980528
167654605
-1373731058
1876279161
-2083645607
1389529149
1600758113
-1921437658
1555535093
-477526978
-586061467
936096624
290397687
-1996339220
-358647820
-495746019
-767405612
-1739712904
-2147073792
-2042053475
111653956
-1398295128
-1782545673
821796004
1421690186
954056577
-26359698
73470968
-307620494
1520687937
1921179645
-92494197
-2096211367
1024070034
1789881959
356253132
-270416014
-1885818883
738721534
726252345
1339567878
-863866980
-2146027963
-1146986440
1837150076
-783953133
-521729322
-1594925273
131330266
1966206912
1883842694
22653361
673855115
-1882057167
1340858822
-523874205
1373260130
965152214
-265202868
-1887107202
-1186038306
-506734601
-1551065615
664904974
1768774319
1007627751
1315920605
344386619
-1878547591
-1930809734
-430461472
2092055006
1557515223
-787485005
-1077765597
1763501655
2125141666
-992419390
1893498111
-621186915
1747248498
1778928684
2013516588
598722198
-192873372
681129547
1875946526
-706396504
-1632780771
-1572630023
-1735037013
1846679183
1548985359
1312917384
-143402512
1458539376
-188254470
-1360519692
2003521909
2133253934
-1127674954
-1675251109
-143393905
861593340
1676314671
-1741950291
1141650181
254459700
-1548192593
1169313695
-925612810
1650876518
1400577378
-325510684
-1708222470
2056868274
-1712453609
25476767
-40328826
-1919736742
-1462599100
311154450
601050516
216589458
-653358260
1971978139
-1875395454
-1915434086
-514220285
-145446431
117406522
429293326
-1047714703
1697537610
-1894409838
700936572
1640400085
-1633148752
2105033462
524040247
-1696256275
1692920915
-427246268
306506346
-1244722572
4619024
-1625165321
766238063
2089426924
900058067
-97786490
-1410117023
-740132707
-1257956279
434422030
759687407
-633373988
-236041766
1417564718
-1381569677
-1732491632
799264214
1278813490
1930741826
315282930
-441071379
-770400910
-55489467
-1763580269
-1592274460
-105009156
1111257800
-1942884701
1094220678
1406936176
2037898897
106799727
859227607
-1686601685
2029932596
1559678507
-698290545
842203048
-1611944539
424183793
-135572282
530989602
-1404735729
1040449033
-1215994901
1624673148
-121862941
972383594
-966936070
-952582043
1650395954
-2059744127
-578421522
1911193783
1499553343
-1076963792
1119490931
-1318648800
-225745840
886415641
-225069857
1822072067
-632282940
2017091355
2021557347
-1880029792
-865934230
-1072668388
-29873283
-1172776079
1006546703
-116221175
-1032116304
-252121897
-1891002792
29942810
-163692681
1106918645
747062738
311064410
921555574
-2053905956
1735060551
101283942
667646195
758391016
-2130040237
-561282956
1902356099
-831230615
-1695033802
-1280346218
44975112
-1388565116
-14243606
-605995456
1598715098
-1571788453
262219896
396356359
278199107
-1827878804
-1004182650
1002676395
-1487146959
333742390
-712486348
255606871
-924204506
2014322465
-1330778071
143817766
1598861170
1471627935
1914725352
1409879529
-2124468316
-1187790963
-2128492697
349443623
107544638
1811791327
-1162254878
1991829348
-227030873
-1968783236
1677099756
-1312243290
654936421
1866708583
-1951400250
739066420
-1500362101
-117147106
-257332237
86346657
-1811301009
-994483386
-1904514549
1782540808
826590624
-1024602489
1529240015
1976039320
-223732458
1598603189
-1911308675
971212114
1007716267
-1806499280
-1598300058
259312657
612911562
-824939636
-1905621827
-914904630
1287181925
1391469683
888590000
-302780651
815196204
-180216886
-118514244
1192296684
-1463387653
-641857518
1711209789
-1206168911
2101301907
-1691182320
-1252230844
1071185013
-519956596
-1218851920
1229941932
-207949450
-1994974326
1988712998
-213934993
-917726486
1592744878
1101328982
-2099006411
-2103715078
-757899185
-1759145866
-1107134419
-2073052144
-980224790
-1759507472
-1573601248
-326873003
1281616726
-1737560948
845385667
-1620671115
369974843
-188617266
564060236
728952997
-2006964539
1754780828
1369370439
1445385958
1339324819
491617060
1309353641
-1740442230
-869277963
-256428292
-71372251
389271287
-1282016681
1835531658
2113279422
925597610
1419367671
1796991653
-1882236515
1570070399
-418603042
-1645081220
137207588
390853422
1705124109
-1082417226
233616194
-2055343592
-145604619
610601690
1541435912
-1346935740
836920620
-824221711
1550454652
1565531299
-1636261538
-1757993622
1960352173
617681819
1086705537
862953276
2122778631
-118069822
1081288268
2055730513
-1476695064
688650986
-1101861655
-1702765534
544216690
1505696093
-895793432
1603773342
1835583394
-1134597783
174934903
-1987456944
-645711199
-785502946
5888976
1338679999
1590928218
1711452245
-256316174
282079512
-351080116
-1586023180
-960546669
305919754
435022752
-1539186831
763988308
-1458503695
253852286
1116825492
-1340860874
-115339466
402764187
914198912
1200070988
996371188
533622806
-552094989
1605193138
-1971704609
-720262780
-1784166196
1358258365
487406945
-42947511
275177677
1569481331
-2048500475
-769984215
1741675426
-692235971
-1692147688
513179678
-1649685726
-1734943526
2138701965
391272043
-74485548
515169431
-1944262111
-1570358800
97755315
627995836
-2047023937
-596216384
-529888203
-641949879
1068515620
-1827079184
-393201271
-1087108126
285010886
-426653519
-2123060448
-1717007610
263047666
1133109921
-152929425
784300167
-1048689357
-70939555
1070395634
-1374037706
-962025222
1477671770
-270741901
68558813
1447704187
-2030557195
-356293749
-2034971279
194646740
406162120
1385144681
-47554424
-1826720908
645978942
-1682360366
1549551624
64859322
465380201
-632160664
204328225
-1069611300
1781185810
-334614994
-1369626500
1730772234
1130957841
-1898434741
788543156
-701707566
1982400991
866975501
330530821
1399024582
843347561
768242225
814057282
1602384219
-1713978842
-16197792
-70020084
1215714067
707921259
-137511427
-68391872
-1724244770
710646013
865985821
1033941169
-695689283
1130439656
1999673046
1630523670
1608353960
445657742
1783034812
-1099183290
-1288273486
1940368130
-1431440728
157100450
107135338
-625233258
-554035013
244577489
481406083
-1074145102
452472226
-529953614
1236757942
67410663
-172068837
-1830642546
-1410816026
1064998467
-973205834
1772068493
842835589
883882470
-1125324576
-1199725973
-115888074
1289621205
1998314525
1257261931
-625647693
1266805005
84812180
-1205257845
-1067112719
1612223963
397049808
-625978888
-1033281407
-504472726
-1629006652
-1538024764
-2039770311
-1886134883
-1080116208
-1567842859
-2038510573
2110864415
277370242
-689666272
382939732
-1520140873
-768970786
-1715506665
-1664337424
1961549024
-1704158239
1468701280
-1721952212
171559320
1049750403
1339057094
-257597819
-446319496
-1241423491
2121297268
1677844432
-2063468796
296178954
1617503327
275006370
2013687108
1327681008
-360478460
587590641
-209939309
-526508863
1342774355
-256831237
-639679562
-631098530
-575199254
1780823910
-1389014993
975733180
1621218694
684352680
-56576813
304569066
887933366
1144567208
933301658
923870802
73807313
-246400091
903969974
-1795235522
2087490857
-520666281
1331121382
2009248926
1414957440
492005971
1190651147
-676879608
353864378
313796275
262267131
1483707135
1465081300
-1146379019
809395092
-575587977
-105019628
-398647261
786232852
-372529000
-171889790
215357492
1943898280
-205683006
2000754070
1362758322
-614373310
1217016273
755421490
-2190948
360005039
917983905
359862993
1706036365
-1041012248
1108452564
1970331137
1997879325
893342631
193984210
30416654
-1685432442
737114685
-786979311
1413721087
731042954
-1635425886
-883549291
-2004229946
-280331884
-256922675
-518583110
-1022997838
617458205
42201926
-810056655
-1954146521
-951960239
719534840
-204343481
1817196945
1606475505
-501938357
-1136661651
1916632214
586750586
1070756978
-1202589708
-1113329014
1869116551
1505484288
1491529751
-1062962904
2057254515
-876024895
1595416894
1965048957
-1768697790
485234631
-1832971903
1585947943
-1934625599
1948254658
2070911594
-1592623681
424727531
-291101803
1071102975
-1677321325
975574925
1956887333
-1911315458
-21797224
1248953901
-826081933
329540970
722705566
2078502952
-78911764
-375643066
1150880709
669928218
-460768001
-914703968
-1725136849
1848516481
176395504
2103579600
749164790
791063716
-396004372
-352725247
1336244320
1768253105
-1485251492
936247792
9012049
1883419429
1876941949
-1066624269
-1002363904
558892912
-1892748752
490907965
50217966
-835269161
136927246
-377946528
1324708114
-827968356
-1974693953
-451570670
1333846616
-953398435
2094644619
-726760909
218812236
2025394873
-1126127311
-364392178
-1323757806
391143993
28932087
-859460641
1426010777
-1889941396
-57183230
-2114930796
-2141483504
105630035
934311143
-1700621865
-2116622952
660741887
1293532545
1435286604
-807030470
904192120
775185156
-882083817
1204104218
1451274977
529568082
866276768
232628973
1452173529
-1815068531
-2108916582
1465300392
1563079715
-679006227
-445714368
-935231367
1021627784
1100954066
1571116001
-813178886
-2016069893
1688556828
-57805921
1896826020
1901853694
785700794
1607865715
-495924863
-220720059
1979436673
936105587
-695238107
2040515736
-1565753794
-69593001
460403678
-1499702787
-388144626
311903033
-2092110294
-915866859
744110828
1582817179
-385468824
-738702394
-1703017334
1321356462
1619180242
2127081242
-2116623515
-873392431
1739833515
1390080870
-1328390125
-863653289
-989085260
-869493586
-408845345
1977982605
-290722588
-408338105
-999708009
-789039878
-1843626409
949847230
751836579
1985718504
-1977736570
1039056120
305908825
-278136029
508680375
-1392853606
-1744194160
-1109465600
1649936567
-112998998
27645555
644089248
1994309575
-1691112586
1531163286
-1679245195
170019027
-1215601996
-670119602
1695790085
-303918103
1791115498
1163693116
881043950
-771546904
1642767376
1760471851
-1701160663
70410615
-1142431885
1911408923
-1520732270
-1991195079
-1273261349
-298717539
-1536368729
2082401086
24039408
-1460712095
-724775280
-1992452164
1946005977
-97310451
-308314530
-905870082
1727154981
-117049009
-440033129
-2125979492
1837501934
-1580918475
1426160882
647609835
-135327173
-661153861
327727198
1069083319
-378478938
-1845035611
-63109047
1048959791
-2111924418
-1023533937
1218860573
-1676140256
-11094354
-1023591614
-160622834
-648011162
-1143032418
-663473336
482073618
-1127939426
-704166824
-584559678
1759206961
-632622048
-844629329
-2137711240
80513790
739845164
-1622433253
898903089
-1797761692
-1426737566
2077523496
1888084292
1782927013
-1799257225
-562940143
2031723374
1843350432
2036633381
-734442840
-1086470170
217946706
-2009634461
1397106552
-1127450450
-747074658
-1341853994
1901352492
-483120084
-1933093552
1703091334
-1252764366
-1362132487
1116442719
-1227298091
454101659
-1898342153
929027954
1370645420
1168109636
269038248
-703379035
1539532790
-882549190
1634351038
1070855564
917297233
522753882
1953657325
-1150914441
926881026
-481723336
1271369480
1420369399
-397407958
417597506
-2064006837
-762975327
34223415
-1429471964
1507299573
576554257
-486708068
-32677779
-1556827366
253969457
395393732
222605169
1246165430
-1341038149
-1845222589
-605295247
-598101755
1397828091
1344418126
-521670663
-3604975
-1402258983
-1349481875
645107081
-1908665717
-384825322
-181208978
-281243017
1613646302
-1324794154
453746333
2137038867
-29064319
1948821854
-784052687
1647729163
-1494397300
991017501
1981033992
-38697455
1738521230
839314672
1143712150
804716986
-1980374628
-1749775967
-209986789
-308301143
-1289912403
-1585018192
-741481196
-1653091092
-789959899
1269804118
116518643
595217317
544866991
954460102
-392906479
-157427732
672588879
-1926701387
256244707
637819380
-1509195338
-1539114212
1143539308
679116908
163898840
1064191804
-1469296654
-1489466841
-1324466244
595476962
1211887860
12254718
-1849817454
-2140130580
229521242
-57377547
1040763658
36684811
1382599150
1938297500
-266384926
1074127305
-676327670
-1974622281
-167603263
-786028339
1232718483
1868069664
-103653821
-1991285922
1832331045
1595000044
445043284
-55059675
-140927345
1954015181
105409473
516326198
-1327925887
-1875585866
-1884439028
-1750712751
-197411196
1547994308
-481283457
-909064860
-788457431
1080995164
1084625795
-1232932268
-1346004347
2053444240
690059569
1189376764
-1561483300
-1651893306
1886972713
-2083968907
-1438477157
-2005299557
-1577595997
127055511
-1667409269
-1951951868
1174527939
1226639296
-39007421
-1693946954
-908687056
470337747
1422390751
653619656
123045094
107159939
731165678
-1263904107
-1538243765
1977232593
1800769968
-1090533145
101723520
-744360493
-1926134400
1790354001
1198222330
1579547830
-537187697
1895417307
860291664
920619013
-601591086
1962019044
-2080484267
1768506922
669451325
279092804
-1357551511
-882048203
158905649
-268285008
85752588
1804629724
-962143182
-1582821022
1828763571
340946626
-5609764
-1868027911
426715871
-283518725
-911086569
1034451101
866926954
399274703
-71422583
67236710
445868323
2052792254
1228979276
-449419266
-745036131
1846422724
-525093664
1062782084
265761860
2117862366
-61028765
1686101683
1843494576
-1044835380
1205663999
-1875236029
-1158671811
569896983
22144931
645597071
155733466
1555885397
400842996
-740263561
-1232802015
1069071787
921412486
-1950709369
-2132554840
1083298194
462137670
1529584472
-1348121706
-836992802
-433572293
474703926
223377784
1962819580
1752014445
-1498644478
210221909
-1560779397
122386212
-1237420966
1179093247
-1394916403
1699522389
1418007030
-2077641812
-202728627
544967513
-1396749228
2145194692
478718084
-424140832
1344192407
1135258107
965563047
-1756272604
-1512379220
-740385630
1644379748
672301921
-1845914706
1065124410
576506077
1376200067
-413675381
-49549238
-1429262604
1581410081
-2078941721
935546226
312632521
-1339154262
-1388207552
1730429375
-668442240
1083720925
1840933714
-931243969
1190585159
907472510
386563004
2080482776
1043001238
733156678
530140898
-1756067499
254645176
-1051386342
845395733
1128061121
-1092245109
1903016576
2006268401
1377701880
-1078287229
-1073165490
-1389342970
-552381318
1854450420
2046627
967402682
-1165663614
-404324464
-1344798437
-1036857490
1317648215
-1574830291
-893924803
699795166
1817808097
325072587
482470968
106485197
570718846
1184519637
1115989711
1211326432
1701564182
-570359641
1932909968
-691658294
2094069868
-1578907824
-1029390005
-1844621399
-1760392265
1758643352
1008213186
1241593263
-749157520
747415876
74987677
-1440121084
-223639955
1336653720
-996242784
-1327266069
1392069679
103314204
-1818975201
1633294371
1941402231
384895139
-953216080
-433111409
-977676258
-1556041080
-1089982942
666832664
-1553411802
-1454203590
1705636526
-437483054
291096587
-1212149765
-1258979732
282589789
-222289825
-443425308
-1463172344
1743813261
644951701
218719020
1288860853
969440077
294607132
1822790313
-1014799520
-2094041152
1369290415
-416491627
-2083278039
261174952
436125163
-657666155
-1936742386
-1312997877
1710610977
-655548169
-699467543
692018451
23918957
1180889403
-74916452
-409178058
624715783
1787215828
1881033865
676643734
1086622936
-1618564817
-96068792
-792741975
-1618060464
-1016375820
-1521617260
1474989084
262180470
1810242187
-2040633979
-1260489484
25493824
-1688007967
1134513156
-1857004042
-556091356
-29227413
-235036550
-234946487
1829138414
331743338
346704074
1126837849
-128137772
-1183184783
242569857
2027452925
104746183
-1111501020
1470626380
1447991515
1263477771
-818683071
775108265
946744075
1400431369
-19971356
288340449
300402682
1962864227
1248845062
923246389
-259623536
1809484361
955494214
-831441065
244903317
135609866
1889283052
1894098971
1960793424
908942574
-1740966870
-524987538
-1096135823
-319174590
-2080804188
1485257094
88240176
641679027
731978289
623888987
259902389
2004536543
-1167962909
-2137073067
14333626
2089431849
-76271804
611036742
785262958
1997821132
-876090398
2004963994
-445803364
153158706
598616846
-1277382196
-1938118388
410042502
-738868513
-1166991845
1029288233
-669370233
-1795759235
1264534141
-941530909
-402872673
1668170651
-84562220
-646103082
-84714956
54530373
-273583265
1443500459
-1498938820
-2089637157
1575518066
1986388158
-676950761
-1255316388
-366037143
1411616513
-349261416
562552040
-417204774
-1234431713
57439588
1538959487
-2057802743
672511972
-1149090689
-821407218
-135260768
748432347
-1268486621
-707659348
-1393216609
1193934648
1664031444
27464480
-1581186416
244251128
1117589424
-943454042
-1613684737
-1190362042
-858336501
162514418
-1851043031
93573920
104269371
987000693
-664228621
-1280853190
-1910896465
-1007695394
-2067909859
-2117186014
496777286
223090147
-251098441
-90397276
-1500814627
-1542953920
-2008853037
-467041937
1275411754
