1348633854
229096274
-1262592462
1982751805
519455340
-1392624437
-450336462
1003765670
958968662
-963966036
769915959
-993319482
44362010
-2129370778
-1004377403
-2034592594
-1969297985
394336399
499011558
-1255177628
1750865465
192795603
1669094408
-1503731977
-1521308437
-371646424
1928371493
1506124755
-695885716
-1841101243
917349668
2095711318
-723823987
-34619564
366293631
-1834576990
-1282858086
-1939570459
1131953957
2124510132
-191990304
-1766812634
883857824
1713299893
-1579293329
-1899746223
1210870906
-360729712
-159664095
364490853
631134173
1571920580
29673946
-168936
-461700743
-287293318
142702864
747297803
461586089
2064879322
-6531187
-734656193
1914191064
-883377255
-74669197
-1435850809
-1390326751
-1915164714
-1040135039
-382604097
-525258699
1243179302
1096124820
2045464444
-130737279
1338970093
-1087749521
-1707890172
385202320
477036271
1294717374
339307712
-61545043
-1287854042
-46472361
-898377361
280561356
-1086340395
1688433347
-1952548514
-1547628119
998461149
91172349
-197573931
812300337
-1919026866
-181092231
1373708756
-762948319
232257088
-1637725593
-1042556929
6979309
-1865833500
1411483704
174942166
-1097636638
-1525380395
-170365343
1430028072
-285713778
1849397171
1714503006
191796425
-979094177
-1194055182
-1094626823
-1451512446
1707303049
-1919699985
219559371
-1404765112
-266024147
-178706364
-328944637
1777914289
-61270857
830791772
1619916389
587304611
1382914951
-1762318263
535490197
820285006
1794593235
-937968684
-1450274923
2110864219
-2013561654
-655523627
-1850500212
1592771685
1367523837
668930757
-837613111
948052904
-1769658630
1830155153
1009535238
-1528730121
-593238214
-923306576
1549328880
160210163
-1592769476
-560221321
1377385958
-417511303
-783502351
1240213419
-1398761983
-985005220
-177729190
-675628200
-1769845164
1516588884
-1926712465
-1176806176
-1597816460
-1589421003
681020994
-1084787626
11911226
-1738537373
414827108
846448908
1630489031
-1262368636
692665991
146189418
856899528
-240282505
2116245348
1168473601
387848954
1326106501
1764653535
-590488353
-1349458960
1922411990
904289128
-1541400028
202699795
-1628288730
-2133832541
2045100245
1630290666
-426225992
-1592815030
720914159
-956120164
850169994
-76814254
-1014416449
96048818
-1502919223
916099916
940476272
-1215491040
168420999
1253876750
33198053
1069740421
590253738
1074483602
-1106159927
-1067579215
1350966311
1020628253
-1113004829
-1670806936
-253658000
-1082116957
305436334
2038786405
1473633579
-1335064727
-127918552
-1518671455
-1990020061
1606336748
-688370198
1413398484
383505027
-1371996671
-1020460680
741121340
545584961
486330429
-1197951270
-508656740
1143968983
-2142755946
1429187947
1429167495
-1459438024
-1419224503
-385770000
1583896285
513830657
-630668545
1423335403
-1827882602
-1722113297
2125450539
1784614961
1288721086
425586833
-1458528331
-96826182
-1476353088
383687486
-1140001316
1084578232
1487496166
-323989432
-1503828393
244990954
-54454753
-327154831
1318353086
-1817553871
-161302781
-9789795
1729309992
-1842878365
367380244
438466761
-875832812
-1532361378
821441863
-1199519685
733643916
-22399392
-1243484734
-662731781
-725084537
995134870
-513142555
191588481
1681921934
-1297704462
1170347662
-1528491089
643222435
-677157311
457662873
2101570561
2125978717
235918716
1931478949
1197000450
-1728843689
-2023493539
-241708771
-205552895
1277547723
783480885
-1912687242
-857077756
-410116743
-1228582148
-667134027
-629316611
7233229
131900585
360728372
524088891
844850752
-1248876092
-844167004
-1908351453
-1798302467
-974084296
245902165
966271263
-650067768
-217414803
696381109
-1995260971
512311067
200137878
882588693
-83946853
2005794449
608743495
1680668851
2104063275
2106249864
-1642567607
-837815308
1008970131
-2129636096
-1582341967
1828517360
1774563950
-1587871031
2051291951
-136269260
523781208
1052603869
1238537123
724935362
-1318281570
-2071371254
863627765
-2131620004
-2031305931
-1351010348
553702693
-1749498623
1915357677
-380202600
-1544563808
132071864
1092627174
532139764
-1239921451
1959024779
-1572578238
-730758554
-1382967288
-417426986
-1190031588
553555251
243211366
161074113
-49522761
-1125366391
-829432232
-1601183990
-199676678
-393911577
2086211099
1881164807
1739762460
1791651004
-994940016
-442027029
859098523
41580366
1263833936
-220978617
1129141361
-2016740643
1466337539
228944596
-755971958
-1247088377
-1582755086
-1315627153
339137392
-128981906
-1513899303
-946806172
-361243065
1771165335
1277200385
1143347438
36776960
746922005
50382478
434127358
-1177296183
-552620314
1833332757
1500476731
-134825789
-1138145508
-2129458831
1309232714
782841847
307014079
823527895
1658243150
-1809658487
-912669199
-965599450
979750322
-1510533074
713513043
-1212030077
859668517
-1331942949
-620454745
-1321609179
2032172262
-1733906242
-221121097
1668200812
427336001
15416177
316780404
-1759215560
2132546392
267586669
-184533151
-1778670472
1716753190
723923132
-216684751
-1491634943
839276481
-1779184142
1984421295
-1255040864
2121268446
-899884195
543187421
238816370
-1861663590
-707478917
1129667680
-51104910
-1869303433
-55680340
-302451942
132041555
1070349476
1183061032
1876407064
1078844047
-918705024
2054342194
-747031377
-326177857
1203195745
165790861
-339452447
997272109
1686052496
-1222496209
1367009028
-1439157337
799706520
-1581689036
383124901
-2113293419
1334675904
937695253
864575913
-869196979
-1633980971
990954521
1225242805
1719012262
595389996
519058698
-1874668593
1601651659
432685286
395708972
-1659980987
1875192145
587794037
-433373078
1658852557
-1936441974
327267935
204839378
672446445
361829403
-1921477567
1722386499
459408540
-1243308341
1804759319
589533029
808777769
-2112822626
149798074
-1778298408
220822620
1178298914
-1224954967
786546095
-511865638
201066759
515208459
-711521249
902221517
555468021
544861428
-2096330637
2004319940
-216467558
-999817497
1263358531
1881790679
-754778623
2010696859
385388260
-814260466
-1416558294
-1259571966
2118303266
-896294398
897377238
308070278
225125932
-566726715
-1385971295
-323917931
1569163983
1609272574
939289430
1922311263
-67656729
-1853596584
1318280318
-190019362
-369817839
-950396899
-474831302
1247143958
1405843621
1021936157
-1478186158
-940349026
-141502493
-414503468
2111703437
1306122846
-51176853
-826160949
-447986622
134170009
-567932174
-1153825474
-515111890
2065472045
-1939751118
-1324610818
-1402797944
-470949863
2080241954
1709740697
-989403821
-318651840
2084956007
1742343863
1954269938
-1890488212
-1595737846
-1142650938
-1419111679
233184661
1970583658
-1252717095
-986399135
1700896353
-757669517
1283187917
-1575579499
26471406
133572367
1234882221
1369281612
-576745777
1629969372
-779937705
-796797634
1791702613
670822944
-889893793
-817011910
1195311119
-439744775
-661737422
270070400
1154495379
1674407128
1362030462
973188427
-655985027
-1473615568
1786943953
1848773298
1706146999
242358633
1157977728
-308232528
43546874
-808209638
1889071818
-2059004031
1647956373
-1977281673
-218321348
-1581687761
400022893
-123710968
-1740478122
271384683
-122016444
1960528540
118856302
-623263328
1482237245
-2057743748
-2122175276
-145358523
-601429345
-1201238814
-1792561610
-682102670
366143961
15700651
363294278
1563844790
-1255065403
1728012620
1206023321
1449479719
901732656
-105331454
-24743726
-597133639
1934892954
-599805363
-826865409
-645426477
-1776238023
89801374
1486039618
1060438815
-1811590076
-774354866
-1456717901
701564833
-325373587
122400210
-461409404
1971377163
-629400146
-158657491
-60858778
-76409522
-1888150200
1729848485
792643884
1935195252
247482632
489966009
900949165
-2088885588
944841419
-1629568175
1636932589
-275391834
-1091359163
1223445047
-604969858
-1258437855
951243261
1836594885
-1434832604
-1353437503
-1442528101
-1299423520
374893239
-1549257435
-929002907
60628772
-2109926579
674595128
1866909447
1663058784
527005591
1004417223
267675538
-1245347260
1439634059
-928343724
1519380678
638484569
257951555
415237673
1261321620
409964080
-2066557660
582796207
-1461642787
1694602718
682273347
-1032254464
-187128448
-278860889
-24643581
-1961776967
1841224595
-153356808
383462914
135945749
752032239
63955098
877510453
2065920823
1437639921
172019493
1590941009
2040458182
-1357700225
-929152334
-1969531284
719799998
-560441527
461088468
-1791811356
1072879237
-1951492783
-1357891129
-342908545
1666975292
1121174188
1422967786
-834656301
-1307041704
2051070345
833147498
-1602577176
-2135201168
1079655026
-813668033
551125019
264415832
318590418
-434741156
570576452
-129537939
424163766
-351870942
69777179
-1157266638
1879093207
1515761941
549799127
2062411803
-1484056616
1466127057
-971220457
602637737
-1179412021
478875198
-1566791162
-79902026
564055289
2121234178
1458212537
1511343889
-380629278
268177463
-1293950502
1918910797
982500994
-1349384099
740178827
-508144170
-1663297578
494747794
-833897596
1025864516
-1682781283
-799665408
200327293
-91502605
808152931
1611959446
-445697581
1329296595
1388638650
1538330106
670187365
10885499
1857699530
712607677
-1967146049
1210879364
-1285185268
687982032
205681786
-266314988
443738706
-1526170058
-1548276510
-1429614919
1461496074
-888006918
-1898176807
1579069559
867233218
1326798691
-1096997382
352516643
1532912878
1453684839
414513409
1789796082
1729284329
1640515676
14554473
1533327436
-1186992071
123622901
1488208214
1214229478
1173158935
-303147413
2081540021
-659087601
-1764922579
-1996211462
-1363029343
-138884280
-160426847
-1855477362
-1709996024
393644058
-1103868078
-1569403714
1668271246
-1110237660
-657208992
-870469895
986566832
941668211
-80489487
-1630956290
251710508
-1362788074
924395314
1336609681
278629280
479220208
-75144548
410819691
1758246001
1571842767
1966460280
538926705
-1033837842
1843438525
1932467108
-1181362903
373687988
1703385750
1606040215
-7810199
1555931475
127121114
-1309513055
455824720
-148780239
116594372
658843767
1764590970
-1510268242
804567451
-1958171921
767451503
-630978167
-1998488761
1331034375
1419686235
-90712959
1257288998
1855970347
2067744516
2119356735
1655019552
1464873655
336574455
1922188914
1642042360
-775330119
583141125
999412284
2008637413
750914812
-459607827
836094668
-268994463
-1681067967
-1523724198
-1041726133
-696244673
-2042622769
845040911
-261445892
-530291965
311509038
2037467744
-613096290
2091003501
510112046
630835427
-112471020
-1874974377
-368233426
-435835033
1095545927
-1663333952
1725640602
-918966491
419712843
-204030937
2012398773
-859130059
718232256
-1017625059
-1287110504
-25777341
930478714
-1273315819
-1157228167
-310029950
1730824548
-17306498
214694960
2088086496
-1569977184
905865747
-644698633
-1567936390
2127688947
-418230415
-700070287
1309775185
1624969824
53529065
-156203539
1113924414
-1863229934
-292050537
711674859
-1690778589
1089502846
-124830541
-1035243042
544358499
1595025864
-156890074
1689226803
243818387
-1252799898
-200061600
-199335023
-1646927759
1065306627
2079202664
-1773207454
-753959916
3876517
2033506612
-166407534
-616929179
2099525137
193013562
-1055738985
-110883379
-1657422995
-403012026
1589915824
1664279599
32158503
-454920818
-1852009616
242461464
1422752022
1882360323
-2131792259
-1807388363
114896094
-797571863
-78728555
-776331515
-412977001
-544358487
1095143378
-1461159730
-344744528
983990501
-2011191506
1137167316
-958272495
-963178803
-1747693496
-84100408
1143015295
-1789095248
1726871399
-1186865793
-382034107
901849558
-1630808129
-2020726813
-1516798961
-626950260
1126471155
969296942
1471219736
-2130416513
-727154981
-958034860
-1315916409
-863561907
-1195217274
895332032
-1049303274
231178841
1137812354
-1540027837
1867071221
934212318
-938016166
-2040210103
35289069
738966854
-1774940833
-1083612083
143404231
252379836
80090283
-921148530
1054421485
1628976127
-1215929758
719984642
-1706203822
-1330549383
1541695291
1294713739
-139323249
1461518480
-1927271618
-2041427864
-434865842
81641019
893355727
1226213357
736074731
-628566313
1990649834
-1368622986
1471810647
1903780666
1679992751
-2113853799
2066811200
-351606008
-1091455967
972756378
20565358
-842695611
-735407574
1316729635
3378032
-344250325
-522191902
-1575497164
-459604105
-1694500546
519741200
-1251450536
2034940801
1763882653
-2012102672
1144246297
573673913
-937555815
1071957046
1841551284
958054685
-937504117
-2118915502
1661115152
1740228705
804640225
1792454902
-1355460116
1088815890
1607987834
1708307156
-354815144
1259369727
-764307404
-1541539156
378573670
-641701932
935804354
-1645997179
89155616
294240006
-2103054142
383080762
1555278268
-71686666
-1576774898
-1854124744
1998897678
-1020756912
1692768593
1343026052
1097498429
-731634507
1716870877
777944067
1522023865
1329076633
556556988
1962916853
-683524756
-934286227
230392324
-1252312126
145069615
-167046401
528188271
1122491641
1349943167
1567434529
599099434
-1313907563
-415309968
568327305
2097231341
658781569
-2006821663
-1771654921
-273486261
1154787165
1761358064
1462704796
-1440372917
127985026
-937487440
1767979194
1047607606
2096542275
-1188749287
-354252153
-891865678
1614080630
-1338311872
649949271
1346214927
1081984306
1967065799
-1153762567
61865696
954649561
-994990442
-692073120
-430641459
1969344088
1493840330
1046672517
-674316633
277501869
-745517331
-817899124
-1227098947
1865901737
-233331865
-671960539
-1669530259
1181314807
1374674485
79762229
1143599869
1529407068
1195505112
-1931048524
-788754773
-1167465921
-701574769
-459842088
828348162
1431144812
-544026169
-607525773
-636067985
1415732756
160754642
-671546728
-1283183341
252748824
-1151382313
-1256667259
977573081
-479172730
-959793143
-366985028
-1415371061
1922754403
-1583016933
1310321778
-527304031
1315006634
-1647387661
1843293741
1269035419
2070918548
-1695390051
-827102808
-1853308528
1585499418
-1588381054
-381507591
-455729851
-1867479369
-1839013927
-1459885323
-1094021630
-2040713614
883680860
3543763
-1536437662
163077403
-595914177
-1081443826
1529599595
-430534444
-1933974435
-1859146864
-1889756963
704727507
-756223564
1573312268
1517064654
2030546789
-1183072749
-1184782421
74083958
-846855883
-879817199
1807507690
-1796721081
-1042523954
1496179777
157122
1749232961
856784733
1880137123
892440072
-1193867389
-1872307269
-1994071716
2056449558
1693991460
-835797845
-483108951
-1845103445
-872762045
1799783263
1137400849
1447363343
1397142364
-827690431
798760666
1008264058
-2117056035
-38722577
510519741
-723336778
-110528776
400092806
862944220
-1522890237
1403087035
1928443682
1153347827
1977209402
-932177571
-1240335963
-1687754802
-1377193676
-653337383
57542840
-1556423686
-1236522900
643019712
2098514447
-2029656385
870319074
1492023115
386233072
1826347853
-1924639678
541340335
1581648117
521007668
-1917917371
-342475339
1222290191
-1950451687
-1953799593
367520905
838461134
-1099680858
-1360075910
-789649199
1222286816
396998338
1349405801
-1954052095
591151063
1298403074
-557605888
-840453395
261250095
-1600157346
-673121830
1449144991
-1446457202
353926439
-1598662597
2116384362
421926733
-153005512
-7024592
-1013569729
36010551
-1567213973
-1373037579
-2012799938
1685794191
487732815
-2085039210
797017231
1611700055
1167109399
-1528541224
-1973855629
-1008253233
1013006292
-1645652135
-1068534891
-1414176709
1476646886
1568733685
1817428646
-1527349015
-974827344
1664433771
-1674469848
1985503090
-1035154294
-1296988608
1907957896
-719672257
1737811195
-128267294
9827698
-143788465
516631079
-525656303
372582497
-246048714
511944070
-1247935622
354470004
1330442600
2002080726
-1976461916
1011971464
523268023
2068826706
1574607375
845359746
15674650
-704021724
-553133414
-1382295316
1704076719
552160535
-1632405979
-1719162429
-1871558142
-901416304
1439106678
1121449870
2085024143
-1591940162
704757856
1198478770
2018144645
-1848672240
-379719135
1280719108
826989516
495778535
-622492660
-1560734304
861481545
-847673460
-793026713
-70646280
-1826006432
2130839652
-2095456362
1131237167
-296076102
-2016828062
895791480
-1573300569
-402391737
-1472377412
795788560
-246948648
-1890015354
-613343007
-2080688792
-1914728093
420621059
-994643287
-326481231
1356485734
639476769
-1231266098
-1879967058
891140370
-1565790951
-1225646182
1465092947
1535155577
-2067023038
258317282
-369738839
617737132
1228000402
-1252990926
-1901521164
-379463675
-1273501340
1559525193
1993102870
-642764608
-882655621
1469175239
1850012469
318214864
852677446
1343507748
-1969007717
1165400048
-1963384731
-1302218268
1425026014
517296631
1957956203
-1790222072
-1960771008
1108780912
-1400126235
-1582649145
443020120
90858857
-526818917
-507717507
1621662961
-1641145717
-2144858091
227240932
1133925169
1371017066
-1565765280
-1419803263
-845282307
-1083641826
471082002
-920642464
-167744356
1261828882
52391050
-1269595902
413631898
279365915
-207610500
-1517865578
-1517532946
-497089844
-1770658644
6329703
1429223006
-1828874488
-602841095
1993080726
-100648414
-828356905
-2004410724
-488146680
-72558137
-235693443
1643836081
329316769
-203568298
-1448832056
2008045303
-1831872335
1902467765
1821028778
-1986728749
-871101266
-361086644
-1724507898
-773433702
423440932
-1782262805
-1107888434
350548495
1856409064
-1753830678
1177579341
1771648810
2132049555
1769089169
-233132351
852082459
-1233972946
100237754
1950150444
77346702
-727929558
1773350069
-1155430549
171689519
-397735022
-431236501
-1957472377
-75259793
230944131
1222401477
1859462730
-313205880
2012628443
2025596238
-919026667
-1674921793
-1261188561
1120873238
1267009265
535884264
-906092797
-51872039
-1636371485
-430716369
614339380
1791544929
94087555
100263700
-1985044807
1423085608
-276439089
1704211895
1382848650
-167529408
-398782148
1034969173
-1774757921
1432289143
-1876844274
1610520594
792573085
-1259506506
75141864
-1568426248
1024858893
270692521
1409722278
1295842879
1326950094
-1561109596
69202794
1967846606
1396013324
1016993220
2106474740
-1911739903
-730022414
-1289256619
904779319
-286203731
-1050077859
-917647501
669347368
-1471093152
-1790291247
-968854797
1390509016
1390746348
1144113328
-2027299453
-2015884603
-534483930
227316392
78998287
1291440236
786713067
1911788397
-729931930
-2090187998
-491989405
-65988184
-1376183779
828492323
-706128247
-1777901522
641262771
767187691
1536206570
1942117749
-871039243
-921167932
1280948396
-1840081341
1360219555
702858144
-1169401134
-1005197401
556224340
745414440
-876686403
-1001489364
2117417878
-723221740
550833909
-636002228
310734937
-285717572
-1130470615
-576099805
-919154292
1537862127
1899705460
-1562744732
1267007240
-490099453
-2059143455
-1142174576
-1616804691
-1881040339
-1270917839
-2023930780
1345153226
-1290476270
-728924197
-1916078446
475184322
1663425949
-1626675117
1361467060
1045697515
-1081317613
537717902
1295485
-1016986439
1838435427
-763414842
-1507431887
-1981474789
-1290009150
-451881606
-1084813738
896322340
-905854089
-1966321736
-777401173
-1755674898
1238749683
-597280354
1455549017
-1419136326
-549016796
-633205475
-1084081816
-1247525796
-1691596534
-1192932608
1472970612
1315271381
1667075465
915220524
-455896161
520253249
114545537
958090025
-1046206519
-926201869
38665499
332553697
1420652798
1452562910
-1813671066
1285781414
-762666192
-1055198154
-1742877919
-2057723015
1591440421
1855853142
723354330
-838793592
-931522126
1210994660
-633172425
1606118136
-279546071
-2117698766
-1773280621
-636734747
-1714278897
-1485805081
-1571981108
616691622
1426097682
-271584290
-1738409894
507795797
1508401209
1705523277
-926187612
359711373
957720925
-1131572951
-1031135858
-1885789067
-794099753
-885466935
-1533816746
585363197
1459323002
-971577911
-462742112
-612578969
-943722813
-1460051664
-805398578
452579081
-210129841
1702648533
376104085
-1924049840
-1295436916
-1492762626
-893511475
1509455880
698681779
1937643593
1718910343
1384318169
-1548133387
-349295409
1817449060
2124506900
-486032396
-1727562363
550330660
-1983825
-278810764
2027727078
-530745731
442840462
-1211103406
1232153038
-2016013267
-83135996
-2119945804
1185157033
321810514
464084376
51379073
-1026845492
-1898965511
1928974347
-1544325869
-1479985374
175684340
-1135472999
777514539
-155961589
-721215761
1661255551
-469091035
1383243904
-1560918075
318902717
-1758083732
1282884218
-1344557297
-1276371683
-603655889
-44222316
-1856883458
29539955
2019758676
-1015026962
-1948455830
-289770459
-666444115
1245227093
1372197930
554041069
-273941655
458833568
1300222373
-577582371
-1160426548
1947022684
-415137623
1916036259
-1864829150
1287753387
-1537627013
649821966
118643184
55390824
-406714834
423185616
-182102419
-846043249
1948511288
1719153285
-1274955728
-1686896676
1503745858
415175924
1577885481
-813753935
-1870708674
-1937455213
1048651221
-799761348
1372050366
286089040
-780618067
-403975720
160171652
1245932942
2015282399
-746994508
416374613
1304127341
211475520
1432306098
816974354
787463502
-1166590848
-1271290479
-637368312
44590741
1241084830
1699797069
1311871366
-1486297680
2051386270
-547415355
-2075394897
1961625688
511483769
1398114974
-1185432174
2003101719
-1332778155
-2054520729
-1831447689
-256839927
-1601983498
1491938301
-1502595205
1780409574
865444211
-1850993871
-405790625
-651474881
-1555216084
-1955440985
-2033307748
-388859897
-461987077
-482746112
-1049076806
-736267947
272405929
-1813060549
1216785377
-577362585
-1985403229
-1845278376
379525296
245148649
1321531628
1121383998
481699404
-916007561
1237010261
465833438
1427540924
-586685856
990301676
2146209431
-1402242188
1014391213
-50374991
2111369948
-1848745681
-2073920415
1650908559
483244051
-846059263
-267439871
-133136502
1740107712
-1215077460
-813350058
480946484
-1628487966
-629810127
-1717640080
-2074527643
-452071523
648901290
785864430
-1620867798
738588952
-944156585
783946621
-150632963
413409704
-2066364171
-2055130722
1488094006
1646305069
-170230442
-1171580757
973802945
-479274564
843027246
1934343451
-1246810863
183776382
-2070014422
308145668
-1506740140
-1654128425
-173222330
-560105759
-134541592
1209860041
-1610852513
-1178920555
1078043661
1477907867
-154556921
-1102601041
-447999526
206967733
-680974952
-238835217
-959436939
2095627470
189246347
-1491756791
-352868738
1944676168
294747146
-1845476696
-2126797877
-71835174
-1334576190
1833961397
-959922342
-723878289
401091326
-2078983976
1809475459
-1473616051
-935248399
1051093566
-441803923
764256889
110880338
-561135715
813097154
-691837094
1442849326
-181373836
1878155430
-286414180
651207673
2016421015
1435000804
-993196969
71313381
142186730
1783727722
-44936081
-633976202
1978473580
835824119
-662976195
848475222
1841864055
1773867026
698952814
1213640549
-977526971
2102352701
1357748779
-1490388716
-317374538
398825322
1386415738
1865737715
-1326000817
-878700114
-1880738589
-980342137
-329389690
743712564
-739768746
303553889
-1325034692
-682584205
-1049935540
1491961451
2001696138
-1869617757
-409716693
-1030074492
2037311167
1219847532
1201795566
-1785484721
1433469865
377261792
612284677
-379977912
-1164168428
-1908632149
-74435463
-220612073
1430642063
-1884176503
1376612179
1155548968
2028297589
1868639735
94597694
-479537541
-1894290645
352522029
1620530027
-828508232
-206206554
1051355722
-887168844
1066558342
1180251951
2161361
1939294211
1460962844
14345834
-228536492
802382325
1782161175
1020855187
1870438254
-1859026247
1938197134
1884523019
-152892171
901969214
-695105693
-1087574509
737690736
-1194490739
-2000056613
-2060886314
1086632135
-695093390
-1717366415
1846650028
1865332281
-658070942
-669831962
-802218084
2140305
-857312360
541044636
-861230557
1482387612
1500847488
1943764260
-1045404621
1506383061
-434322599
-150198251
-405362050
-718431902
-1173238763
-332475105
392609267
-1237193917
1592442755
-811615393
-16130168
1661979336
171332015
1393087988
-465181638
-1985615548
-1076084600
-1829659951
-211778223
1420733951
-520362045
-225260844
1341190376
-219064720
-1463439617
1586409240
1708875436
919102891
-788875734
-1335928954
1407888612
877336344
-57646046
-1085165902
-638039632
-2037462939
1051442079
-1577224476
-1395463019
-784298307
-385705393
1503102067
-434576328
723938105
-319863230
-931346087
-297599895
320524950
1483009416
1948911108
2003386467
185367592
-1984300008
1102918506
672865617
-826823665
1965517810
-2007303585
1933093140
-1519555417
53113736
2141441066
-732753597
-1970246844
166213210
252276821
-1946782093
-826905569
1938381791
1049566148
-727730249
-1898411638
-1300385621
1066099976
-196808086
-1897155989
16135629
94677492
528464427
-52552729
82199161
1521859185
-1227600600
-1483892131
599956454
-187573106
1551976607
-971631211
322938745
1769766363
-570973790
1981189177
1690180387
-2053495306
399697434
1048468099
-366489594
199589478
1109789197
-1084508105
-889939106
-1391688793
1701922083
289382868
-114732642
306656133
-891698075
1868210437
-559851559
2121944237
-997968824
-1850136483
-1525323933
537785216
696215274
-2143455676
1566074808
130633770
-742614373
-1100991701
-1636990309
-2071889421
-1704516450
178274054
2041108098
-1585757228
-272268241
-836935173
-130127055
-884687283
65675720
-127871913
-960934748
1438941813
622476959
-871247423
1712255025
1133124178
-533342093
-226251855
-1096726546
1397496426
-153909880
-1729229022
2042898511
-499793766
-1167094544
-369659515
679535635
-1720767451
1547550475
-1538991879
882721377
1885897487
-1407069616
172061625
-2120666322
757176492
-11909044
-746343723
-1062672927
-315823757
874913514
-61023195
-219732424
784728087
908972533
1467697018
-1302977684
1715509208
-193171237
525777685
1258489235
446107669
1790823603
-1532912804
-1006439099
1362363686
1623392897
-1016012342
-364480126
1450975848
-1570839112
1568149287
-1750446126
-1688567400
725618431
-2083156743
-1921310034
-245159068
-1583967432
-1044434375
-1391214050
1011125567
1253025469
-1843011766
1771291299
561641588
-1231965972
543319334
1697031766
331251326
-951610395
644688858
422704208
-1612661099
-1909314414
-582661068
-1656561076
1099790476
430132967
1296240825
1929016459
2041575642
-1753890198
-681766436
666974199
-228281867
-896924939
-47816339
2113534603
1332451046
1632094651
1589606735
687678961
-758314215
784376456
-1285889682
1604100204
1161657205
252711244
1972486383
713709560
-168233812
-1906701351
-673984856
1291443118
395397843
2022755307
-905882415
-2005424275
62826036
-1019789975
-822789124
1064764854
-521434781
-907703062
-1297067710
-1228821544
-298670962
1588173434
-281658434
1795322956
521538073
-2135599972
2051003711
-1084826782
1151113322
-1301725293
-2014455240
979968540
1861987584
1944693981
1910646011
1129266009
1992324298
-1387174145
-975902682
-460789963
1204645302
729601416
-1776378787
1010409647
11922823
1486150991
-1996057287
-2090778227
-1219837461
774963454
204566911
-1264549764
-2067251764
-430144044
797563540
-196825734
-1035515930
323133605
1639008048
-1322758024
1310211737
-1358827738
-290605742
-1364423110
-1782070016
375898471
1130663795
-1914079358
-1812279999
777516959
-1799212802
762422892
642806822
-1532069841
1399897598
635948571
458064364
246645217
1945649689
2087395477
876520539
-653500816
-498251076
885632747
-2143570410
-1817822900
-965578601
-88725603
-314071244
665919133
-1859877812
-2060413125
-2010260722
1117611656
315642466
1747455823
-1938354342
-2022829902
1334588031
-1470802054
1490886776
2077676546
-138488362
-491975460
1799765771
1086645930
-1178597155
633983929
1455778508
-765607322
1280793667
-1902805159
-274250086
711944454
-1748506335
1283609646
-1167091244
1442966826
-1302879121
1125369916
-1541598485
-2089663668
557053369
277374389
-1588715726
-1367695612
-1904442095
-1167281181
-1875186696
-888348538
-1269271481
-1426503094
2082858200
-618146194
-628525225
1939632653
-1725611186
-283617345
-483164126
70384016
1111327629
-1490847191
1808200033
-1452138914
1257099920
-374904694
325487830
1246409037
-1110652561
1704238518
402755779
-2124162848
-320534029
1861846907
1911404703
2017727980
-1687777172
1450628575
-1705765625
-627216771
742051521
-1659700565
-1501630734
-58203399
-1554586425
675781932
944122409
-200568442
-108492330
-1232337352
-2051351819
530525097
-1456505958
1733019759
-284556519
1986372143
1864271398
-764860222
-57038334
1178610511
1258060110
1331628857
1608696892
1299711760
-1221681355
319711216
-1833066968
-1407867416
-1898215388
1635748962
-906117652
573642149
-231850083
1721740521
747991210
-1092495216
-890290513
1384614533
524842739
892504783
252293004
190853340
695764094
-740361717
149476952
1690767489
-1458731244
-806775982
1610789699
316864888
-1792612146
-1954591939
1134703065
40876537
-1067302525
-2140183467
2018802072
-417438348
-413717637
-638666830
1921135554
2063894485
-709939353
-625712155
-2013865355
1689569544
-1220805739
1425540631
1403348216
440386751
1641896543
-2017992335
-65346217
1979980402
-601121820
439326910
1258613553
1797323175
1660053242
30301775
-1539653681
986623603
-1345116830
1518714399
2048249721
1578431040
-1255833795
2067293750
-53029884
-1332804401
-1986029121
1520603473
1754961071
896127360
-256439006
311162818
-1975890128
2143855825
373736924
-2119341419
882974216
-1887357404
1947550995
-1498252044
1591799839
182979012
-510004144
-496902196
1155982732
-1569558743
-384335757
1383945135
39331251
461610875
1141665766
-2070653700
-434273644
-1055997868
-480614379
-703404484
-290095774
-1827680566
-392702435
-1752687409
281641043
-1921403220
755429059
-88714297
-1006870090
1415059978
1256733095
-1615255277
-759856055
-775451398
-158458952
1269541087
571287756
860834201
-520481558
-1527035077
2083767505
-749494192
1696834854
1429907450
-755535146
419997784
513019010
1611728092
-1096298603
432075903
-352232782
-116252177
-1865820007
-1309913045
608600509
1763436593
1595056148
248957087
1807572979
1301143162
993585647
-327645571
-1227164387
1921550488
-56949213
-1867826293
1849505526
-341764933
-1028162489
1193420985
257767642
-1369965805
-1337172887
-1949433758
-2062574915
-2056817737
1742358816
1814440146
791180126
-1779898680
-125464863
-144366840
-1523111493
496941782
790682769
-497149508
-1499336249
1856120193
2010280284
426630306
1521475673
1049289315
-1837247548
-1435907088
680249960
270595117
-1943443972
-845973474
-1455856779
486986767
-1959236745
2009070060
-686207160
-1563643043
-1463331909
-1521596759
-282060066
-1430015121
134307450
-713554767
-215002975
1207056328
-1440486174
473736246
1333730265
955823737
-1001057229
-287391677
2038050658
-557274425
280511890
-941093890
-17505377
1929743883
1065688861
-467120083
1145290670
1677851353
747747902
1583889658
1350885852
650731108
1124272964
-1949232134
2083715931
-1144464351
-924113361
-1416204693
-2092969166
-2035267671
13008074
1098884029
2103411828
273570019
-733582849
281187411
604826548
1337556578
1407753830
-344335222
-647825481
1363735051
-692043234
-149113863
1282265451
-2080902150
382656480
-1342243590
-900591848
-888713307
-979866287
-1320925079
651650773
944738114
-746650474
-333917781
1036489788
1039696230
-400022739
-1531988238
-395745951
1248916718
1274446331
-575278658
-1704254721
1506529058
264297120
937284518
-552679436
-1302994922
2040475154
455019352
-2053260305
25827667
1496146025
-293374499
1246823783
-2000680265
-1405403657
1645821985
976627406
1212860825
198131099
1361517746
1952979718
-897800656
1642239062
-2126016056
1953965331
-1469689036
-275616226
-1176722556
-397318382
1450075077
1256939506
513629820
-1834388374
-1857535092
-1607375058
-468515209
-1325968576
-1566569184
-1378350560
-436998796
1292083504
172155562
-108827174
698758897
1152634681
719432907
144995657
991234921
1388947704
-754555972
-1244709498
-1415118819
532126488
-1447934281
1577880428
-489900265
768503048
480093589
-1134821783
1099627371
387998191
-1032314697
379985049
919854528
146863324
-1340964054
1807387664
-306801394
499622978
-498492666
-1092088457
1621501864
1475313826
438023190
1619069913
-1030545283
-1961594231
-1027041091
880334271
-946547558
-278238275
1031159063
-697117831
-1750926094
-212207693
684882014
106843838
1453893729
-995041469
2144104590
-951148681
-1438266898
1217188766
788962380
-454503977
2133124944
1968264319
-1622376701
1472010670
1243524019
1230587296
-1436187824
-9197825
-457350469
-1356339345
558929823
-132534321
-45178936
1004807937
-41258730
391430975
1892783484
-1037797050
884644017
-602949155
485810553
-1866418818
-46029139
-527050954
574541935
-155016468
-723169238
289796271
-962109867
1373973960
1602038539
38841748
1335588597
-1080199303
-196260832
-1970129807
601176750
816330243
-1947589753
-1446454880
971852661
2143884989
2018720591
-361782493
1950705180
-1659824056
-1951876003
748467635
-1104360490
1792806844
-642130541
-1263468775
-48021510
-1878733533
1139319086
-1482182213
-1406689785
-153971926
1338082415
-727095943
-95728664
-1726360043
493618557
-512757319
-913044360
1932883443
-2046614647
306533568
-204868025
1344071699
-1187824333
-130466749
-798518626
-1674640458
-9637589
634258237
1706977472
-2121243131
1490216219
-1927857917
-943556238
1803002180
1929549508
-1756297835
2098425534
1286646600
792107879
781778742
-285047821
-62636250
-1589448347
2078688573
-943691281
-255384019
-455981015
-1092094931
315534239
312515605
1532322373
1884178179
461657799
920011383
948172251
1920203215
-1943147266
-1176545408
-1218400450
-442318458
-1572019972
1005069281
-861390376
-846795499
1509631000
2030687241
-1213369523
-233602119
-272922613
-544591722
-568120096
-1202097011
-1119356679
-814093816
-59367659
1558817636
1065014194
1094675383
-648023144
1518542553
-2122261452
117926406
1921419613
-1974785117
-2141874060
-2030854183
2139674375
-270544595
-1587276963
-327979196
1393364877
1081647973
-1673376744
-1648797308
-1803948773
843351508
1243469198
-1443134926
859784757
-41974802
-2116785622
-983780939
-600813278
1151163050
1444640739
-750875912
1421097351
-1181055147
-809113479
2123688028
-2068321199
1162801059
963095038
-1394764816
-510247464
2142926599
-1484080233
-488714529
-136720831
-822799036
27378307
-578659287
1108234275
988889666
404777820
-2075524458
1980568940
-1210528987
2078415773
20298214
1116407430
1958306971
-963922076
-1295845556
-898865227
1370984053
-887259272
187682077
1422201026
-2058118023
-172602484
1805898180
-575538467
1152776309
-1176918844
-41156103
-811382593
-457903721
-744586119
1201017394
-327406321
-510153476
-633029831
1099621209
-1268755706
-541127802
-32816111
1913589438
-1419989675
1888917745
402786317
-699679410
697552709
-222504920
-2060069377
351354373
-1317784544
-1821146923
-1220701569
-1624764511
-1895753521
1868399158
1327227955
-1440984681
412928964
1251598135
-589766576
1444597834
-951216359
-509102148
-1570014368
1408639098
1617209593
-1905192131
-1547517371
165510650
385916478
-593543016
-868540547
-1254727259
1197183835
-1221271775
1942761639
-1700461934
-1032921220
1956046078
1207955525
-1082182010
2088033771
518993586
-963889214
1537762730
1718839733
-1301765130
-1921786441
-1752398467
-1065357427
-2106761777
-953879447
-623161589
-501728785
-1207027236
-1403130730
-50060193
1308187528
-1488300304
1107009648
-746170059
-1987028012
609482464
711887593
-1691299084
599165449
-1234656867
699772721
2074555354
1160092211
-2137004668
732034172
1194460536
489549984
-1955247884
-1894974968
-1354590623
821804925
688341281
-908417186
2003468062
-1721902400
-212975065
1229782231
-133037468
1288398409
741096546
-1532630943
792181896
-812400061
1952848636
-1249172861
322393650
-856270384
362682310
509368222
826027600
-678021147
-981534645
-487841420
1642082126
-1466464655
1924499490
1880134894
-1983495293
-655139900
-2007571324
982018073
-1526522642
309361198
656895261
-1174539151
1780368417
-881465881
924806694
834771298
2141233788
-1529449170
1405605811
2053718795
-591070306
-1325220173
1960482377
-568649404
2117208601
721488441
-1489542989
1629854434
300757860
929113975
435621653
1374136633
-852490475
475811647
1836371777
1244612578
-491127473
1051685602
1741015625
-2124540739
1541089400
281058769
-1735585964
1175370809
-1324626385
-679064185
-962406475
266792402
-474997891
-1364073562
1239644217
-84568869
-119117750
-368273824
1407947712
-843753091
808566289
-687308008
416047886
1439149567
-1078356521
-578959544
1310467554
-570627002
234029400
463848357
1886654792
1988249503
-1927892093
1172630912
514740011
1985386172
2064292905
-518663570
-464788690
-5031428
-1080227088
-737267157
1519618235
-400121361
240815501
-448703813
1199038043
1962031641
-534315726
-2114915631
-1822133688
756399092
240480068
1200651892
-1460239296
546188859
209845584
1007970784
1017090203
2146374757
1529583679
-1725835606
326957215
216044143
-1304732983
380692262
965827603
-1552578338
596250407
-302619636
356612113
-101126908
-1723081716
1938790489
-507535584
1493295489
1448430805
1647675250
-1590813055
-594390260
-1381226242
1542119823
1794254025
821828979
-418787624
149576278
-801768017
1602551008
236717432
-1211021882
-1322076377
1333907293
1168931314
-1008951466
1724285871
354806425
-1515824185
-87236771
1180593639
-137655828
-562770789
375866036
-946917017
-2109302632
-55830741
1406232729
-1943909172
-1323082671
278585725
-1620153642
706322708
-255409154
-41955752
1823659041
1551708715
-1602330943
-822918666
-1999169338
-2132026171
65683252
534527479
1269200259
1847661934
1108037366
138578073
-450733902
2016347359
1558500965
-843082970
-141510227
860722578
105397420
141743021
-1509031315
1528055447
978207743
-613054988
371289972
1795020712
1987135013
1058342828
-1856173587
2071077499
-512740042
-1680194586
-654270448
-41700009
1817863334
987226566
1529438155
-330038550
-861905279
1897933429
898496414
116013912
-1710864137
887020124
-681483834
-42589545
236494875
-1180544626
-1863008867
582580217
361514983
975361925
106093376
-353910006
318716547
-1618090480
-1063887502
636852635
-568371514
-599347316
-1704618561
-1588743394
-158264580
-1586736047
2098036452
1970494772
1464342506
1451850607
2003269997
1283401092
-509605874
-1596439910
743157408
266063054
-2019297494
1052817762
-1777582695
-1552492737
-2032708093
-471376986
898864822
871976454
-2135206298
763641674
-1467832012
-1982691801
-1468527765
-1122834137
-397293798
1160249486
-1245656579
1140194627
-683580587
-1403340954
-1199600231
2091466305
1561726500
822308011
793470293
416256027
-278047818
860671485
275393827
-435031539
-1641062128
581665207
2052986710
1637852116
1719374644
-2107543232
-234632603
-1569789416
-743680897
-1053104992
-380758289
-1604245979
-1460605870
1137263446
2130217471
291779809
616703220
-1874293144
1029332880
953567482
1147202487
-1466308678
420976979
1745925214
2128367448
1250867875
403062191
-1806609168
-1626439509
-563783235
695862024
1166121080
2027338103
940647932
-1551307965
1708477402
433073566
922063617
553620362
-1020614262
388262529
-1839424336
-1176224692
-1279763649
-1424373598
1684439551
-1596732025
-1892850970
1273287562
45734161
1920228169
120725209
1011731436
2031636610
502066803
-847717040
-1406556151
661500420
1711969728
92254999
1421358678
271841834
-21560571
1410107777
-101759395
-698312317
702888121
-1048078436
-405472288
549204715
643632056
1441249957
-796282813
-2067305700
2048294211
1210540478
1858340395
-2107335285
492974411
-1217396515
-142077087
-727217551
1277986030
1150631687
-821246724
413749799
-1954739903
374887358
-1638866497
-900705866
-1960024496
494880696
-216838465
-304040786
-2098795934
106106065
150501961
-1792815050
-1909307007
-1764581055
1658917122
1161927524
831607096
588821009
85221710
675862735
1934136478
-682331958
-1641869067
-803748511
-386706285
1603113072
-745731836
421552241
1749559369
-1401512530
1920973809
-1079992048
291580422
1762666066
313534977
1519922338
-1814844377
168977402
195446766
1649042096
-1977632153
221928975
-1710904381
1974784509
-1061164191
250787571
79275019
1481599702
732317267
1335859317
665394474
-789773650
645611812
1247310733
1425602826
820509929
-1648354649
1146193733
891927801
1898982648
-1455024863
-1713216780
-1949845040
1854686629
2004899080
-751446094
1211306584
1622305199
-1253152755
-1165816569
1920418794
-2046774887
-1422280612
1064742117
-1719659179
-1864910146
1744859170
-1838261544
-730591229
1764135849
-1796435633
-1382552965
-86317218
-1646749277
320751004
1294534957
-524782993
-1815405684
-1646482737
-369406203
2066422728
1408882158
1165008702
-1641813246
1369893796
1575918671
1279349393
1625120391
1708429388
930202566
1830985418
-510854139
1252919483
-1942084912
-1035899510
-1877664519
-521611900
-1722500509
-669340276
1581269785
-1520970765
-1262920637
598580342
975214793
-1678956685
-182263147
1323460816
-1627224877
967234863
314494129
371880020
1229473111
-1221134854
1808880956
-957374873
-1267743232
-2015190413
-755477132
-1816351001
-1595726472
1243676004
845711821
-1319085785
877108765
204865642
-1260254275
-1813403849
302368244
-1264914725
-1282272044
997981544
-167683618
1858114275
484794126
-1545759218
1210451976
919972080
-189811092
1854633351
-539890264
-1258414769
1463979968
1649023612
-914506779
537788439
-2007648056
2094689894
-1836206058
-1817881787
-649955969
-135349676
372640559
1136138024
-113074514
-1309432854
1712329847
39860479
-1016425016
301823660
-2002406530
1250772960
573448695
1818901884
-216875698
1023415258
-995259790
-1748144031
-668200736
-482436258
1477018129
1069693577
1520369361
1880025818
-1009666014
1368235152
124975189
-858926426
-1517608323
-582357246
-1769817749
1759549219
1636324565
-102135522
371286610
852426529
-1742767791
-1426681891
1634939963
-1014668159
2062466650
-1059966670
88663359
-636179685
1201229238
-6959214
-1329086573
994066913
1366565077
433906102
-1659371527
713593412
1396393579
-739865954
1291200377
-194870826
-497193666
-857068071
-375704496
959638064
-2014001088
1483375619
-784665047
-793826539
1164025824
-1543048305
-1818824310
-1817036073
-991157092
1208168902
1041729168
564648185
-1625794854
-1111920625
298077919
-1264204011
2091915256
-5531280
1435494099
1449470976
1362409633
2133615700
771397115
-1228110549
-492136350
1541487758
726829766
-1797469621
-1748587908
1575635358
-2129683074
316319548
1840182267
479073585
-1372336522
-2001276894
-1342417145
1025152494
1467544447
-230181935
-641908871
411411055
1940342944
336957550
-98696015
-428666739
-403187707
-409522602
1012208806
-639171360
-1189024457
-118553282
1170095166
995047045
-455473267
-1428303974
267493599
1425419041
1653080034
64901187
-1671938235
379563814
932795783
-813347245
1418265493
1262358101
-1205479813
-1148523693
1809239730
2091110531
635705049
1183889304
69795023
-1794244961
-910529647
436873449
-407027386
-1583401998
911760474
-421308571
604695463
-73138263
-1482637081
1608262819
-722671086
-2063770992
-360972968
592195866
-1413931831
-2036976352
372052467
-1570356285
-1186935040
1519739323
-893685229
-1940387844
1428121847
525164341
-89205152
1376601519
-1787187382
-1073756266
1350139455
-1171523661
698426247
899835677
-2067753844
-1773083534
-449553919
-936362104
-243684474
-1058366261
1234065635
-1594819694
30376970
143328568
-1645980537
1002804925
-282094588
1617284403
-57516792
1362181457
1543831586
137656533
1259131157
146909348
-1816331063
-1239490368
-1829393912
-2081784934
-2130982324
-1647227841
858912054
-1063558289
900251739
1456966059
13438600
420544691
1340808377
-1545164528
-1505988534
803003542
-1298626255
1530215695
1701850178
1411444325
976325834
-1214495227
860447236
-1900055212
278355001
423177068
-489601404
-838325635
1953086870
1156278145
-1994354452
-2038952152
-1665993901
-91305689
1099980976
-1666098355
1903354473
-595759093
835383518
1260736598
754575315
502458119
-538727238
-1119751128
1679233343
-476315445
788756874
1452406884
589606147
943020730
1387219373
-1638051351
-1355193011
-1730893295
-1166258958
-465746787
1819499166
2006398798
-244952538
1073669997
2142630265
1513237455
305278446
727409809
42616663
42440120
1049574103
-1094878700
1180533469
338511386
1179141803
2009071251
1616343888
151055697
-1073381114
1216966212
1807168328
-1028187732
1931886376
-1360739270
-179649885
1174994003
1666361611
1765286886
1651624892
-134277019
-1345150025
-2105665824
-529856547
1024802912
-71791403
1433297639
816772849
1859552710
1036229506
-1907377114
605150845
1968570108
-1060701594
1522259896
-1550695471
-925661324
882896644
-483155346
307778938
1932123662
-174677422
-470179889
-1547831302
-1164589637
-106275188
226800992
-377591366
909904995
167990852
-1858214364
-1935166913
315530248
1339115710
2036318822
1993822364
-1861289429
-1736468614
-1158246475
-68231897
988731758
-1298357999
862743855
503616111
-990535302
-1671727804
1476196354
1226764653
178000162
-76269999
1763718191
-779488008
1807572680
496548745
-1498104431
-1182300034
156203775
100157726
-1213364962
1627665905
-561358478
1487302977
696753771
-1894498562
-2084543485
627470956
1292951925
9213316
-139953097
429762300
2135975069
1145988931
754724560
-1035675134
451810036
336802004
1129512379
-1680239271
1619452601
-1561162792
1565385772
1691204859
-550539233
414854260
1907652871
-1073411184
-1841364910
-440155652
1666667393
-975879097
-1835454276
-42225939
581015047
-738775575
-263399805
-1048130527
-973225122
1025747755
-507325866
1537518397
-238009846
2029618243
-937436055
72289389
-938724876
159233469
-1322742595
-957449389
9271366
1850824846
-1641602140
1971799868
-122870375
2077587305
1363596932
-599700844
406035026
656827729
533767386
-1000327780
505285961
73230703
-202245758
-848736167
-421308246
471913509
1953864757
-1651578929
1379807520
2105004386
677099346
-414655889
-968807633
-1168602057
1472591328
1954871245
-1160039711
-709068886
-1619460654
-145676395
-231122524
-1435512630
1753533069
663522239
-505602446
1737403907
1052355496
-2075389439
336368690
-336384077
-559420430
1769089157
1404308062
-503470596
-1824234312
-2050979364
-1943594011
-363282469
1814856007
-962177999
-727103407
-1545005191
203978415
-1535385663
-209421524
1111011265
1681044426
788596874
804660640
-811321550
-29897348
369745730
-475935139
1721312245
1681025851
680588682
1573010367
714145074
1484453841
-735725213
843095086
-1217960546
-1554310560
857773024
2137739464
292404056
477182886
1215151901
1954299453
-478650123
-1133470846
1868236655
-71776261
1733231577
563002039
-2082214948
-889988726
-1582664760
1052187886
1337643469
-690183624
1786765244
1739237121
-1056620542
-1358240008
-436040712
-1832903306
-190032699
1013190278
-943565476
1078953801
1048701794
-1216197681
-1193372165
-936740627
-661773099
326732432
430587626
-484471915
2011187141
283902525
-1080607910
-1314421585
-1686557775
1612354339
1057779945
-1782648400
1620353896
-1262792240
1462432052
1289174038
301636286
639820978
-1732497232
1811315114
-1923622020
1072928765
-624142662
-741507834
891923864
2102348754
1276181228
-922752426
650561189
-1464360803
1366156209
-28158878
901987468
-2019949122
485399067
925803979
395603836
-130314645
1185212147
-382772588
-1087037665
93499604
1330220305
-546943516
668540685
-1663347833
75355374
-769908727
1791188613
1452526869
1164033399
-435062592
-1639434406
-564676106
-1122245085
1461430707
2117154858
-856175447
1026393671
931820866
-1890132522
2088500255
1950221736
811400581
1419243565
1622127705
-1532032431
-634904687
966620650
-2035421873
-1576857689
1810939643
995455968
-186823661
-97658182
-1335835239
-1375868045
153793078
-1719181347
182836111
540855370
-1756176534
311356792
-1313530999
-1990668990
1123158376
-1221218276
2141144901
695361701
1528466964
-314252329
89473108
-1260701797
-1247665186
1004881609
-176895712
849217760
-1318638486
-225271561
363975216
-114323786
-2033840782
-2095090338
2045826986
912060445
1854977003
-1776668597
-1469377767
-1340405438
1482204518
-198809879
406685040
-568506572
-83999815
-588121061
1112546639
122817245
-193059106
-1500037493
-1215136380
-842152145
-1977634534
867849219
-1553979437
378359453
-424263327
885097979
364253178
-1005911092
-1814517768
1450001266
-218113297
-2111184502
1661518172
-1626477567
-2031923605
1387564542
922704738
-924665812
1221899435
-2099385055
-1443968865
1963873019
1017591925
-954997140
-1647262199
-2075985719
-1694991016
-229879341
1845139166
-1307496613
-1249445832
-738246671
-142837052
182545203
-1099510775
1803620739
-1635786191
-598591962
-1618923814
-1281224166
472515852
154774316
323394325
-1516205556
1623113620
-14525578
-407088892
-1042973781
2065291648
134803654
-1456345961
-296517703
-279766168
161554682
-369880220
53638426
-2067540381
2025703144
660438766
280623051
-1913994768
-186567567
-1300764887
-1471687917
1561678873
-1833430576
-2073915075
82764535
-1115424811
-711827917
231507594
1604196594
1144047022
219374988
-1456687124
2070321125
1672913571
-1500856408
-1321037505
879958860
-833558194
-1107972993
1829617957
-1229840974
-1513488055
717840846
538196230
-883461530
-1246656306
-1919148573
-172381864
762398319
-828836707
-1093921865
282852896
152550588
-878720478
-123698111
1780260791
494770591
-1266231338
1381144840
-9012271
-1818513028
1343492069
-1842293766
322771643
-1869082947
-1157175024
216606844
1201751267
665125640
-1049138732
-1808592446
2057043101
1378064308
-1183301173
1356085855
-1662463965
1905791352
141989203
-1869641441
-775632930
-55149723
-950509715
-382228716
-189303581
-222794474
-1106997786
-1004842258
-218111041
-1785954267
739130299
831722896
-6850697
2139302112
737062329
1625107423
-1755778871
589555259
1993340260
-303187492
519710136
252771593
-1834721767
1655085812
-227857081
1267675750
291833974
1548444566
1561723780
-425051784
823416825
641427462
-1062868537
1313196118
1992759015
-1052451728
1286473531
-1477015481
-2050919314
142697024
-117764707
-1669507793
-1797046003
1390253744
-556538300
1802666053
1114705203
-932022622
-1087788192
-363460087
-956428762
-302994513
754413958
-602601611
1981082918
1137383039
-401169045
-765221262
1148970193
1942956634
-304807441
1011778957
-2100113207
1806626303
1575314013
207442666
-703589485
115979700
-871041807
1472980600
-1874102590
-71439714
-171798118
-956413083
563374420
-1633717422
497957120
-1465422636
1283670107
-1823239765
-711786553
-329164339
-485794337
-1819522595
-1956779499
1643205749
-133275134
1307223754
1543011153
-144629634
-141637019
-688885868
264633902
-1531296544
-329079862
-589356429
-1721841433
-2016987960
892154363
-2129966905
1443168715
-536243247
91271657
1913157744
-855463940
307497329
-1460168169
1132697181
-405216141
1063868341
-1712915144
2145791587
86304582
-521557712
-87952617
372700239
-878783187
384977456
-138400842
1901642302
-170161854
375603507
1683493050
638232619
717369095
1862367897
-1392568059
2154696
1446181037
-1864139878
