1386023657
-661055224
-1301313437
2052814399
-1798645461
1793386470
-1529443541
-826041619
-1589838691
-57636799
1446805524
-870989951
-1963746945
-2120611405
1917072209
-1077028849
984867630
666428947
1578297294
1641200509
1128334830
1297064422
-162930540
1230338829
1637050602
301105172
-540763022
1788223290
-1229747080
2063154398
-124999719
1937169864
-1485961056
-2088958961
1646143751
700718358
-1653968930
-410839439
1915128424
94951606
1837570599
-785919358
899213112
-1171506369
-185066455
2074416231
-1584783764
-569474719
566750935
1313480993
-1207914542
1848146489
1748798244
1076531454
-620574857
13777125
-175374835
-1750274735
-135324856
-1660236965
1568127197
1450767717
-1227653381
-1184626058
739647916
366001838
658395695
-1152198831
-1819924440
1885283393
-1674171183
-927639080
1187046039
-1204209275
1305832898
275125403
-1552320740
-109595606
-1900179530
617341413
1161549112
-1230470822
-1200592801
969158157
1878983571
1671952943
-1847872055
1061552907
-395835908
410282852
-1320837625
-252593843
-2008637522
-276437938
-326171377
564814283
1722119637
-580943604
715840738
915619161
-933538224
-659643395
360174575
-274934469
1218684599
-425733518
639370681
443713790
220217246
89663652
366514615
-2007849595
906442779
704485608
-867877766
-714581663
-1503435387
933718560
-1069383915
299899494
1366725502
1278454132
1559406776
-815509382
1303951412
1184203586
770766494
842619312
1675602147
2063316818
1476904489
2030910356
-854650211
325950542
-1810545334
-1694460472
2131278669
1114662512
-2099231450
-1783387697
741428985
-936532611
-1466625290
1450937384
-272745146
615460337
-1212384466
-1349463394
816147265
1783882107
2080201441
-179678242
1345305948
-303822165
-1088724125
-175387574
932953525
-186433559
-458492881
1438219276
1263395486
438895017
-853266677
-1359015316
-169854631
-72841252
1433512553
1053391462
708540707
635663017
-1618909680
-952607625
1979695731
1359630940
1076815355
1917151671
-1792831869
1284061854
-1571842175
-1347632084
-1055681777
1189991654
-215161675
713234524
151428700
217556527
-184444401
-48546781
-85676165
-361071637
909476427
832988871
1683017422
-976866249
-1571005295
-1323870647
1582918347
163992911
-894725931
-511576579
-1807008513
-549509053
-521386368
381049436
1935604566
-373994774
1478869327
1685005849
-574989927
1139272983
-1147787141
1985522801
197205815
1368730890
1028529178
-2135464761
1933268295
1539524393
338017477
-1446411409
279040205
-113210128
856164729
292080585
204643643
1505187620
-1946437694
-953225326
-293401797
1976723278
-1373705707
279973750
-144873557
1841392743
-2126681987
-1367068440
2048171753
2016714447
1912553338
-1055802058
-1269280689
1507960708
-114824923
1117281751
2084050433
-1877784945
-717462376
337431047
2007827685
-85431103
40427404
2076924309
-1343444750
-1392591713
-823863742
-428838661
490275246
-1852856678
-727790169
1342380719
-518700303
1187419267
31919026
170877368
-184590866
-74852291
-1268583919
-1600962173
122328691
1834439091
-1576476925
1647984374
-2034784145
-1754202100
1837021319
-65995067
-1406451275
-5967331
1010009526
-2117374715
-525609985
1103055391
120502893
122505726
-1461976268
-261338975
571873582
1565405252
1186411501
-1271164225
815091527
-839948280
1252654645
-824891500
2002825012
-1702159445
511215760
-1803306772
-977359551
275366291
989925182
-1069589698
-1525022093
-142356670
-972481600
-1449213736
-1210541656
-498923100
455618715
-1211861924
1171368701
278398631
-1697976997
62965354
-1786795665
-1863470063
-1602883878
-13081954
1940973252
-2016544883
-702550078
1554694077
-364637781
-660095994
569306447
347266858
-1079250398
811073591
236737625
-1706029154
-1362622441
-501433726
-192906607
1995155223
-11145134
1790027265
411428874
682354705
219788177
1623477467
-1488374533
972260851
-1927715852
1324213208
-961380414
-755991348
-819286885
1865861942
765574956
622080062
-1932052595
-1676621636
1897362675
-545651270
-410579493
1945259792
1222083719
-1444876819
1160664580
-1534171579
-1852034543
1966051705
-1498540901
1850345912
264998324
1002575080
-1544695001
-1723265253
-1140732139
-1136941091
1504596297
-2005275950
1189569821
1854231435
-1837915100
-1515657859
468827645
-1085883285
1088907256
-1323788587
1461324658
-910374103
-721819632
1218886075
1082492746
-845319970
135487710
1264692622
382663718
1844902532
-837500829
937703612
1700370048
32286630
720996564
-1156423525
1141981679
-2145814441
-1511868038
-483693959
-1719855447
-1669503388
-59973159
-1378723343
-2092131511
-832012852
45204244
1609531520
483450579
320505968
1467491215
-1990004137
-228675852
1241858310
-1222985514
497611890
212299405
336216403
1557744573
1393473512
-471183246
-1091756135
-2016052537
1160181381
12057198
1019572045
19840715
-1173142379
589223050
-1413244659
1908905428
238038018
-1984526194
-262750768
-1703413687
-1409325919
879064520
972101982
-1492157363
-1475559992
-1692197621
-1937008637
231459688
-12612317
1671874810
501257087
-804368794
-1965836601
-903743866
945875776
-1201261697
1297261191
354042292
-1771705390
-72207689
680899206
-210838877
-1453999722
-1318079353
190910221
-1177434419
-644402511
277036733
-21046369
1253929613
-2003993529
-1944040544
1295001929
-42772768
-56447255
2117398359
-112575939
236500847
-1813227957
1411379082
1672211105
1053998284
-882132934
1706963273
-224374108
403926780
848762572
407281965
-1249839661
693982261
335045080
1815738812
-600108119
1406908392
-142537816
-98694127
-981406356
1367989760
-1594231571
-216895812
-982969034
-1501321620
2012324850
1657190118
1472928337
180249819
2113551124
2117640121
-2033572152
957411526
-282336655
-1339898882
200499770
1230909875
653760736
-1486172665
1381969393
790997942
1671536672
1734885838
-1885237710
1207029819
-193333165
466306398
-918072106
-1101785341
1700568748
-1132655759
-1033707239
-761584788
1818919783
-951466918
-2122020687
1248819700
143092473
129906981
-1062732254
-1874359809
523775625
2141287676
392251472
-1553199144
1916800926
-1777000245
-785834155
1565659893
1611862808
921531687
-11418988
-1046477698
689870692
427550315
-1658151922
-813186544
1984469483
-65671388
1315587316
1702330557
1578721226
-497836882
-245645444
1203758167
-586517048
-711474658
-1731921417
-806500626
-1917764732
-198314654
-2109083869
-1988463466
-970297874
-781665625
-697239619
1633509229
747595000
-85163526
-727572134
-1388933157
1536489612
2063227697
-121332105
1283020059
-1912651584
525829132
1991943118
1718811130
714384711
1184707734
2066564843
-1283358241
-705826774
-1131524655
773796349
42643978
-1154984008
1741082257
-1009368847
1979968288
-1822837829
32715432
-1726391364
970954470
-1795796500
-168026045
-1715396104
-1380110771
-1822745177
-1619720301
158284722
-385541202
-626651422
979540143
1328112513
1500118357
-1741548453
-1269288008
181566939
199035971
866839824
2117711677
-2142416477
-56906961
-486497036
1524715745
481932805
-522690098
-204887841
-1195428805
1878411654
199346260
-367155771
1434672125
-1533147562
-288479431
1323476778
155171159
475678696
-723857600
690563285
-1804372579
47650244
-1004900940
-288682045
5646886
540067739
838721780
-1286816162
-2067516809
26171035
-1443409614
1883158511
1503362209
1427435525
-1037069961
324110160
1550482407
-1970627333
859966697
590666981
-313974365
-175172706
-1938570160
276174795
-523370391
-1380383400
-2111954986
-366891438
1334836588
-1369473419
-263284466
573450665
2009543712
-2016400648
1546158391
988719319
-911871967
-1478191956
-2086246464
-1204412686
-1389567662
-2056999304
-1456675569
330547338
382463561
297156855
121163133
-6007707
-1185724182
-734131128
-997257051
746281841
-1781618351
600879906
-353056546
2028094454
-14757131
-1847672022
500842245
-828695542
1841547273
-639078776
-204740993
-2051573942
-359903451
1803209399
19436925
-2123662394
2063970085
-423516004
1959558530
298863165
315671889
-254387750
72656929
728249737
-1213212226
2124740452
899087371
-1687519908
91411955
-792265389
-2111369655
1577287724
958251470
-1588899848
-1870642235
756127851
-1442862424
-1823408587
-1057880306
1102452987
-902932297
2094748936
-1963780517
1284840673
-1069713740
714807400
-565367344
-15327688
-1605496899
1557263700
-1427992064
2124580967
-1795324036
-516783832
1575173810
-1862354538
-1484164985
1492146737
341818856
-1045616803
-1410341623
-1051116156
1166273308
-1559061826
1747600802
-1584847349
178529996
1309521749
-954563956
-1906784032
82558521
2133017037
-1767812354
-674823459
1210289002
-58467946
1725300436
-837612685
66326903
323426772
-188834193
1506181306
-1049192189
-276605542
-1754139431
776708298
-1776479991
-911711401
1232750637
-878885816
1328592860
2130127760
-1545413579
-966562237
1050923112
1112993487
-623905964
1873315136
1794303933
-245074213
253458854
1400932755
-1533645106
-22632664
57589349
297590000
-1538413451
1083646096
133422990
-1839435967
1385712569
-1260065725
876596164
1645307065
-1304163757
54682108
1707081331
1194494248
1648905070
1382989173
-268084681
-1644157808
243372719
-1740695779
502777215
1502151929
2138778484
-1452166137
362048877
1307955585
-678068129
-615390940
227726080
-1496450378
1136387861
1726074292
459998837
-1322591193
1338303554
-22865671
-486951703
-738008264
-960222240
879626030
-1247482813
687853366
-1371151943
-1621978698
-273761968
1945132715
1692327466
-646068584
-1114569682
-1760100878
552991528
-825152725
-1424994578
1285311245
677817736
-981395955
409549429
713392821
-857903494
-1779813287
-1177094750
1677470386
-137184938
-1390563816
-923862347
-1984590483
1410441627
1772527095
1613807342
-1055008062
-1509735117
-889008070
1307457652
-1613495781
-406282501
628358385
1587306104
2084608442
1187020163
-462556824
-303495270
-1780258987
900702737
1631149283
1541786251
-845652505
-1247982612
1755985034
-1771191053
-1462885180
-1881754666
1698947746
686189716
1203076078
296762329
-501959427
-2082877778
-1626205785
-2034018490
-1858781517
1558897061
1338678599
215248634
1987027218
-58012447
-1713417393
-847493661
-966922286
65030901
860554941
1365549506
1670259853
146835970
-557544543
-1482671054
1227707757
1504390749
-275042576
-308133912
1017324326
917592943
4347799
1373230651
-1734241753
-666245412
-573725485
-1472558874
733790987
680729063
2095062463
-851280883
-304005547
816096533
-106543570
1570489469
-1573468323
-526734833
-2053362502
914775608
1902701188
539819980
1750976028
168593199
-1305625938
2100565231
500246974
1507557969
-1233751567
2007962733
954172302
-256440636
-1036195447
1576349810
803917589
-2061639823
-1197728497
301348741
343650247
1679457990
1813064938
2014107625
-2088502628
-1314747722
1789236229
-349751994
-1136147233
278177028
496665794
-147802999
-1161294779
-7081023
-516382419
66200072
-1129886656
1307913747
-2082045323
642487784
-1640917867
619262263
1188807575
1040038594
-1246300884
-380804664
-571636901
24009348
117461798
-498442944
307007876
-382839403
-191628492
208519103
350010178
-1060804548
-1442806490
-931921397
1800399595
1269457474
-558244670
1690547160
-559477014
580170965
-578976809
-1729391032
1164311543
146700974
-571448943
1871272628
1055309448
947674742
913945357
1427573164
2064387974
-318569627
277082415
-579250628
1901715524
42456108
-2105163853
-1626775183
527839660
1348819989
-20825726
1417196059
-1467766086
818515559
886124102
1737909459
1340777006
-252272626
-67820224
1911085119
305958781
-91924613
-699516584
92232084
153687816
-475924791
-1504304523
-728525476
1127949711
405480480
1778581518
-1177890696
-393752856
-97749922
783530241
560147816
-2116033557
-1817936909
-1964893
1436123594
1269855152
-937391604
-1379700457
1784184864
1741532156
1354134003
-507249949
772422102
-182006537
1116145333
-765851200
460406146
-115792861
-444977916
-547559759
-889268883
922960521
-795891873
-1593573546
-1787811247
-1625759180
-1725038481
1061587585
-975942044
-1467273501
-2054473804
-759668215
-356944747
1814062585
635507808
-998627874
492820500
-1768881736
651772546
-1650459555
-961210344
-1397759058
666607207
148079590
-591197220
-1312411026
-1834266051
1479199146
1684624105
300080771
-85612040
645355977
1391011227
-110558559
381665656
1944960155
-1656804899
-1339583714
659452139
1261892941
1086279734
-2080894816
1215699824
-1023224400
-2061304567
-1534512618
1607877628
1514879821
1417282072
-1831486997
-102822783
-672822852
-1116525495
1914104441
-2002975924
838923829
7956909
1359302075
-106306898
-1794803609
-1536242755
271696967
779560670
-2077199224
1017047526
-1200877702
1712430621
-1366723923
-887723962
835406580
1472943899
1905948506
153462456
1547700550
2100007321
-167980707
-1481581554
-2065758230
-1655007921
1099198679
-1706024548
1116647027
-13004017
-991880294
1332097789
-2001679100
129299497
-1607593286
-327358959
-1979363834
1776401425
-1067582114
497196868
546950933
1146937407
-939905834
544491030
1415927098
-1922188714
2106166770
-1808564778
946770015
1675294856
-630924399
1744905904
1364091391
1064546360
1124263544
1800432362
-1496868068
2017752800
1998653028
2066144362
1346905462
948610356
1104742497
-1123916165
-122221575
435562631
1358376540
-2038032432
1949701750
2095875694
620237815
1939540168
-105583466
243660450
423595164
1136845299
-39914486
170374954
-1013526828
-1490172204
-1714659833
204275385
-1676574503
1962780904
611457009
-431869612
408844905
1648183015
1263768406
-634635465
1350717404
1286691913
624204061
384841209
1548155513
1510917387
280534014
-588399634
-242404860
1669896626
2025864757
2042662348
1231113115
-2091546737
976027249
1927573136
-310464063
-1107564219
687751186
-262121054
386550203
271082376
1111106196
1701607223
-1694672358
197855783
1481104453
-698846474
-1237334375
1349734731
1334348862
388896989
738833704
-1146925312
1549186960
1072061542
840036424
576131317
-1587288644
130362853
1217370777
-1249572225
1089409129
332579379
-580188239
472440547
-1815750064
-1162923888
325242414
-1900409900
565035386
-1402500411
614950670
1577334842
-151928659
230806409
499183165
-764466380
-1918626781
1307014949
1857542255
86028128
770381181
-1850987942
1991422511
-1975327143
313221879
1797870466
1992834104
-1889677183
-430914085
-2059116044
-1796835069
-1973744385
563776570
1664661421
-324763743
431429131
1130842586
-1432090325
1390290890
617839976
-1211681686
488527772
-145366219
1217522994
89886460
1263855928
-1769318359
-795348775
-1652762445
-1456348182
1790087507
-719861139
-1928809797
1729130037
-2035493158
-337893
-1806454407
-644384171
500794544
789466615
-1681224445
919838628
1637642795
-610580485
-2087623470
-1781881281
-707477805
1591703631
1445399222
-464934679
574888061
-697567798
-1946318583
-2024214225
-1529098600
1472458424
1599625255
-1815154229
561465030
401425373
-271321315
-1607597235
1945151150
910249914
-620635233
-1517369609
-889862384
-1980998130
-423695041
-451718167
-1445936103
2070845343
-1046872100
1618842237
1320730360
-279353799
-922549928
-649762316
-2022398800
833656054
995282573
271688785
-261943761
-905531200
2017911680
-499078011
-543715936
199257364
-1534371113
-52655413
938409212
-43839224
-1885278072
-47725739
1140957671
-66178930
1981021139
-1964573912
-806143303
209794554
-1345022863
694519619
-1601287974
1934720961
-1966123251
1039223302
1327049810
-1979836797
803831027
-26443054
-2128026465
2019180362
595213063
1362785260
-2086761783
-795316716
-1786340361
-55180634
-314976076
112417934
-1734063692
363836864
419189172
1670072610
2075851293
1281537547
-667033498
-1259757005
-500993283
1277605199
-1727201859
1711120807
-98674377
-971055250
-1535003301
1946721445
-91472065
1082407368
-615769311
1897466783
829662924
1428952289
440141321
1461685906
-1401361973
-2133756863
-301390798
-1332121204
1580678806
-72183653
-2105557956
-1245678226
-2035725467
-1451108303
1722265557
-1779965709
-1262289660
79434102
1254134676
-1465180688
-1958374202
-429161484
-817434619
-1575852323
1441931705
964316016
-1293680636
-736737133
-1379018470
1983134027
-1721073586
-1087177641
-563150325
1102768170
-1927781292
-1354179050
1518364803
-1271601703
-1770093486
1645708018
1846840197
-1314187412
65837216
-42650627
289471124
-350897241
2018580040
893178179
-2012375451
-1454592097
-1335770920
-133668595
-1790269226
2024069536
1155204472
1584320356
-677640161
1413406289
116486974
-1092640300
1379318086
-1716943850
-101587776
-2002803855
-1196309032
180119733
1203908330
-15348449
1579301077
-1967788741
-692229870
-1144525299
1589999339
1324448800
-1417403831
1700452481
-268671513
-1992716887
-502654988
-1260251430
-1752361112
1678446221
2075148698
1560767699
944237269
-1504310053
1305691646
-531453692
1921538704
-962474214
572763504
-782333266
1238952043
1262008753
1235117407
1364180919
-1987781286
1617077897
22112563
581910259
660197482
-990211344
-1367235495
286884516
1099311346
-350828608
327442847
1162372932
429985799
742973376
-1326457919
-384454015
515605812
-1720889271
-454311102
208701064
706841194
-2091362260
1839451520
1528841606
829266741
-970426157
2037096706
-137123477
-67116240
-219882075
-1203457260
-744287248
-1257379909
479221167
342616726
1981373147
1167497450
-1522547840
194911247
1095144577
902954432
1733109587
-1507871992
1939122316
-613224548
-592533645
-595256169
642623742
-192636685
-183813413
-687945927
943732597
-1793807553
-2002986468
-641414171
-403801424
-881426378
1284135555
1198232669
209217617
1392155199
-882813062
-726920506
-1741003036
-1967572959
-1141191122
-1631625605
-668627937
348516349
-1734652046
655804957
-1217987733
-1660058242
701098978
1916192494
-196597597
1568567118
-764985781
1829513567
1904870170
-902840373
1866479690
-512187674
-1290187550
457270522
300848434
1363969301
-1373986229
376173499
1871910707
61940200
-1221528150
-421170626
-1777077577
-43492002
-557218981
312726965
273419279
-444906422
241467912
-1218631862
-1455559858
2000338026
-612232406
1798341715
841452149
-451763784
693057487
333606340
763519440
-689904384
1101450654
659167973
-875735394
-1350074446
884398104
1731511108
-457936905
-913747719
-1126524384
-706800660
1376024042
-17876981
238961596
1433682902
2014764773
1186201538
1474902045
-670729313
-1421562023
2127228780
169357276
-580680581
968175518
-1229056802
1956690822
342880873
113744915
-383870001
61598298
-1659224664
396702601
181585506
1370364240
-1567588504
293292001
-2081268988
-1084346787
-915225147
1068709107
1872468856
365872117
1733505776
762864049
-1539827409
2012219601
1186749358
-2143637621
1430911708
803821554
815438086
-2099381227
-1068529848
-1910125340
-662945482
-1993500441
-2133587614
2078234695
-1746404378
-80421435
-375234151
-1247274869
-1924684384
-829671170
-1149314962
69860090
-673614210
2059166232
974325316
-1504646917
1660968996
-204500307
2131747962
1754531220
-882387216
-180164209
-550020165
1297530672
-1627489680
1443388466
-1371544684
-358434398
-2129768172
1315691083
-224786618
-1241000855
2096139044
-2135652428
38331357
-528494283
658899187
1334128786
997979008
1711759017
-1501765547
395140025
1470741003
-680096925
-1694548659
1598988110
1271932634
-1254169288
1559067147
97524653
1836629991
-11155261
-1945978348
307511437
661383703
-1107974879
1567675586
-1849474974
-69213488
-1874249739
-26969361
482268674
-911917362
-574618190
1337557997
1232748683
1067188791
-1124363752
-344812104
-1464100478
1792648684
1681464574
-33121170
-1676023489
966368801
1796466514
-406207234
-1763861111
1553413679
-122141602
-1394675936
1495221884
-351742552
1549794124
-8795516
-1206207053
-1335754068
1953807596
-1475800242
1030429602
-947735174
-1422020173
1818468800
-1555685565
-1571827383
1791583238
-2121645768
739503092
1880741464
2098563768
1715176029
1646936479
-302767804
1569355729
-1900675947
-1354722533
-1955574888
-1778897007
249082553
-727408943
-917077590
-1482724428
-426209524
-477270622
942465444
145821430
1757227624
1382341640
1055733728
2085801177
-2075766087
-21098117
678014073
-1763702364
1493107887
-969831915
81147422
-167102801
920243375
951948920
-302651863
1961635550
-251804918
936670703
-1127718416
324556650
-1205168272
-64000301
1619336537
232884455
-1618124890
2081458479
-1116263757
-1382349695
-1702421129
-367865946
1344648132
327940489
1954623463
-1941751148
593653790
-392732880
-1124392018
1782229364
-409424714
-1621023087
1421907684
-644641151
-330516298
1455818996
-1662180360
949760159
996461457
1762358864
-665876506
-909072518
1305589848
306276369
723285928
-1649019409
-2084634036
531110940
-1896556307
1851909803
1289168563
1451752463
-1052093944
-963539183
1755459567
-1022741299
-1821874901
1877646433
-657332789
-1148927431
1964477140
-14561515
-1733284072
1922364224
-1473052794
461588622
1394178168
244296221
1273051324
1744801520
-1665780615
-2021729064
-1800784614
2024434505
2009319653
-363324914
-1029301275
516359672
2062450007
-124774920
464641973
1364125004
314785553
-1695841371
-1270949783
-1231572373
1180257805
-173162870
-1322416038
529918068
-918476975
-1890973636
-411893550
1282986472
667369607
1640259195
105617855
-415336379
-2073138996
-1774506638
1974792355
2040818163
-949034297
1373856316
-1609276722
449084004
-1203467266
1750376874
-896633137
-470097802
1059562852
10200899
-286856921
-828025061
-705621707
-1922756469
856182848
857809979
-425453050
-1259136888
-926053475
-1486345768
-1226500329
2142570369
-745115055
-1089772173
1548059115
-192980216
-1143704395
558596526
-1295822566
198175291
1649616213
1660313138
644000869
-126252474
1758190890
180007378
1604734475
1338439467
848490254
2115054320
706487642
-975371067
-98558356
1290580511
-1317466488
1763728393
-165982922
1364833033
-32001085
2028161167
-709782244
1749979027
1247538054
-723232176
394674170
-1737645762
-792909779
1282334641
-606710895
1553689808
1397738699
-1048937536
-1197693831
1901194290
852392763
-1506321220
-521165738
247730844
564244340
373872346
783376201
1702031086
-1737147359
-121084090
-1841472343
-1593307039
1120959601
-1052286105
1313298163
-1403055778
-870363349
-1666852761
-1579614466
-1679659859
1172778756
-285647118
-158581134
-1895956270
-540738508
-634984643
-385700485
950789555
-1098560698
763281737
343027640
675707006
1651658031
1037722984
724167801
-1726692919
-1961909086
531611904
-999156182
-1632331270
-1053967198
-108655730
1197225225
953692136
1556313176
1366583277
1363208479
1476580802
-1013566426
-2079140392
-251439252
1900754991
-576339973
-221628499
-1929267612
-1763220553
97671913
-487034765
2082319770
2024356960
-1786179596
-1154884066
1774091451
1759005596
715863083
133805073
-463856195
-515897246
-593267203
-79758877
-986589609
-937951846
1105989060
1984180837
-104731469
1054700221
-1083251802
-282857756
321614689
1552710332
-2006860131
-230370646
-1998954353
1126206753
-1261580077
-1215051061
-249994121
1411583348
940782898
1472429597
1734882071
1401971935
1823355451
-54249081
-1266666201
1640141332
-1735567849
-770188162
-1975593912
1452954478
-895172629
567904717
-1251223943
269373270
-530830736
-1702289260
-1413120818
920248040
1429900226
472301970
1831033186
997940949
-1039442313
288023718
-1776545651
1716267658
-1644558
1974190738
-2136377006
-1250253423
-1337454599
2093553410
-687222501
2102458167
988781957
-1098678580
1976825511
-927376273
-33690407
-21694855
2132795459
-342150154
-1582730538
-1254867708
553894199
-1799739209
9019788
1334124257
-1866886525
-1821172112
1959985684
-1173099200
-792202549
-45562732
1130010524
-1441094254
-289107570
300675955
1275322306
-1238201012
-604661346
948582296
-1382153178
-495106582
-293941556
1760505713
241832250
2054987062
2113819362
-592732363
869090907
106995145
712525269
-1170252031
1347408677
-1073241134
-594561733
-1401845948
1345951234
224688661
-657027334
-992706723
-1474056188
1589297974
-1463448766
1210700418
116326901
258093880
-1321713220
-533467421
1794959019
63266111
226024963
1455567630
-1433878881
794368413
1659774802
1134947733
-2049564480
-1382692853
-2089431169
-1325059347
-254753659
-372510154
-1231012568
-2123715175
-705136320
2000818813
-1281211093
-1757426554
658816698
-1113488647
-1172011173
1079047097
2018562811
-912992067
-966827409
-3042521
-2133178008
920268638
-1066552515
1750091747
78216979
-600823627
1588581161
-1687590018
-2019786674
984392931
-1833203241
688436650
-1895681151
-1921485163
116188711
1106301984
-1241719491
349935496
-344509854
2068454595
-1769975408
-63332017
68450224
426229253
485582490
777424467
912606413
17109385
-1095664544
-96991461
1543089148
-298650358
-986042912
-2055749682
-1659392965
1900498298
1293582180
1663019509
1508014519
-492890002
728243739
-126812540
-1714857598
270905272
-364083995
-1618779110
73139330
-778427563
-813753747
851031431
-1509046868
213241225
318413948
534654095
-967850126
2128971080
1380805772
-1768950547
503202937
24711896
-87453284
1741187994
77827983
-180172109
64127810
-874607026
466560732
1037791921
1607733766
1439915847
2028881494
1096602982
391053548
-1239793336
-487150214
-240670776
-216193966
-1329819676
-250901448
242197781
-354936324
1927804923
1833945902
-846002957
-2023035283
-1494526843
-2103958759
-2014269480
-242728072
-1415703666
-807225464
776132012
759417877
-647338111
1486956754
1236912811
-660131464
-202192728
2017284425
1902988944
-1073236641
-1076917517
17834415
377004527
1902323115
678005751
-1232776984
-1493692958
761263410
-1362936519
-2036477199
-2107325977
-1040871981
-1085174099
-1548858608
1781935112
-310431799
-1894089351
-1286214324
-1099026628
1649209924
-949531906
914195232
1369955341
-1209288395
1605672983
-1896511637
920031098
-241814423
-546627421
1162186153
232627230
2110667737
-259050688
-1951504280
-995696239
54467903
-901840550
1166263028
39908877
402566892
-507382941
-619109804
-885799340
1531722712
1667050851
-708214406
-574304303
-464937733
-715862093
341834933
-1262331651
-1290005542
-1615200252
-2120531863
2017414148
-1029195164
-282984794
-1410552062
-350251097
-1997431810
-144520185
-1171295706
175061604
-2141074469
842408569
-1138562263
-1787012141
-1377825647
208390199
-1305004347
-1607526318
-1000678167
123764137
1173469194
463463140
1592917494
-1543566362
-1508188525
-2053660330
-50674072
1021654907
1598397434
-1397561693
-1213868255
245275498
492059789
1318317977
-1519188728
461615221
-1129998527
-836418117
890866717
-320109413
-590296858
61418601
1968693198
-1052580125
-1568346468
1164983358
-763384696
-695989417
-1786408059
-254553927
-1295524208
-826938541
-1844197957
-2051593186
12042770
-926226945
-710998396
-1919126114
-325349254
-1750440679
-191329852
680064437
1545862914
1806273015
1710651570
-138005293
-682122613
1953703628
-1617155122
-549199810
-1927922512
715098153
146247698
-2076665546
-455391720
-2059349305
1265838951
-1193405863
812534284
-659490429
-2124450726
-66642104
1946478409
893030313
-51547889
-1911252341
-12350954
369490804
-377499275
901268913
583480215
256429269
-231278405
-465369157
-1380720029
-162710413
-1729123838
-584176198
-496471979
46405363
-634172333
-1654287945
573700511
1999870072
1398012370
1725090770
-354016988
175766637
-52572620
1510461869
-1209219579
780322177
2762861
1558816778
-1883832708
1153040883
-2106010706
-2011034958
942304233
934875151
-306295922
1881747096
1164262442
-279140617
915771270
-1205403074
397437999
-785635418
-2101921373
-151154600
-591716404
1727429170
-79770506
-138123090
1318265553
1225325393
1294101582
-787008698
360441687
1017724445
-1613727831
-1609051711
-771320484
-758995429
-1859538202
-148458747
803405714
-1304093319
-163185857
995769628
1359647091
-1648202858
-723733257
1491628379
291736216
1890316232
-787912497
-465293626
1443633995
241878104
1773683902
232896179
-429771174
413699537
177042400
-945006676
1490431022
1254062714
-1613397587
1198613145
-404528357
1655453216
-683918226
1059245598
-1653882632
1682232856
569035501
-451531710
292002290
-568065661
1770318188
1368053328
-173721443
1223154131
-192380457
101479169
544232267
89679758
1595020092
1156922074
-1666514271
1291947858
-1237607302
1973788371
744951142
1191760664
-2056061384
1396520249
1822924190
-1865980996
159385625
1509626068
-2099203369
-617265476
1136764205
-2127960500
-1605704254
-1145400257
-2069046358
517907400
964120836
-1261956775
1578079195
236347095
720941902
-1998017907
524573271
824884371
330571434
-1508797806
-693923466
-261998589
1941752088
1729038682
-682506751
-1059853631
-255602087
-632811697
1750211368
1496103900
-396487926
-816929
884933048
1784551679
-235976461
444438074
1954197133
1209834962
1865102496
-763092134
1674314820
1519865248
-267224015
-255986621
1182000181
-835304647
928671598
730837388
-619570528
968489753
-1551120098
-1605977827
1030773285
-1123902519
-921261672
-1322666183
-457377159
-312942460
392005274
369839038
-987337130
629705246
2140421209
1695236011
-303848269
179730977
-1652823080
1761021667
80005429
953867321
-926518660
2055391792
841684964
-1519779375
2139178720
1033868682
-755124191
-767765507
-1617899802
-1664792936
891081431
7602074
339903246
1700325238
-852273167
824131507
-1232243958
1253188024
2111514379
-1977325018
-1208090735
1558042030
1729007467
796402310
-1295852173
-1118019095
891116338
1970558787
1646179821
-486646018
1728764366
-1892225784
-1495074754
1726665609
-1734500942
901069924
953004153
-1140448140
-1950293687
-807975509
-1192396899
2007057784
-1302149337
465026846
-1882468126
-624103964
83487105
1532256585
2102364245
-14363235
1703931103
1439438252
894297766
-1801240987
47581711
-1073812579
467324480
810372447
-1381776548
-1640106132
-858450534
965540050
-594593536
452427720
-1003638068
102075949
-531509034
-164749984
1027443813
1719407690
933438803
-850415411
1348928379
142413302
-580948041
-454339922
-461534462
-1417846607
661512575
336830996
910090337
946627505
1529782557
-701688544
1489942850
-1408672979
1954504170
566112235
266271401
971957207
-371151013
1540474277
-63189688
-1276439895
439726963
-438720512
387195664
-1403826972
-633692040
1241671886
-1932754421
-680584107
-1872347671
-976285208
-424466328
1074103258
-256542546
-555878574
684318167
432838692
-1507883375
673580956
-1219820009
-2110562115
-1335603988
1762541194
-204158772
-1057340084
-1982988636
-642310665
360604309
-2037478633
345646421
719868149
-1496779938
-228481334
441289166
43179321
-1046585870
-1883412874
-1015435329
-1980070218
-643429165
-266192933
-1011754831
-1767945849
23113805
-1756557590
517521973
-181793263
-1007072824
-757682044
-103836832
-332530840
768284766
506881416
471969142
1304562674
-2055128403
1745771020
-640658460
1762445385
-1330767379
-12047127
1998348147
169233509
-972688828
-236162179
-1688506182
80935674
-162984872
352859563
-1496754732
-1164213473
-1600160730
-526408154
1092458323
-1251140560
284260626
1692244719
-155688844
345447412
1541710654
1118013979
1740191379
-1188476159
-304625122
697700057
1250243553
667458398
1706821707
-1795278157
694794579
398861674
54741144
-2020067564
1550044125
-290550019
1724483683
-789841143
-874278688
-1572454196
1373596460
-313190069
-1159291424
-79098351
112325483
279636605
1429933945
797586027
1811182749
583702449
1701354387
-1669608958
665784991
-380057296
870060756
-772593682
-156933568
-752288390
-1446705834
2054270681
-181534959
-1542140789
-589529447
1217400802
-1030935938
-336749728
-783872837
1386484676
510773281
-724073544
-1556904218
-57191881
710232917
-2063305697
1039877896
778533782
-76256758
1773325351
295684809
1915689153
-551573288
633534712
-724766790
689956164
662705237
829150731
-1069138231
835069880
-1411531861
583915058
-199689475
-1652642711
1379582052
77674715
-162273442
-713079240
32444295
-2126786668
-1046415308
1533802947
-1524754455
820975569
1730962292
342963906
1386287548
1132965101
1309131895
1518191540
546679659
-2117904786
32458477
1539129274
1382690730
1159935629
-415101680
924737217
-1052935992
1188289780
425608476
-1010940953
1140475207
-776126007
-156982787
-1429955049
318423470
73985259
560868170
-170759435
1383750556
-175321734
-226846606
434078721
350827040
233670045
-552817868
-444507658
-745162936
473116286
1045249364
1146585715
-162113801
662165657
769979787
369163229
52836091
-200848330
1346885566
533154690
1111843934
1866190387
1865229427
-2091197950
1805517308
-1277432569
358693760
-456248854
-2076881834
1008310787
1271297540
749995169
-1215789404
-778890535
1496656795
1662916999
1310926128
1387945826
-1288022324
-1418097830
431802593
-267360357
-373846842
-1037633572
-855449579
-823335440
-396477364
963872178
-753205068
1264368061
1244358636
-293477233
-970436735
1664376337
-72855690
100707217
-1645246285
839682228
201833644
377338346
-312836668
482030954
1249830710
-1057194557
-262857592
725328249
1337205720
-1032895140
9130880
-1373897879
2047660774
-804127113
405825391
1085262602
-2109259274
1202128886
-76706258
1605522875
-345738025
-1182991933
748610236
-2064350488
682691010
-1892776209
40044185
677774548
-704926513
-310649315
-1309473709
1434569112
1811599018
1806642209
1501382496
505542762
214602374
1039410403
-1768440530
155189026
629614416
69514889
-645237896
1634300922
-241762264
34294485
-529184805
-1275408491
1568382988
725433034
-630686551
-474135742
1094118614
431380629
-72268037
1737830273
-2000798360
-712461397
1998105100
-322765115
852727588
-1014891730
484717509
-468686725
1462816418
1121591956
1699573395
241197131
-612925540
2098539658
-1843520384
-138922595
-1911287763
-646168555
1466732417
1279043422
-428788934
-181376005
794080012
-385486845
1035771440
605797472
88054510
-1755705907
2052384239
1814791859
1007987546
604818254
-1660700923
-578220086
-2066960828
1656310828
-1851335393
-1103892405
1771071983
226566693
-132264517
2008275790
-1844343611
37301843
628664866
-1194480832
1634075238
1303171760
1807805589
360831242
-1046804990
-1188808741
1199781062
1264107889
1857455595
501394203
-1731926135
-2124194625
1597156453
-635545436
-1333291573
-1734521693
-1670864448
591586841
396844738
1153918037
-417539160
509915474
1459667302
-308277507
1689292219
702723934
916295967
-1496237995
-1650389156
1720805323
1500512703
675388300
-1221113146
-1549211612
2015231665
49388653
-975795868
1800768442
-422690445
644484800
-1401212577
644973479
1527503681
-1706717200
1575962743
-2133128432
-689166830
1824741101
-1237069803
1162515369
820924615
-1126392237
343625377
1942009469
1405811362
1380191435
2118326801
148630767
702386676
-364331087
1600010178
-1293789701
1278765594
-1542661129
-314710646
-78902335
1225768105
1394198856
980492301
1834929476
1731660264
-480609424
106281552
875823214
-1473278850
-148476422
420141707
143544407
-688016276
-175229414
1531834434
292842438
1256643900
1992609485
48789398
1440393207
-1181240454
1552876350
-538567208
1375570846
-951648925
-1890280597
-1439687842
1017873963
-1401963812
-737857784
-878455142
400316240
855167141
633127587
-2054675353
551086784
-682642738
2117243656
178633126
-283202504
408863337
-1279347994
-1635999223
710252482
-90221952
-1586929998
2002374702
1465944632
-1307408311
-415159605
-777184529
-1224501753
-68449640
1432580062
-1204732936
1981046837
1315484820
1156880779
-1283677287
-1411069532
50380717
1711029064
631977436
-2015860585
-2015094579
-1443688571
691946714
253335157
2032260301
521094417
-1907270582
1600853453
-222103510
-1707229508
202879578
1348441242
589694456
-1417860804
125784513
-1055879481
-82834922
1681525588
-669757164
-368945932
512201378
798569522
990882649
-1317323910
-236893009
1133521944
2132970969
-1871694420
-1062389707
-847148225
-884461766
-544644768
-1280399544
-670213385
-185236532
-85637459
922254477
1344529682
2006934307
678023157
-454402840
2003539330
-301665563
1809727013
1298319482
1341182529
-1506448668
-705061573
2101694154
455142768
-1725594002
-2075820792
-256683455
1115657667
-686147868
-1620250057
1028198107
-308778725
-797742199
-1735646323
-661137381
212110708
1337655963
-1533745295
-1255030208
-998870015
1535719335
-1289669201
1160391349
1555835540
-32431335
-1806405256
-1221471283
667606851
1648172818
-1409757267
-492009553
1227651656
745284990
-283746980
1787393678
-531467735
475954020
1091922570
-1249459171
1834958360
535903615
-564765390
-1206126526
1764362907
539861518
-398118771
1741571849
95851631
623510504
1787765908
1953293275
194334122
1854409426
646275522
1893913582
1497248031
-549681900
-249588450
2117006335
-574953467
-2130524598
-1782724488
1458185535
370877914
-408510601
-1678181646
63886730
1467506308
728581215
1707490754
-1187752226
603732666
-308891115
1160272181
1168357898
-1297125727
393636562
300432886
-372039515
-703801671
-1925473528
-1601386864
1974450753
-693174534
-26346570
944672048
-1678909215
1412200506
145098237
-1102259793
-921040729
546938833
-1973662733
-48960560
-1818462511
-1989362306
-451605833
-119724603
1791816678
-185885812
-185972283
652860152
1397943596
-468189904
818420619
698992391
-1042171556
-1467836619
265540412
796160271
2049438872
-1178439974
-558873629
-1883963604
1774462876
-104283398
1608408250
-705675712
-444584396
807920493
916108988
733798900
1295519981
82156206
1485694840
1588674812
-1343732209
567807421
-777081561
1975128478
-1867870775
1477850695
-1810741248
-1904088460
-702030418
-1812767997
-61303605
935955311
1534660448
-1886442914
405191860
-1660079328
-1562950006
-126198951
-1610838431
181634098
454574611
-1433798478
1440601158
-842612934
134287
-1494107583
134888503
1770083507
-1908097031
492834981
-1751931842
453186371
1973440671
-1419983073
-280239954
-1907067325
-1045982371
2127912893
-41922696
1664211070
-353307891
1238404538
1133169852
1508937527
714639677
-1863028188
-22750045
-731106960
939429411
1528921791
-152887701
1323994985
937972685
1344152361
-1593025341
-423027098
869875868
-177362882
123785048
1219419317
64781554
-1523655235
1100702127
304738799
860833834
-1450869205
-1631579339
-212824195
1304897736
1373334775
-790117229
-1871653538
-617714703
-59428130
-848624057
844349222
-2065389539
-1331209071
-539837328
-380412599
-1067960566
-1431265388
-317805592
-1799037287
2036914931
-334042776
-1277213545
-1187303923
-1892482303
-1331446548
677461254
-1389418301
1004954370
1660846591
-528559310
551989319
1531040344
178891626
-17578334
-1539039979
-830888397
168941309
-1882300485
-1883515556
1189935874
-1666429961
-584509357
-1522136060
-1906204378
-1122731094
-1166165629
654240754
-356146968
-1209112481
162267841
-746081398
-1477408339
-1672604042
198913581
-933264267
-1026686872
1136815057
989783594
1351805859
2046705999
-987487885
339574832
-24287853
1871743184
-1540379805
553554143
2059952850
-1991862330
-285525290
-1186583208
1388810432
-938490136
398999180
259157448
-192255335
-2023924351
-1212021382
-2001337019
1318540979
-1864818843
1815177128
-1073478948
876925956
-64862685
-1245210276
-1345450006
1562999783
734288247
-1759474568
-751321174
1440996383
1407097602
-1228962784
-562641905
-67670757
-1154877124
-137445729
1363221460
-1500764037
1870052777
-300590710
1252494800
783451091
43674186
-1020996570
-322173554
-341453907
1465481814
921818118
1573430557
-157066540
-966788567
1663176696
857055267
-1232303665
1561799292
-124549854
1393112120
-1578159445
-1974099242
1614764647
636375664
779531518
-892688574
-1378019826
853790265
594896423
1474078018
-1043265115
-176216728
-1704609318
985533443
-1959061469
625685901
1211559643
-1577389103
-1331086772
-1326681458
-1657715703
-722122547
1078158681
154759795
-1954940515
1978428636
-1921206313
-835722626
-2046844236
-74939166
1555042511
-1650771586
2132511498
-441391825
-1697876698
1522776932
1337799943
1643663673
1922557767
1288806934
968963071
23134859
-799697666
2147057539
-362486090
652585725
-1442414681
-649843466
14472737
-1017911771
1816789639
-954868817
824949875
1255656973
475388793
-1094903121
1890875479
174040869
1557371340
848029139
-2132709255
-906373253
-135555221
428479012
-1193268406
482254121
-1432100802
-755913875
974659332
-1309001715
524004304
1234900748
535821804
895711935
-1550693070
-142077939
-1696267562
-931793217
-1338852066
1427755124
-450100754
1288058862
-1567940002
2070936537
1145848244
-1181105345
-1553335186
1127423802
-1012899768
-1519137618
-128920480
-102311412
1873397991
1373821040
2093389823
1158481043
-840467019
-1544897685
-1496186057
-450599053
1353267644
-114708760
-647578700
-2010982266
375664436
546204550
1461060296
-1800154898
1621026308
-2141159567
-2130828911
-92155794
-1679950200
-1313123372
805434202
1633821173
1481890965
1454347659
-2096876991
513791355
1051819705
1665529117
-92771814
-837025008
1838613959
1708749289
-766134893
1237756722
386314385
-269572962
1301653912
-1907046306
35999735
688962800
-1003744520
1296917993
1623160608
-661379448
1409968712
-204419057
1371204615
212470075
-779345401
-1743113908
1443896377
-1540417410
433533699
-286445334
-715154980
-934058471
-57767174
1395025627
-1108089613
719334427
938099075
1438562504
37749983
817611277
1159968558
-654379927
-1477462488
228274538
560071402
-1750975721
-1029296003
-254534323
-1422569049
763040414
-892024583
1664676204
1282808892
1545088856
-2015169369
-1240167355
1447516041
-937211018
1081438024
855234710
-280427808
-855269472
473598547
-1636890095
-1661290336
419614913
-461510596
-1950125744
254027043
1974757147
1814439929
567941894
-787249191
-1394793823
1893942465
-425546121
786473652
-1322467195
1451011606
1151156009
-421217337
-1157495282
-1902486523
173868507
-8481495
-1681775441
861168556
-1698089802
1229160223
876202837
1971900412
-719693118
338487417
1559066880
699384512
-2004481381
1835274556
528737429
1658986974
678541411
-1052523647
1741590001
-1673046821
908133114
71448220
782355521
560125604
-1285366676
-67927937
32435600
-301817974
-503036501
-109627040
-106415199
454798222
2097582461
1185559962
-115344898
-1628299042
-1778228553
-912295472
1041281360
-255927649
-503326293
1953615192
-225551375
1255955437
-929061666
481398485
-754628673
1587638047
771221758
1405660965
644137267
1655698767
507720722
-85395842
-1042228303
1273145880
430895091
532084691
-1399330015
-1838358623
1366951930
1697011324
387809981
1013675738
1030469114
-333299179
-1196028628
-1521051643
1152756336
-1813558107
-1926540848
45608824
-153877512
547487490
1137933147
1652650656
1664141827
-1573400716
669610920
2057105737
1484250823
2069257880
-1393645368
1275918107
-1042047882
-197190009
884707162
1249624423
2023330226
58968119
-916097506
1671253283
-458092225
994722592
-394953012
613794099
-604206854
-906697950
-1202335710
384153834
-1489120247
-1820974939
26694971
-965594417
-926614445
1399140098
-1929142745
1062610851
-1945755854
-648342239
1788065207
8916386
78801255
259402850
-1919025000
-1338127351
-1614848434
6040000
-719685214
1688068824
-515973550
1290868020
1425923954
653576921
839688354
-461647018
-1398692043
-711863840
2137855012
-1302911670
-1623734074
-1864435885
-536552535
-858242343
-1952008197
393972972
-464561822
1610773214
-367321284
-2091278403
-802292333
-1775155741
-1805504684
-1420137100
-829338490
-2024188150
1543018635
1910925792
-1965568063
1192867633
-1427668748
-1245603661
1015965306
1893099089
-1807086590
-1490731127
-1929336502
-1581875418
-1813297311
1815360553
968840481
-1595475691
588615939
1164921609
-1892814470
556606537
1755957880
-1994151401
-645388849
165823518
1696984450
-1675295818
2095215182
-1289491518
-1515727384
-1832780282
1018249163
-6618855
1819432074
-285128088
1151105784
1744144865
1464328117
1427779904
504704724
-280123626
1833923768
1694733821
-75115935
1182425752
-1938981193
-870271147
-1437778535
-1259523318
-498870594
885206997
1262451106
1787386364
1151938840
-559023464
1432805440
-988774325
966364129
1279098966
-1015857526
-1752025913
-2069466406
-1214975840
-118755616
1224880407
1762077820
-1569625239
1947541020
1928562905
416687183
1044889288
-1010323450
-1196087539
889857659
425311483
679376653
-1410449997
-745586529
750546606
1825747764
1956613041
1389124577
1461233021
-1228075958
1901632762
-1054874555
-2071743817
-1475380387
1606314221
-860942014
1164330597
439342960
-1217203462
-511138926
-1320961398
367130987
-2143039093
987049033
-158052693
2047585106
-92291296
1960587561
2064193425
-1026828614
1001494972
1917239860
-2017941683
-752769417
1560376447
-864201599
119517563
-713584742
-647848044
1183315539
936456139
-1289652838
985647692
-524996505
-1973040451
941383120
-1799052405
-625137524
1408404139
1515284008
-1946772382
-1621370503
-62188276
-511380715
-1362841347
-927566886
-925632010
-1573500731
-1102029889
93142187
233690596
-515701866
-1674570069
360479945
575294393
996484039
-74576123
-1683728954
-452453628
2044305522
-1525944520
-2076667908
-2122066299
803780025
805233402
-671697436
-1633747216
1659396672
119880109
1502744744
-1692957200
451200986
-2060891384
1107974646
1772485998
-996056186
-195329546
182138646
507049746
828461212
1866969534
-314584770
503863305
-1659630781
-1821894301
-1515774171
-22829815
191325733
-562382515
120239061
-1865774446
118925158
-2145132760
-173857083
-82893451
400163025
-1630335989
-1022203610
-1976184935
1238947668
646813917
-1882350467
1648260348
-927691346
1955904756
-514507151
792704248
-1352087962
-1173169410
-211567131
-1996729401
-795258626
206977060
1856490825
-476069815
-541772184
2027782508
-501152211
-1684622844
1037670585
1759298398
476754455
642065259
-455714276
1629992938
-357970795
1974152290
-631128312
316182152
-1064267116
-1373732607
212303797
2094568097
-516214029
-212428648
-80544565
-253602771
550401107
426098930
-1829008548
1844131484
-1409653712
-1088839202
-715846636
1482459641
705717045
-706611990
1593196975
-194866611
1501373131
-133925519
-2123785558
-1709563583
443312114
-2066658088
626287165
-1127504378
-244996268
737902356
306941063
132962169
-250753385
23927662
-257125877
-460301183
-802435342
170341770
-2040263078
847058619
-1395475198
1564076709
1743984146
1201468249
-1469212194
-505350371
-425756666
-384997817
2140543336
-1718247370
717905342
-652610674
1969289702
2058286618
-1725169887
1460366077
559923408
-1573539295
1114266992
-12797435
-1019154197
304166227
-915654282
1972402148
-604697194
277310250
-181880579
678465542
-1278214301
1419875483
-909676668
-382488921
-1132220951
-1943781545
1105968686
-1772465220
239723223
-158798515
2135015164
1322233875
-1772041652
818688115
-401461442
-1451708231
2069800038
722157254
973475142
-333587301
655784985
1050165903
664395103
-832378769
-955189439
-1764955418
-649344515
-1287052076
-1187408903
2102853755
1418662709
-1947718985
-1550719187
-2077031788
-1136492177
-1965397511
415346797
675614801
-267464871
395411022
-244066556
264282679
-856867042
-710906264
-1998740407
-342632469
946196183
1145583955
47107892
-1156358595
-451428287
1215649314
-1333908173
2037395816
152463280
-1792865845
-1473242050
1431355287
-389056957
906213199
537983528
-2139410517
1926181721
-1130656227
393166136
1880543291
889870659
-1695728968
673579512
1508307676
-1432581830
-693207657
-440262068
-1472088159
1818593939
1593101387
905521605
-1716941595
-824260303
984113383
1605024567
-501717177
1059440442
1913543579
-803587192
-948439563
-2016446964
-677324126
-2103978549
951211821
-2031900046
-1502204834
-1699926900
-344256255
-1197531118
-1394180160
-1118614419
-928492966
-242368470
1798420205
2147267569
1173405758
1299586939
366821406
1704428695
-1369287851
-2102761596
-727967545
928592170
2099972521
-1310581005
1326538491
-2107228841
-2003537748
1694729560
-1293937394
-377625985
-912307329
-1569032677
-796853381
603631054
-1883448975
-500824400
-796809976
-1628017780
737640645
-607824888
-681694937
57734067
-608902729
-664849590
-715581281
2050927552
-2057857599
-1616397886
-1077176213
-1921199666
-1062789350
-1289629671
-1264466206
2090263775
2118700158
703218887
-1655320809
-859193731
1157403956
-1124265532
-16888190
-1178193535
-2063781555
-207828603
-685051681
-505527758
-1844252119
-1651548378
-342596010
1816480657
-807592129
342015459
1800607707
-677599758
-372384996
-115416116
1839349207
1351328462
1032901803
670200761
-496288505
-1397034537
458574007
1925313146
909077924
192463693
536352686
-581885101
-341528380
1540111248
-1449987160
-985581657
331053056
622070773
2076306086
-1131035150
252388181
-2068495140
-700395234
1109244924
-1140074161
1310504193
177623223
-1086537653
-497861277
463890962
-1936023728
-916146472
-1367627619
1009002114
1510220358
240540934
-1296840582
720691357
-1224441354
943403215
-2022782954
1697423067
-1247481472
-1726343360
-1534367862
1181566328
-482824498
1598780966
-808802929
1225140547
656998100
1034466569
-539697306
-939951178
953035288
-847357607
227969788
-1008475066
-1153614475
-318295577
2125197128
1320409852
-1372941541
514475414
-1658487048
451123269
1719494617
-1969456814
-1721452213
1119989253
405864606
153231679
-1536445120
276930033
1508123708
1186722101
-101205264
1368326429
692055407
407765100
1147244344
1412633812
1382758686
-620309389
-1228647014
-280641369
-1269812000
-575166617
110505060
228616648
1942868417
1588485472
854320914
-342218856
-1857609916
1697963310
1733528304
423243133
-1969302868
1608564804
-926453245
289832441
1338867319
-468087308
1190541353
-920503560
639974954
-1897204260
-1321609601
-1731188888
2117982804
-291783264
-10841854
-1566364146
-693065524
-1898359335
-1864328584
-261095017
-1434735300
-103593396
-729705840
-1649399315
22527459
1856045406
1919238728
-63434036
1791340693
-1811972409
2043624078
-517541996
642962439
-451142266
-613336790
2060486752
-1395312311
-2013498092
1870952410
-741456810
728011155
-1453138469
403065278
-1402600128
1104979011
336742633
240560886
-1622497188
939696422
676028128
-834820471
-1297923985
506909430
2005408305
826717832
-276603617
-181373405
1729777801
1789887090
1641018242
198817749
1571086218
-1877368870
-835601423
-1891753678
447639742
-66766521
1685002530
-1629621540
403179720
118800218
-141239179
-1411566403
-642722340
-1569191882
-1544127602
330137094
763621744
987726107
-360477917
-1556235916
-678164173
-834775468
-495348970
1588292052
2112103230
1101837651
1129746374
-1356516663
-982781559
640257306
1382134945
493267405
508127391
1024291035
-1503312899
1865528181
1290309013
368476386
-1030909912
1235874040
486911800
437222834
-1676772931
364577265
419266181
-1307416210
-1502478535
-2030395805
-1893615011
-7775365
1166520781
-855388930
-2030017927
-724145566
-619306123
-1554466400
-1527339622
1286983674
-1091788216
1756164125
-364380411
393980869
-1962617583
1817313091
109393710
1820395418
1481182495
1134348312
-1013564493
-1890975100
-57843367
1236925797
1668612747
740902378
-1936267627
1053595511
1826024575
96676079
1726847273
664354852
-169518376
-1240127973
-1024799807
833485580
-2130875303
-1194555590
608120690
421891616
-1300621969
-872322172
1934149903
-1055232408
-1224013914
-1910928387
-1220384837
-959105792
55450719
1575510559
1037791423
2113855587
-24627520
190354613
627053725
702506475
917885163
625266441
-528006811
1630885784
1794812017
1390700097
377284166
1337696784
1039875592
2123526405
-1139516313
910075622
-484303748
-621005467
91752695
-529385698
-209839389
1429082362
-949449598
1255027184
-1744433644
-1815855286
-1922100346
-355480628
-488530599
-1745411472
1686871110
-983973474
-14799261
-1232014852
-1994308131
164494418
2033327230
1465185304
-2005926763
1495230618
1780461317
-2025937685
1259083641
1321404142
-1775467753
1602318401
196721448
-1437370412
1580817546
-426253973
-1373956628
2083162209
-1290694113
-600085149
-939669238
-1721203969
2076739831
-1291044044
537203547
85543023
917435206
1430425240
1513328923
-660376303
516998725
-1690715934
263234816
-173140381
428350317
490648606
5430926
-1553091385
-541036319
873122934
1530524073
1628550536
-1337393877
519371734
223875947
722950430
-1018426837
-630531117
1920192567
836229553
1307347787
-823373368
-601313522
1358654939
929719031
651385154
-469879264
1104360370
1916865356
-370962275
-15588186
-1841805307
-222587377
2134076398
-196348434
1856933348
1689532384
-1833225693
-1495465545
-1653740955
1793381038
-1577834391
-1355690562
-119736155
1855009645
1421119437
-508664680
-415991283
-575998202
-618964699
-1646737982
-625801514
1662667407
-1993821391
1597096694
-1237531954
-673842501
-221325572
-332538177
-306505125
-953645420
-1575438712
-591069105
-1941124160
-1138284185
-893750871
1378422928
-1533624161
-1254420482
-449202895
966841464
-2054521922
200027412
236611661
-2038064991
-671146227
-1910480635
895372334
2016903704
1137069543
435742917
1315729899
1506121844
-1514770536
-1583134702
-1570788699
-1622942422
1069028895
1611801325
1695110635
-644152288
-1468232396
1038465605
-1712836000
-2109562497
-429927029
-434962443
-131525477
101703885
-531066790
-11307535
-1111381938
-162522822
-1124294887
156716219
-1877762135
-1291332807
2060024712
-833194726
-1769409280
-576449710
-498365450
2050267406
-1082121558
703921718
1253046207
-1288228866
-1813416660
-1054463469
-1476345835
1955340851
-2140873833
14299433
671293699
-1949126775
230808110
1691638173
-1414758737
264211811
213484363
1693738637
-1616747809
-1173327905
1138006658
-520755612
-897691971
26374730
686704134
-928673170
1406559454
356651734
-1410993589
1330942894
-2020069504
1455601034
202984429
2105196783
777193235
-1009327495
946435024
150350360
14933242
1935782710
-803417721
1147634884
214724242
638395270
-1541330951
-972009966
1520182386
607664471
-1706569663
1200666040
-512679436
-1517602831
961560278
-1355766178
-1644410636
-1447079317
2066953963
1111523113
1490761175
285905247
-43823080
-1814867307
1674016719
1819795424
1524478522
-723665273
-146110116
645821356
-1540346986
132231586
1201294613
2041250974
608699716
604025305
1194988200
291538789
808401354
517175364
221800478
-19046534
-904662522
-352389577
597834595
-301122481
-1353683887
-664004720
-1790439419
-1182853692
-1410879007
461952593
1618627900
-698745890
374193775
407794542
992864297
-1214075462
1519910425
-47060762
340455010
-1764807745
-694336119
786491671
-101010258
-708527854
-1218795435
-2130772146
-1914458612
-282066866
1835323816
-1891916387
-1029886214
485379956
-259800286
642999281
-1853513485
742006560
-737075715
1260080227
-1043731912
-2084808450
-326149520
1607952590
-787149357
-70839941
1836224855
1393683873
-263501864
-1676302145
1249491987
-533576203
-1289475602
-1749448999
-998142290
1181764833
749435917
1721362236
1017663555
-1749989363
1692984712
-949983383
875320732
-744392827
1231725134
-602714899
702874140
1966493391
-479213460
-1036405106
1506833119
1190308671
-281878059
-1133171519
774780959
772250504
547216997
-1304476322
104972505
-352220010
-289627613
-634302826
1264409776
1767567259
-1462520890
1864840484
998307856
1263185256
-1571500166
1743657410
1474688662
-1380582659
910385635
256002526
-1484533842
1049781090
1261907809
-974680179
-2144382595
1467882168
1867230102
367135935
-156193279
-601756022
-349256412
-343599692
2102048375
-1320065176
-1519769157
1517338286
1257236732
605220790
-147962286
-789704472
2047358071
201665
-896104525
1051007686
510957237
807612178
1674747709
732385101
-39061291
-178971897
-82259995
1836837076
-610341403
936030878
-117340291
1753432827
432420813
-2050408556
-366163911
669081564
2107258475
-1886509906
-1911150995
208604289
-2031115009
-1893508779
939810459
389306517
-1617409591
281512552
-867317843
-1931061923
1382841328
376894541
939206014
-1190309912
2060231590
73353801
1499897758
1075313285
1022892168
635059986
-166928298
-1158465164
1971913290
-1070628191
-660430871
1006995169
-247783533
2065189195
1524703261
132653581
270374693
-1542737902
77618169
-618168882
-961661120
1241289272
637398991
-587750855
777963336
145138709
1086061948
610301340
-605335643
1309796138
368283885
-181329742
-151880726
-3093643
1693075686
-2092367343
-240157896
1223594502
-23902210
-1061690137
-1010367772
2059977937
859812333
354316005
-1777379497
-748169274
-1115473654
-1512900230
-380272842
-2003286242
-627736562
1306413636
-576715582
424068856
-171879395
2116476611
1821501824
-474523613
637469447
-531054769
513191963
-1336388035
988238282
-578613941
430612617
-210775300
2097207131
-1555840869
-534730131
1022546635
-582893659
854411346
-805729860
-1162133864
-1531168047
-1533476176
1987449250
-11886868
-670294840
2144649291
1103675814
-342559685
1182822645
-1144469877
-1838610164
-1238351747
2070152783
882312538
-657662854
2063242749
-1670105194
-1299483620
1634959837
2098315120
1271231452
-1128216099
-361318771
-1626024632
1229540166
-1956903735
-1182428242
1817793610
958530579
1756656864
-377563943
373459293
1277950941
-2082128407
840328444
-863803739
-1075488481
-1381989209
-867412610
-218098224
912314615
820755274
-96885850
-1652171857
-1099397844
670023976
1914269757
-303750904
1145192049
2021575084
-1313108623
224572586
-904493334
1738358414
1794606843
1815255744
-1081054992
1048187204
-1987737468
973077866
-1778133487
1360408504
689227332
-22343031
491059802
1319243834
1976388588
1134496474
-1870987305
-929855305
1273320902
430923334
-1654847910
1860527403
1255184409
1183648119
820007803
1897230675
1746016465
752455854
-817168672
-1953699417
857702239
1273420755
-1827758402
-2090170489
1766784734
227557325
1107474591
-1637573452
213335670
-1567995629
-472974747
619508225
1836770309
-582214781
-758022258
1227316553
-529554181
1519287154
-758274375
819937955
-1028980347
831116291
-2106311832
448230612
-713224723
-824324420
-1231161338
445851909
-2080117184
1218596950
1948099628
502133173
-1190598608
1103818451
1335841567
1774449904
729952060
-2080164650
-1101101411
-1609903680
1881329421
-1833220562
517290456
1439623396
1360287779
897694131
35788994
336592063
1888236208
-62866347
369387403
800283795
-1180124220
180474225
1345347175
-1752101138
-1423929175
-1690516378
-22610540
-1643860124
-888099696
116105064
-1041719909
-457051267
685522028
954645395
1435090901
691538673
1943751965
136920643
1311105840
1825459986
-104613935
1926207394
-2128322253
972551561
-1735790425
1269225090
-813721793
-322717116
-80897132
-448993940
956227606
1986507951
566233994
1074726136
-447209055
244894753
1764822998
1836390238
-1397361939
1585479576
-649022519
1002279245
1433116278
-1894058839
624612506
-220781573
2037417128
586318257
1582018954
1495430268
-674192734
-254990512
436918857
1725396055
-992460484
-181162728
-1704190056
-787533994
-1013116853
-83798656
731671087
-717479266
-454610397
2057723166
1300929504
-1477938946
-425657507
599177493
-1346707717
1865582731
-736335143
-1610495797
1978992628
1744178540
-286679546
-1979257121
-2109412029
1964514801
1374274912
-983153318
-1764894325
-263502870
821976378
1445716259
1717599230
-1005541578
-143872323
516380856
534051583
352408985
1107942704
728269339
-1943991032
-1782336557
-1195113607
798333961
-2076427315
-356619283
-782162462
-681683343
-1067272799
-1311019819
1133837344
2077388324
-529968871
482529069
1763366801
-1852190776
47949550
-367086753
1804675525
-470321646
1757898279
-1711903500
1101557568
-312510669
-56211849
994086694
1578074748
-1537477230
1040858339
984657587
547593012
386131900
398841511
1438575859
-1509261857
-1677595752
-1383801254
-1103847380
1329700730
358127839
-966283440
-1553289947
571818378
1375012554
1450564415
-1541708296
287230561
-1896384244
-555547100
393413164
-300294753
732260354
661331047
-215546877
-1470891781
41375784
-809941187
940449551
-353199805
1776825551
-1457568947
-197692405
-536335455
2010325516
-719782507
-635882009
-30388449
-846726669
-1770874225
1163660324
1257253484
1888348421
1202015119
-129382814
1553979872
932109798
1398904430
1849374006
-546424387
1130217554
-1836846227
-389399487
845189303
884253522
1864033618
1279947133
1598283445
526870186
1559490519
-178528806
-1013066791
647658389
-6877116
1116779273
84390846
-1437286221
-101802918
56101526
-1321359104
-1463899838
1330883443
367854140
1171344640
-1949293684
1049980390
-1976907404
1695967208
-497945952
135534256
-1004833713
298659052
1076784964
1986935632
-1876908155
-914524461
-1319574487
-1077293583
1894937036
-492123979
995228000
1253053902
-962468242
1480660742
-20782324
-1895413295
-1164817131
320249042
-1139783847
404926845
674560745
1029652810
375459756
580415502
1652631772
1857180030
-1348167396
1565679071
-1411228860
-1039429013
-1863911393
-1942514678
1055731369
-1505956040
-1409727608
-1592095147
-1160536608
1960200124
962534064
-262273204
-728820392
1474110275
1456593651
1875440297
373811123
-1945744494
1522350174
297089532
-823724136
-1480616921
-2027934298
-749002873
-986207546
-814198332
225998683
-1531614358
-909280659
-109361618
219024988
-107428097
1916908728
-275446734
1884771725
1213917831
-2070723666
921571304
1418063559
-1861451515
1539018042
-1892663493
852978448
-82647446
-1540833145
897785512
88361483
-1004723215
-1728109423
1852005957
2061171889
-448672052
-1626850311
924158724
1522261825
-1614172928
22008344
347379768
-91857291
1560626316
1255949653
937491800
760658934
566868177
1911595707
287140867
-25745904
420715053
-920885563
-1221434812
-1914825047
538217448
-1975126148
1723997462
1472146799
-1562713005
1025125315
-322261206
1662187856
-1173312722
907834353
90980327
1213031727
977377866
-885491808
-383404367
-1329480749
166593647
-2022753084
1025136237
61765411
-2018851201
-565761026
-216593083
249187984
1525458650
1917290034
-197755736
-380684079
-1423980796
-1791156394
-1854997100
1582781654
1066535813
-158371187
138814743
1487597046
1908514320
-2000002188
328830226
-117567638
-2129728025
619856058
-1457199808
-485532930
-1125920131
-847455242
409571446
1883313925
123188316
891538100
-1357098453
-1444894836
1886576713
879830224
-2038312901
1859118803
-2018416475
-1792453625
-462754585
-343469832
-1870120683
1372178634
-1509016288
2006791925
-38453147
1920837717
-83091708
477129932
-1873947479
-1117337600
-1883294552
208021248
-1324567131
-1087731243
1876117272
1825536839
915624302
1469541985
-247933541
1023686780
-798478512
506556367
-332671685
1191381466
-424237838
415267378
996697219
-1072424601
2020751800
1943901473
-804227190
634316205
-1899864984
405836424
-1418608592
2092646063
1405177615
265901757
1846236839
483434011
-169644763
60624337
1126622773
-594129221
-552980497
-2011110872
726753847
-1864755407
-1466395356
906037324
-1304721560
1411013603
-1022047277
1697395709
642428259
-384046029
1245531011
-103232884
1705421926
1324543731
-1539982949
-1326815640
1041881944
1967759896
-1512947452
1207140345
1860463116
354869677
1028538380
1399345068
1442094023
1612818953
1915056269
-2125120178
-1190550017
1292765507
-1701515698
-381914978
2002728805
1224946662
1606139816
937645852
232516389
1969336545
-827800468
1762800423
110963820
175886529
-1323421948
383060038
-1050718678
301065249
-1968116777
2129557701
-1796678887
1190585696
1349294834
1629644931
1988911612
1288276372
-1735720988
-49841910
-62635476
-1879511873
257428456
1231794912
1411398736
2093698368
1414129225
592048156
1492437867
1603308172
-2132371710
-1676485573
750291483
1511086877
-393791580
-941253324
620505118
-1494782550
-1499279748
-780043831
-1850887143
-1483085417
1061763060
-1669656289
840973716
1746731694
2098774585
-1546324080
-2074274999
-1056271345
1333747486
-456864576
2136220061
-1395329435
1304596543
-1335157010
2111124846
-896236198
-1386778263
-187322484
-292280561
774080588
-1899592391
-2096567024
-787074672
943944256
166537218
-1236879860
-1333331390
767667478
53005556
-1516914308
5770361
21062654
-1659475591
1156450398
-747254381
1404240170
-1068322078
-190534520
2047421753
450450117
1246630466
1828280501
-1016228380
-557348061
-1206816102
-2042198560
1450631587
-968716231
-1342223050
1971687893
-1315219686
430132814
1752078422
-438455548
458355405
-746651150
917732367
739104151
-919240546
-785011409
1560539507
1156494791
1048660372
987114494
-1545293841
-1773417621
-796632611
2093652988
1068305652
-2044273967
502571798
1438059357
-1435061798
157499089
1423670984
-484465888
1354255360
-1257029602
1718179125
-1895120764
1897438007
-1502409249
-929665963
1260827066
1090093664
-1841157250
1867719451
-1706948133
219217491
1709533118
174726396
-1302282213
-1839192318
1489547539
-430235215
531074623
2117508830
-333882579
-1516391110
368722508
-705489800
-949573163
1093053478
1405155200
-820528533
1530901757
-1157873647
-1760335226
1481890170
-993854959
-799512466
516480228
-1701715724
931475091
-359564410
635321271
271292767
-1418057754
-84059200
1351318946
1583111509
1004792937
-964446942
1786539012
-333218648
1744388551
500698903
-600814744
-1337512500
-1355395956
1335670386
-708372671
-263540362
392107260
-969161805
1052394710
-1573876608
1650787615
-1135361656
527057275
-317981681
-1008880608
-2073446507
38346753
1592985591
30053079
1399496055
-100783761
-65743011
810962340
1570929158
-949664527
1355688861
-853149826
1936700122
1896377104
1506813294
1646875211
-94547952
1558222883
-267667388
448186481
-122210226
940503556
-1537839115
-1116410964
156739843
907416839
-1360827233
1130138914
329084659
757513256
49658056
356238004
-194075918
-23971709
1440701893
-1227657834
1227091695
1957194760
1001577056
103683617
-260792524
560872302
-1975328844
6828263
-935590933
-554390680
1181120604
1343168775
-1519065373
-639099626
641072588
1975356355
1984960916
-1133355586
2136440830
-1494167217
689397600
-905871941
-2135456944
578600683
366884891
-550460748
896874668
-1564488141
-921284915
590301457
-1047030807
1158383029
-1305112394
1289136299
-225254288
148491972
804794513
610545858
-469969886
1503745163
195631644
248205107
-2042171271
-1465368476
-1031824936
268433130
406200813
1112926058
399064333
-1581344364
-1907378792
1769553228
-1333580271
-1016231783
-874848996
-1811734428
-914976568
-1057033911
-241186620
-183446777
404726638
-914757547
-1115963415
1897149982
1021290387
-1388038016
-2056004714
-1616078603
-965355673
397273237
661014382
-1533267373
331082551
-1713722213
-569103154
-881617207
-1788415177
-1506494905
993831982
-514998193
1180010881
-1638426447
522422476
176978700
570466397
-1189530806
-563844469
556682100
-298553149
1715591181
2040388119
-1336663656
-1685369571
14950645
-712156339
605973944
-1753457584
-614979410
-404207142
1466853917
-1217625859
-1343939953
1406360609
-191779291
1984950531
845106630
-1567297438
531324575
1783578952
1085300692
809273367
722440024
1976232377
362938940
-1162078815
200976886
-482048626
-241471626
-627703772
1649929731
1986352082
596425514
1091371438
-169386420
1775090722
-398298726
-2031008866
-280711316
970054580
-1693500833
1660443971
22416291
738418331
-2023722409
-314304317
2026029035
1789471048
-626134819
-241819074
1484727885
-1102473645
-1065063365
1760363826
2105303408
-428585861
1248670044
-668394464
1029684594
172290283
309142213
975066735
772721146
-253216321
1677734598
576845969
723157389
-1358879547
1947585772
695319140
1139085857
1063540359
-807017799
1422125018
-687662353
1618732425
-1547858026
-735680549
-1508740211
-603580978
-111310840
63753577
1582157883
-1459238751
812894242
1976293125
-1094330500
-1209817967
240989498
-926744495
-761430808
-1960101444
468920031
442173942
1563473216
1681892944
468978441
-313877561
-1528178749
-417890482
567646610
-1040161498
-520404801
-758644335
-624801051
1763991462
595069290
849596175
-2006252044
639113201
899672306
758234205
-898549393
397943020
1558155985
126120568
-558050254
2099189016
-716691866
-859576127
1851052286
1565313595
1062568897
1195768649
847792491
-778396866
-1543202370
446931279
-660519907
-837817255
-1195900588
420251654
406434358
1043877228
-176522706
-1443687014
886984715
-884023632
-250340229
-783869835
1446141209
-1482105970
2019578882
756393661
-1383964871
1971548110
1990195320
-406261215
602105107
1526151924
342103829
-5565483
-606110768
-1005181466
1466122596
2096829658
-1266201581
1298034386
5535066
-552356222
-322170327
234360654
-1308101974
-1827160269
881091966
-1730158400
2007470423
328191851
-944667822
-797564161
1015901578
211944195
2009206957
924600634
2142829733
-1135877449
-789936240
199766296
-1663574121
-1249154587
1450885996
-365877215
509150833
686564500
1402691799
538796891
878049593
414820791
492102781
-1180906184
1015503358
728298931
980278612
-1398256209
758576172
-1478596321
-2066975213
1735061672
829615393
357461962
-2116343324
-1687384420
753592831
-942468095
1530368087
-936649860
-1692844348
-1548680687
-1175620454
638582738
216496791
-1477787638
1810869223
-159899610
-1155603101
1969823174
10706749
1496413858
1609220777
1726751017
896121938
-251469064
129723794
-949488983
425673159
1384584323
1463198275
-324694512
-1354294627
1350349484
30574708
456604544
-1458815769
960898959
-797027517
189600951
-1196867647
1757999325
-1433105851
469113492
702749824
-1166632189
-226471970
-266428710
-967684310
1464322699
608188626
-1905981902
-587658712
-1525418045
-1014593253
-1494604170
257716537
909557915
585099772
1490208044
-620621910
471725267
-1840845482
2021915216
-963510844
-345391019
-753143239
-1208190123
1760651652
-1225091105
-555860290
944312942
-441420143
-824259612
-964926701
-2043492855
-530470550
-758389324
-1361102378
690582683
-1356836386
-1276235046
1169430951
307620002
-823220031
1234903748
-592442377
-18175769
1374393564
-1239852375
583998758
1685784836
1793805093
-1099193433
-5236275
-1533788635
184368687
-2001070294
-966898345
-162759662
521998563
-1341706860
-2091562
-583508372
-1242333072
-283864294
-1141219053
-713612746
-1167623809
-1932138772
1158047463
-2004192361
-15807317
1888340120
1941451976
-558443555
-1013893584
399759280
-1232478554
1358289861
1325903073
1393068457
1198024951
1079238137
-1936905121
-2070545914
1853669392
-853103143
416640647
1672157365
331108535
-1155297667
-470726612
-703538504
395449845
-1422488070
1756339462
479154439
-559271889
694014181
-1367007511
877840820
1794595191
1341100565
1926515769
1142906704
363514655
-1428563285
1175609756
539204237
676096143
1893152342
1742549746
958466596
-408272040
1988356051
903946113
-1515457288
791923848
-1812766285
61707636
-1129215365
533088063
-1189214368
-796272506
-242862768
389369986
209418849
591593466
833877042
-1355575218
429783004
638017486
-170205933
-1074993168
-1602980
754110767
-143380856
-974868077
1941574612
338857519
527078243
-658512614
990868452
1037997237
-1149207391
-221497808
427249242
-2028878668
1957148038
1284669340
592197114
-559338082
1559991814
1171525593
1959411586
-2119811301
-616466585
-751326491
-607305496
2025246966
1105809187
-689679015
849166565
857814615
-1430088686
-1483391815
-879502666
-461254601
-851979832
1720930573
952998433
799724303
623218235
-2034867280
214340533
818820050
-91789911
106487655
-1997423274
-551227362
-394231624
-1455002187
-229717256
835069357
49465566
-681632404
-637889622
1469295889
-282427645
1580064391
-1124973866
2118724512
1415190627
-129341641
587323847
605409452
1039959481
1246484027
-849689238
1090007543
317868185
-1416452492
-1982362536
-325649563
-225445091
377866168
482203923
-1446484493
-753193532
-1723338523
673211535
-1918522905
-40058986
-2102952135
-1978235660
-601431991
935203978
-799246623
-501783390
-216594543
2010697260
1758296271
-1776081547
-319348831
-1481184646
-724713008
440693833
-211644171
704343311
978552541
2090422464
-487173352
1527379587
-1723383120
1706691906
2095023705
-1832522224
-461256550
893504325
-1286769474
-1763171975
-1139265389
-2069104690
-1588711879
1882455846
-663621486
-873558986
-480496615
230936211
-1063864545
-881780943
1867966403
-1825207573
652663589
-1434660340
-804867935
-17284113
1196061964
-666745291
350817625
-1886115555
1041265927
-464173312
-1710226366
-540695795
2021149354
-364362841
2023991059
-1410982115
-596250178
1327248787
1582013917
228815184
-303466408
1858776793
1404169530
1336995955
964710952
948161798
-1347458106
1210822785
1778912526
1636963359
-658138418
270368584
962542322
-713919005
1083233863
1998620491
-1817533228
-305198766
538513409
1709161706
-1086186719
451884658
1201048092
-1890682432
-1087801527
1427659344
-475839302
154397260
-702569843
-1920587964
1948848886
1062023634
-2036943331
-2108537479
-1847096556
-351049597
1971685473
-1206454356
896288248
1801508827
-1808516202
-695154636
1628119516
-989652662
489333149
1732215361
-1374979011
1711143702
-1954510577
-1371079832
-686123242
1125994367
1597851540
2060743006
-295527088
1085409827
1853166965
-715816957
799603320
-566669405
-1230500242
454685602
-171050574
-2022548601
902818761
-1597375625
573759469
-1772986274
-1278817369
1672380529
-1960118953
915654185
-1803380320
-1386109896
-806407661
-544183558
-1622807410
576302192
869499433
-1041446441
127954342
1377885759
184014014
1049897955
807804103
472976909
1872652932
-1847310401
1701185046
-1366169718
-1141631117
1122562861
-685884214
1740976628
-407999560
1903086326
389295940
-595815271
-424740883
-927075058
1859496034
-817324133
1830428811
104620277
194515475
891886835
-1320995684
-1387713953
-709833426
-639439433
2075573172
-1835466218
918205055
-897583201
-590926047
1802879263
321524003
262268613
1955566177
-289306085
684834325
748210091
1369611988
1757420784
804325640
1203420546
-355174734
-575717208
-613701002
1418352809
-1124592834
341927832
-716570888
1426936179
759751227
-1617169980
1471226840
361605933
-1077131617
1563210114
493340900
823886686
-1384255354
-356477348
1089850244
-976875184
-606781335
1824498234
-1145442545
-639198769
90253711
1091603648
-1607317927
-398435536
488327106
149469429
-915856752
1935979924
585768006
-269262556
-2042520760
-2114251922
2060822023
1986338054
259785683
-511683006
-1863268080
-448846303
1006363094
1812581294
221067588
978845290
-1654769384
-69996882
-344531897
-353018575
-1064812387
1696954650
-2133928260
-1575123395
-675031821
-1332508300
1290647733
-914067658
1199586251
-583278368
-1535672985
-1956948157
-249361206
-396984973
-381464035
1183823091
1102992289
1976571055
-2015078289
-2140103072
-365019302
-1061998002
448780211
-192933999
1022489333
-96600258
1724944818
-542657760
-830977229
-1075907347
-604098914
1298075932
-1890406992
590545094
-2048199613
1842038832
-588434121
-138159110
159988861
-1581337340
1443680081
-789734525
988634857
1728130019
-1266082017
-1421951899
-857210401
-89151331
-968803991
-2011811786
-1807743329
-619931474
1721208310
-327733791
1109558473
738730911
833786397
-448607578
2010286354
-463858260
-2004549476
-679239836
-1073116363
-92450650
1769587367
1803025946
-1676357850
326559514
-87239100
-2134148181
717956493
1733379507
1515963861
-1975987744
1899609970
987107036
541951222
1792630195
1604192564
-375944023
-677722487
-134758966
-332545857
-1593516809
-1367531506
1536120129
395164413
-1689109551
-1973645769
-2047166804
669715596
-2119102443
339226299
-1259390117
-1766749774
652844630
-452967574
1661225695
-48901747
-1339914748
-1306209663
166270669
475551886
-1883214646
-889358273
1515441857
50996776
537558071
-991674953
-2082369370
1341340099
-957966945
1462143207
-53569229
-389690634
332030019
-292783606
-773687112
-708257546
1529648559
-882357718
-899395558
-1218986680
-1315688349
-1037795592
-962110949
-843336258
2048483509
1046546399
1644184798
1522506144
-888771595
-1860396970
2130190250
1034759720
-444278318
208196469
1989796077
-1050227149
-1255828485
-189237
-435959676
1346853174
2010700809
1793401454
-935976391
-40002194
685063067
-1798998958
-1314050932
-533221029
1329255106
-1107182370
-1477695562
398848110
1177725087
-2034929988
2096877802
-14381312
-1105206709
2049506288
-1640051235
-1424623226
-9239562
-1803883988
2065878152
115831555
-1374838702
1809143905
-1554162900
-98785603
1646729777
-1963079271
1506786454
1255547187
931748972
966150403
-115524444
-479075251
1879485447
1950628687
1303628039
-1373336875
-797443950
-714968772
515822154
37531430
2057653969
455692142
-260523758
1000966434
-1737469537
1536237444
-2033235034
1366882152
1068686607
-1377837462
-1953228879
1519413190
-121489453
-1894442005
-1346792377
-601402643
1437169377
-830750839
-1482004443
1656831843
70514515
-1143814512
-2600900
1607499709
-754249074
1308315496
1014262384
587866124
-1061654362
1227589163
1310386332
1241953943
2089852161
596330103
-1453821991
1649609674
-878722759
-1340569980
1351591936
617532783
820816454
-285286536
-1289109652
-2073640677
-1761313828
-647051527
1113908996
1494952426
-1157384686
2058767876
532679288
1109022062
-713592508
572946684
-214742839
700613603
-1380191175
1047364870
744026383
-740450392
-2027157369
1690283667
430114678
-325290006
1858515253
-642953923
133535369
83784354
-2111363166
1881037015
868110514
-760354368
537215654
-640111682
-1356446207
1697163176
1026730998
1165465205
2005053996
59717341
-1452570675
-451897231
49686230
887945467
462910151
1344950832
1451464212
1802909930
-1082000881
-1872231281
-1192689364
-1185371056
1977610684
-1952632483
-542126177
1586370631
1693011320
-1121832662
-834858391
1508379984
572874594
880530021
-628344954
528936582
260153653
1442141605
2095247800
1264433174
1286171561
871193414
-814393209
1787246830
1276592153
-1433692616
1289585801
-1857506380
129927269
-325167085
1354378211
1625889529
1974923545
1958496877
-1057225969
-817668946
406897102
1924655471
-1063131682
-1787989802
-670312496
-935881818
1243614400
-1170923652
706815744
-2128723178
-2136026557
-2083606040
1583932668
-895597676
-1602106151
-115277043
-960118148
-1349485995
-290438946
1910350660
-1017129217
390075073
1587818200
-330628289
490742438
-2038193011
-730496513
-1819157961
252168798
519710472
-1108663552
549337960
-358845883
248726964
-147590403
1320685246
341137990
-1443894761
-1593445672
763224272
-1765072635
1688276691
1139940017
-1507312115
-2010754814
-568840204
-1398823508
1458244916
-387507208
-1510085495
-1366698505
665689353
1055058054
-757551755
185038091
-1675011771
-1948609007
1328964998
957584433
856316621
399940327
-953565498
-1681698489
-1047771353
-89890648
-1210300143
-1043553341
331428649
530744033
-2063827481
-1136757256
-2108195597
1371526137
-320361085
634031768
848220446
2104183888
1507666220
-1962537351
1398525749
-244234332
-1786167606
-15890789
-1765998237
-794512201
1376508347
-2092570006
121314158
-755426514
-376972057
-993795521
179942627
-1080255556
277187089
-1837678036
878506643
-252752257
21203568
1557178616
2057032509
-1725455447
-1279824770
1450412904
1943933836
692693603
-256398577
1038561216
-1904222909
370237933
-1277783644
106782088
1879356854
-1915848439
806785536
432915859
367419259
2033328025
-1927946500
-1525586371
1073980258
771083911
-841457513
-1483116557
-1803668319
-2025051676
1429493073
-2146341385
-1105845165
58417491
-950586184
-1913342108
604280867
303215272
287156034
-1441043344
1547614276
-786238773
-1370314915
-1648131087
-366671708
469516514
-1130946620
350137634
2066915680
1903249327
1928633108
-2051667546
-1803355527
-322784971
2066929822
696320972
1849441992
1230745761
-1020175746
-409156333
-1470670289
-927807896
1459831020
1139151089
639514385
1362109100
-241367343
1083148239
-162799869
1596803556
1187574685
1089115736
-197037373
1815601082
-1089448361
1698272499
780021096
1861991479
-225124875
1678105485
-155719973
-1781092579
-1279876371
1809632667
1674889605
-1856334445
-753355253
889397855
-2065813687
-1054300665
-312522619
-1109529239
1225775540
-1764026801
-719339188
-1698354336
1671821683
643858449
1781289892
-1293166846
356497669
1669244773
-1612059914
1682295400
-1613545808
526944184
-537362459
-2011959154
1217092025
-1045574925
-94164322
-1522300142
-1414115634
-1551364389
571377268
-1118465988
-42960953
904699066
-1871627605
-934320834
-986928499
-401639617
-267666285
-460949316
233282394
2003755682
-2033082664
-64192115
-1208832478
-1437807861
-905444840
-1264949821
387312464
-739398348
-515769674
-1363931672
-946861131
759883084
257753069
-996169589
1366740925
1868597278
-1142114265
464462330
-345434653
69020274
1051113103
-1442655152
1185375334
41695923
-1101791771
-1839680591
-1900094916
1471795409
-1495835504
1441495764
-1455572153
1964578920
-80415239
-126247999
-1247278138
1973729569
980978966
1975777499
-162140403
1944248664
-1508023228
1045473825
-1085489800
451729151
2138293849
1262375600
331285917
-353094975
-1532130055
-356988277
-51450688
490613098
-956549080
-395829089
-789470581
557811589
113273633
-1556137728
-58074114
-905297082
-227286427
-56652936
205162916
182962346
-571197674
-1743010237
-1257095929
-1844878372
191234948
1736136979
1086517605
1256877531
-1035125496
138226777
-1180619870
1570119512
-571418864
-1762129722
1835050369
1186803172
-1897069701
-1512344817
940832782
883267402
-1774672857
1316749296
-1755842210
-1597948103
-2028486201
-2143132556
-823475845
-1151450330
448666617
-729495950
-1485206888
1756244080
553789079
1002836314
896524428
1653557444
2125596748
-1391504591
54907773
1398153410
690056810
-854366759
1215439323
294282464
1889552891
-150116202
251694480
1432748174
-839398891
-1588671027
1293668469
2099405723
-83089550
997851405
-1193417721
251838935
1771509056
414378323
581996634
1439705336
1171778356
-52507767
1219720781
-1872326463
-1957438236
2107724112
-1422128898
-180336288
1217516118
-1638090753
-220779904
568290327
-647842349
777481194
-361013301
969617951
-2030023935
1233753062
404082676
-472820280
-547757264
-2085007092
965444253
-862330396
42435315
1387574973
-1343516242
1302205286
-1009693453
467975911
1965441604
628699461
-2076031489
996458117
359151849
-862683483
748340838
-1820451220
997735686
1033743161
1156066440
-618636221
1382629269
105473506
1313645738
1693030354
635017498
148501916
-1059382774
1725182080
269726419
-1946420070
1092134195
-1730005226
1777569581
2064239022
938871698
124237769
-2034768518
518511598
975774792
807477366
1964819681
364084372
-235456960
1884505903
579400341
-5860570
905880452
-1308175115
-470386870
-1205725226
-509643316
1867061447
366088163
620939306
-175660968
410552027
-1349225105
-1300626977
-1444869377
-1102878678
-1131171754
-1596004341
-320030074
1701019186
-2001081649
-360040831
1505208885
2039062263
-2001570156
-334403720
-397727065
-1969713846
552925657
928780142
1820580322
2071892301
690091897
1280873289
-1210611545
-252603083
-1868355982
-154952512
-1107058422
-2008429999
-1045082989
164098296
706929220
-671933876
539529331
1181912433
709002694
-1548883794
1417639589
-1286525149
-126082670
-77862744
2044984873
944744420
-2095391802
597560080
-252866523
1145742860
245875577
1750386857
-1314277676
-803941797
1579311818
308563112
-670773315
-1760204775
-999825867
808600435
-1647366872
-1770673282
-14928600
996889003
-2006033715
860152404
881752022
-1292208276
-1257145906
340832986
1279919690
-839064621
-1875187737
803867883
-627823426
-1876886336
65054180
-1767046817
1261875500
-645423396
361247058
-1796985935
82650661
-399844899
-757480071
847679970
500438754
121482504
1114781577
1616453276
2006343832
2116847607
1199170066
497752473
-653898480
-585198692
603607993
397886021
-812301706
1951664005
-1621904088
405368994
-688513936
-2034364575
382605894
-1780293525
-714898830
-755956542
-1521339736
-803894660
1489293136
-1738931932
-1877471930
-1703858064
-243180012
-978514899
-1479416975
-542966133
1685803025
-2129565130
-339468540
2014504922
1671962680
2128989961
-2053435431
1138237592
-850487383
1766750444
-320732033
579885779
-1302923379
-44337186
1594276393
-262428337
1033071650
179676448
-938518552
-956748630
95690006
-2069557514
400058652
1931407040
-352620775
-1490297682
-485258456
183078992
-973321555
1964830433
496419428
1894165727
1458928704
-1530544136
-266884521
168237276
-486899333
1412909297
-714279643
569662980
508254172
2092035683
-1373376954
722934280
-1623056254
1114945983
-1411451784
-598596756
1683402055
-1687133480
1674387190
-263153487
-1759163629
-798823004
-2457110
662912438
-681091729
-1998004157
473679391
-120861862
10592088
542987585
166660090
-879028890
-1523245739
791834136
-906546774
-2093929814
-826458933
-2030048776
1874216094
-872623259
-143235952
1595794633
-1239529929
-469102103
2014190269
1753088624
1790428095
1145407871
-1175016505
-1042970031
234365336
-1940590713
-1654280496
-447793388
1230055864
-1406997789
2093349690
1059307180
-200897196
1866401174
-1294277763
82073237
-1754444325
488150183
1046202682
-2144159652
889471269
-802833845
447504016
1901488740
1813259500
-747248062
-892917587
-1630056218
-1535576710
-1002342271
-692775002
-2092840135
807238564
1241410064
642140043
1102635347
801981942
-40099787
309149366
1363101071
-1315929809
-33108526
719273315
1575497392
-368548881
-952826101
1286697605
-1297265115
2121933230
537422635
433334743
-1766365554
-1381918480
1953794248
-708163792
-1447344514
1363423414
854417444
1661772571
-1125831806
1963956535
-397334571
-1418847066
1961415010
-807967792
-493406296
1305375866
1047310758
905946680
1120419267
2042053932
-1670695077
-32367369
677519881
2136976593
1888283414
-564231912
898382785
-1387758633
-1406477511
-1956772579
715570553
-1788084974
2111358068
228404530
-83199192
270117653
-280314226
-1838254426
578580114
726099651
1784836453
1205568150
1831509488
1604780837
1852577331
2037495786
-113358641
-1436009860
273926418
-1411215227
1130987320
-1468243814
-1507856703
1614742967
1033144080
934438509
797291176
-1474768906
305247170
-128515364
-415702759
-246714930
-2046520294
-395438891
-1427594792
-975559147
1066637940
626496166
384751325
2037348706
1430889237
721656460
-691002536
1709029054
-1010893608
-33654647
-1861820684
-507009124
452450316
-120146566
1265858911
865306374
903888796
854360936
1114706442
-2043037671
-114556816
-136635619
120932397
681832371
1480794899
-1331568902
-1358002419
-362232470
-1907762282
733763336
-863743359
888856511
282923955
-323659188
2039568305
-31314030
537588532
934476126
-1889057247
50917081
2107706005
-549585348
816362733
-108177780
727712744
2069960027
1996855382
-618381341
-1640038920
-26676225
-1729426564
-660069181
-1964575311
-2041573429
1874817645
1546859381
-550444609
-1753891941
1731213406
618293656
469197940
1995029905
-1968787913
-1693783463
-1405667346
1301459566
1666043220
178914272
143112312
-620309982
1869275785
1026267149
312946992
1549003173
929523047
-1327899549
-1569927446
-1855152633
-167084099
1321510212
1714183508
2025737414
-1002108575
1702735966
179712602
-53207713
-1780810704
-416636315
-857740340
-786360281
-1352555438
2093788162
-1238834372
-1839966630
-1212542782
707332618
-1848148948
-1187537036
61048845
-1396910861
1041936489
1850345407
561644889
-673590397
529366705
88957997
703660456
1202799817
-751820901
605464423
-1596256930
1743574353
-1916459848
-195134427
856882688
-138071150
364832244
1850781887
-727468994
-1601636437
-1060380350
-831633404
1754775090
-2088906162
232190072
-1103150262
1923766762
-1271843076
842692982
160332230
1588042787
-1276316302
2067004558
-356839139
-1310605481
894924386
-1651006177
-581932230
1291706106
-1416720538
-1147551613
1741593954
-1883593985
-1719197135
-176275670
-1449474939
1232576416
-596968697
341615623
-2119185707
-2140377761
-1722703250
942212650
2065527452
451591495
1397233189
1108936877
250395210
-1174999689
1969659221
-192549676
1155395021
-1086922272
1022569478
-807722385
-286918363
-1309727411
209848788
-1825375613
462802999
1807914659
1642967010
-583442391
1928331232
-1771493782
-1189473779
-1056523339
-589448115
-1009358709
-737753244
-1457298407
-2118778743
-2104426917
553043416
-1425653109
828281686
1015553239
816555311
1835502694
-575142591
-272321743
2082315582
367703885
-964494352
707261835
-1443318953
-718206058
2029936318
1816219649
1538968319
-1114081052
-245155703
-1084094995
2144701924
-1627352811
693920458
-256573083
-1527619827
-752235169
-1444590107
1518704392
-1314534061
-924745291
1641839297
1179140602
1187199247
-496033169
-229934693
-643523540
2019074324
-69353431
-818970089
-823126304
761645791
-502866454
1286273176
1383937900
-2015282675
-906885752
-700877616
-1441047491
416328460
-1284587957
-721085030
2002734622
778175765
-1207645743
-48927226
-1609752134
1196226393
-491730128
-201541707
645934431
647279994
-73286559
942339687
1987450628
1480886076
126735835
1667352786
493764237
1513693052
1249627262
-298933579
1360988236
1723068000
-1001944654
1796049963
-1902720053
-527113521
402112976
1193804356
-1984533816
501894947
7081152
-775369519
1661981824
1011737885
591488226
64413054
-99419856
1988164889
-1471860687
-80311258
1192751576
992582786
1185757094
-1408121758
209543233
-592121977
-338874150
285014115
1006521153
-512022002
258522606
1542974721
97712958
-1131674647
-1303705682
-492391661
1315216112
2051687495
-1027910156
-653237759
-443309974
-747630484
-1174910390
1559652246
1007501914
1014821284
475635923
-508526310
-399737457
841598580
-1521312918
380023199
1218932411
-192015597
1066236683
-633091685
806487162
-1922734824
167422833
1976587191
1028345234
-912605580
187991297
357497573
1518004092
1445673889
1866647782
1584446904
-1835511517
-2083493605
1054292860
-196574481
-858905110
385219599
214892785
801825618
296191220
-1316625838
-1520787415
144719041
1477847198
-1118773868
65589218
329015945
-867962288
-1484186156
-938577383
764444409
1745546869
-886599914
-1066901077
1197537845
689640647
-1603547564
-2095450562
1284667977
1401243855
-432932431
676684385
354308224
-455647572
769183732
847859697
529524726
-1939003374
-551169229
1134649022
-1502475924
1431752085
-969121074
360540527
-852752293
1567946791
362283167
261993634
-1176752821
-261124385
2018063727
-213881769
-1396838044
-1674310404
280479915
1141838734
-2021662907
334804008
-1255915690
71354925
-657052396
913448704
1078842945
-369062617
-808164395
1357707219
-1321112710
-1623927589
2020190207
-910829655
480840449
-961006151
604010316
137204103
322638529
820569899
-805572656
-2073530895
1197679038
-949005135
-187042739
-87352656
-2027010422
-1820713650
1029882309
1746948821
-500752131
-860871390
-624702897
-1928166659
1415965476
-268460712
972876078
-1528500779
199466361
1853564481
-706460641
-553904928
1113498196
-203132991
1618374129
763193720
1477627042
-1802109975
-76702117
-1991603695
-244480557
1232332773
1014240009
-719548475
520251160
145088280
569568759
-1027067892
1251193294
-245719931
1539319042
1056683722
-1186637003
2046271088
-1543285060
-313254770
-783769755
1360916548
-1311598465
-1464419048
330911617
-988336457
1032163780
246510108
1900367660
-1999885780
-540116811
544937541
-1932921541
-1281832105
1569571840
-2058701700
-644201556
-395895258
1548658157
140240745
-1227085097
-759847201
61318322
1566256441
-1785050141
734750085
-946084859
-530762847
1862987386
1906191232
1691284467
120610851
-614195776
2048272252
-232376080
822614160
-1298128768
1386466192
563101998
-747270195
1997848744
63664547
1012636465
412752601
-1057810953
480010763
-871628381
-2034544114
1357694964
-2126569354
3534948
1830912678
1654061857
606151437
-640289051
-1985137536
-873308815
-1056811050
-1508222026
-1642543068
-1576860170
-1232397223
-487922340
-1213763324
-1579541538
-329806970
-538715032
-2142040060
-585205600
-1429256747
1010211524
-1851870660
-264193679
636426159
1177762896
-146032644
-631606275
-1633934836
-1855699796
-1484003312
-494960045
-1385272996
1029590615
-13962428
2000919072
-262476118
519247608
1590570026
-1029332193
-1065109761
-1734836996
-216959206
-1716158257
955671812
-1832304032
-667634055
1130382183
143149290
-349263665
192755518
1209660423
-1031206258
1723808495
-1667046990
-2082770897
-2114760233
-655337737
-119983498
811468916
995430754
-1109569916
-478134326
-1511664016
1897879393
2109357
780816140
1887895034
-1364735808
1782942548
-1167671683
-840872554
639904392
1216728255
-351582389
655421999
-1618305656
-956041626
297851851
189411843
130510897
2088425486
1240049157
746676958
-77354302
2118062614
-1236669835
-136343670
-1681540700
302873104
-1263152368
1524072581
2095569430
696431762
-1952291196
-759817228
150351116
-208529330
-667406396
-222015273
33592404
-148951456
-261465661
2076180862
-569721349
-398564377
-612547713
30712124
1233584622
618053846
278122560
-74221223
-1108412957
-156780532
-158664671
670484812
-2013865095
760439969
249519311
846870057
-251179875
-1136736126
-1362041200
-1106887336
1148897840
-81862593
1521790343
-518807929
-1059909402
1042456611
-274353355
709292257
-101427087
1360473732
1003040835
2081675135
-239935267
686092125
-312247682
586844446
165769789
-577161959
-1723414750
602513171
-1529499001
-837178703
1106595162
-1166450821
-1455327812
450611960
1180994823
-1470826826
1787718732
1875638581
-102253120
1400460309
-1847864393
875892466
-1432114663
-1221026351
1402211703
-1825410285
1498315560
124547134
1820999708
-1522266583
1881290820
892361793
1575904953
624734216
-133103856
-1675536129
459829886
758692502
-21612617
1169562839
-1332649306
886318565
1970293112
-519073391
1158379155
-38522492
-289238172
-1210066985
-1226252746
-404072686
1792519526
804883939
-1004368716
-1040494061
1257780612
1677741433
1406603590
430854406
1984605539
-674327272
-383542688
947233718
1819618320
-2051764116
300386069
-1048347952
755099645
1811313670
-840619335
-1649242955
2029247817
1160273998
1824040647
-611077231
-2029448125
1299251127
1430781701
359585964
251415600
1906005045
232639461
219595007
-588247476
1181968363
-749588690
-1823174902
2018077966
-428813015
498855643
-1482093084
-522128464
-1133684331
-1000482237
-2106648173
-824931858
861202599
-1759322759
4962461
346902541
-811601574
1815963381
-1886536993
-583485666
-415249632
-492502157
1206383004
514087299
-1162838507
-1334356965
-2012326696
660625330
1298291319
-588266783
879733223
121912633
-404679850
50043182
868908864
1957605889
-2109386617
-777626432
-755658346
-635929642
2094590942
-1124821299
1847651881
1763152934
-2035987045
-494835346
-866752936
1549227528
-1859740636
-610953413
-2024462213
920062080
1557508852
-927669966
1062048239
-1945089791
-555346733
-1425482020
616533617
918231602
1286884679
-589384526
336533679
1660787444
-2144045750
-1914745668
1804054556
1093773732
561499964
-671091334
1455478787
-397740131
928755226
-1180464376
1055060959
-158576384
-1813832720
-834498948
-1217587991
-186442570
-757075060
1936904082
-1072591631
-1054058314
447177076
2056096907
-951559567
773232259
2044264473
297610321
194232798
1082702840
167707467
271185630
-328947647
-1565684665
272705263
-896569377
1683063558
-130007746
1120621808
1845114772
1311502612
649501900
1847866995
537433593
-1699852003
-1834382652
-1329650610
-1123675094
775678262
44354272
-673699143
-1898133501
-2101120087
-1030524153
2120225862
979187206
981280010
-896632366
11120654
-49812095
-1170571384
-735631028
887670572
714228464
1720682372
983529977
-458853009
1225903263
-746443417
1226742297
-178923190
-1152350829
-1008336720
-972020435
-244363505
1149614762
962035787
1891684282
-1759007908
-439474687
-1590977495
506694476
1228679381
1451220117
-1025688564
-933861699
-1063060205
991752748
-221519966
1466871479
1719388379
-42862731
-38032427
352850550
-73771118
-509888914
-1481082527
2049626322
163144176
1770115333
-1459439450
-1806093956
1628063732
-250993150
382090943
1041550983
649197079
1931681827
-1194831918
1420849706
-1257084476
-922659960
574323369
1715178692
2026080518
1137642833
2143099265
-1012889825
-1273675389
-204293755
141134882
-1260423944
-2111823192
553337653
1227980591
-1008538690
-519510235
-1508912416
426497215
-1241185894
-59858532
-340619495
-1018887637
691452079
1547862164
-247708825
-1285163223
-1340319070
751001011
292622700
372892185
1284868188
692489260
1315737672
-136616545
-498073074
538614389
-584712641
1797722993
-2022675595
-781714627
1003710616
-1510326159
-666070945
-1866544739
1367141832
-243104259
-924390035
-2143282035
1182760400
1727235206
59998489
407149977
-137315102
675134303
606742778
-1907796269
-3412918
-1564833321
-89452730
1560734731
1500118411
1282321801
729672857
-316230851
205861832
-1530539535
-1229118988
491544650
720041830
1421804867
663351047
274872299
-1341866002
1907041911
-394835790
1434516962
-1945421769
-837050200
-1091759159
-1129573775
-87752509
800130974
87934999
1110274832
537179241
1130260905
1849999269
-1629187495
-63958220
1840212656
-33311172
-1449772218
760510347
-1762886520
1159347495
-1418005601
925563281
-455489398
-1453709508
-1406365267
1706091726
-628973985
-1201131235
233503027
-518036466
-1957921763
-897029701
1446720414
1901561737
-1096154217
-5628133
-547137669
1485179204
-294162192
1203721052
1350103848
-619416650
-1466997135
1571290616
-220270898
-1540125011
-708828772
-1850106550
1483413902
-2069547406
-633967231
-361767857
-1002777094
-1154875093
519366223
2002473136
-1665033786
1566135936
-566009299
-265317121
-15518530
-890184319
-1620339894
-1608367295
-1256779014
-1357749049
-1781188814
-1327459412
561049169
-1330272040
-1780127901
-1334205519
-1346460917
-133849904
-601235680
1995942204
1972509657
1605835068
-493729148
-1421699527
-1685485303
-236907191
-1324944679
663416922
-44607755
-37958115
-875733974
2082726167
112105404
423002244
1075882006
681558518
-249572300
345872591
-1888693786
-1233999604
658339871
-1035109128
-386328606
1385347522
589188508
1444304138
1639917023
2093366748
-993543201
-1967163969
-1611541220
-808727881
-277824220
359879018
-997223089
898168529
-2044084256
-1048636649
-1635134726
1110467470
1619322681
-926005264
1372319490
689446713
-107127112
825047777
1577163649
1107665736
-694962883
-1713183105
782610906
1715794659
-2004847822
-1830969051
1155520014
1312071079
-801284093
1287382880
1565031245
1380493990
-1954993459
-777197428
1158684112
-1843220558
1771072085
-2001028674
209700325
427661531
-555603909
835343076
-443144117
2039473205
-972723346
-558122453
-706349121
-831564322
-1431800350
1607926176
-670090282
-416454594
-516314752
-1118242023
-1804156659
1695808656
-1945810850
1740424790
1199306270
115216289
829588528
-494035614
513723028
-532646184
-222457603
-1805745345
-2096340319
550693238
506703637
-1069827903
-1205685201
-139863523
1322344513
1136925626
-2065145548
-2030705514
-1938670532
-1219046313
-2122882230
889574350
-1631250334
-844892983
439245950
-1303083999
-1456572761
62189351
-2090491545
119285210
166621130
-1267989102
513953914
-360930310
-1434546999
-1329063783
923994781
-1847905480
1970226071
2066511839
