440988812
221089624
-1156773395
366168625
896743181
811883776
-893745442
-234625562
-1534859411
2086118563
579789718
-1211791474
-574686314
-1704996639
25075358
-1639862400
-835504181
-26381972
-1177269454
1454625657
-974859288
408727810
44237347
1438664624
-39407379
1161148055
997489919
1311253799
-1542266180
-1720359472
-316981394
-1146830524
-1092906463
1329410744
-298618146
-431322464
-642155757
-436208467
-1654433694
1283219229
1959627577
1882006683
957773015
276148029
765420719
901403244
2055002952
-1610415439
-2143631095
2071961023
-498452077
-429542864
-980799337
-1637806633
524716876
-1697060214
1361908202
-1317296939
1266456288
-1493480196
-1746100841
-818189783
2062588157
-1061044027
1893331514
1638082630
-259276239
-1865594375
1783434429
-714747499
-644912431
-1857619564
-240387878
-1325612885
1739399452
134367954
-1789524514
-1813690435
-1542523489
2044166588
-611908690
-1780268205
611166682
-366158074
868404239
835560507
-1928813277
1908325656
446274593
-431676224
1227740106
-802952598
362414636
302363
1312674941
-980626156
793600926
1216195370
-453306386
1125211045
-848797868
1064018271
280549042
-255174862
1579716632
-231608070
367591788
-1758383438
1902998378
-1082489990
399937322
-1508826231
1722972291
1675343696
-1437872626
872077154
921467798
-2070613034
1304074800
1323608897
-659738280
-1158936450
91659971
-1901150249
-502053182
-2069574834
-571472523
1575190296
-147441387
-944788853
1054816284
25323274
556345886
264447412
557357198
-953405984
-1180683077
-815832654
-1396092209
-152792249
1308099997
-1443214260
-1144214159
-737185026
-501760945
-972684576
1306229816
-1785467732
-1130276746
-227905457
-175269636
1349104877
1382365017
-685353415
-817920301
931259309
-1286511197
-1285868182
32285550
-1052912711
-1084372633
1196083603
1060145859
2059134867
1652713573
1577323580
596152556
-311736443
-1546301813
334033657
-703039922
-1462440712
-1178478402
68508891
1438890494
-2103865595
-601659431
977462057
-1566626209
-2037824436
-1054228491
1481408848
1825879055
162721284
-1551001621
959465495
1330462467
1519829076
872422678
1587318806
1796442608
-1350009888
-987205795
888758120
-1432085524
537078949
1965971824
1001780895
545621077
-1619426807
-1308505776
531478776
349040881
1699419181
-1702703851
49734607
132743766
-818402682
-693757973
1805699412
2017919628
1328732075
938365789
2030994047
-1161371152
604339823
-95239979
418794561
-48062886
-1825303502
-936382621
-2132999173
1145108610
-889277324
-1436055107
1651013427
952998815
46225834
211845254
1331329668
280042320
2002112340
-1259793197
-390988842
913337280
1843016015
-2112846102
-1836153905
910768132
-91255705
2099670348
-12199287
1448262342
950629424
350877685
1860354949
1497431336
1411424789
-2049727519
-1472264994
-1394434078
-47713871
-1828183342
-1789252159
2085589677
-419148195
-466912432
-525217764
1010916835
-151165431
-168319759
-1133043307
-1535909274
-47827633
1877615834
432617405
494384065
-988167995
-2070909307
1960465285
1431138446
565809042
1815284931
509210608
1890827542
1103149891
-149170428
-1444640758
-1853373378
618113247
364099286
802506776
-1238211936
-821969096
1031324075
501554704
958029816
-872436092
-90854690
-658121397
62282433
2060852523
1123013112
-660641416
1432308255
1280429537
1091662126
-834659117
1689172479
-882928905
262778926
-835658345
557983100
-1398824210
162832154
1022400177
-1787882620
-654237107
-201761324
-73267275
1644812731
380368564
-357764228
162668565
874195358
-1723058384
-34825674
-710125169
-209794069
-265040433
430605104
-522861081
1948790336
-486793609
-707504413
763282390
1081059074
1301989107
975893912
1787203394
1536529280
-1065759666
1119304749
-1635049298
-1093225385
-246101660
-297807592
-1645015053
-1824560105
463598261
65027500
799436336
1830929446
-1805188228
941741979
-131675394
-571712540
-1429772289
1627078331
285595880
-1134647792
-1516619479
1931703052
1321035033
1543051369
1277943125
-831404295
1206031959
1229861272
104358508
718549470
299476784
-607946420
-1435966159
1207551690
-1479635086
1151327911
-1938843173
1600607109
336220383
-1724442408
428034531
-1886884908
-1325147359
1893199368
1018452767
-693148421
1510390523
-115506054
430093328
1394279810
-902231871
715268589
1019023735
-247403204
124602890
-15467196
-777543379
1476917636
-742114653
110298728
2079389236
462301642
955101382
2001258605
555330056
784975949
1092030602
765053427
-295420101
1527634729
2139685533
258084814
-1641539264
-1636425324
-1126342095
-945510935
12295558
-1480646300
-1143892428
-466595225
-239676984
-346879788
-615986749
1916393226
-1668215901
-1164154746
1263843296
1544447192
-2001631896
1480329676
-2058158495
-150526469
-1372328909
-1177590494
-711447509
-2146369048
2132753212
-959873793
-1761542496
883556291
-1646364564
-1279778612
-1990884779
1751640834
-22010317
644602932
-1578038520
1915887184
-1749385576
706287262
1172125392
-1164797773
130010001
1995253495
-457346922
606126320
-816877420
117071796
-3430973
-1437959379
-1056605843
2131384087
1325278010
2145809624
607371858
890630064
-1418080887
1749338824
-143848140
-65608410
-655153062
421621153
-1357146025
-1109466825
450093359
1814947963
1825704484
-69444356
-1927163570
706637253
-945895875
-1082797455
-2021676295
-1853862297
-241762350
1177027124
1634649570
392052519
72359218
-987999859
-176374051
-1860628403
173228197
934839470
1686036183
874625928
-1879045512
217667899
900234502
-72618990
269543512
880657675
-748105631
-868326125
-263944733
239131952
315614290
2071521858
1322594940
-480466636
1661052074
-37908782
44060766
588277413
523842773
-840593781
-1553129229
-1175912236
1733166670
-83356362
-2031910298
-1852653351
-1412472236
-1747216323
2126017142
-87590439
-1964877090
-459233645
111110797
1346155915
-1386654005
-233876783
32303376
766092535
2000399709
-2018600031
1254603768
-919283328
-1217985304
1284470367
478929057
1142295077
643524806
-186949636
-639955742
-1858574077
-1075950963
323000358
839136605
309218589
-1792023933
289696421
707568919
2123314271
290562897
1327901448
-767919542
-2132450848
898872567
-108804480
1294572666
-857695129
-1383421184
1520111627
2104590277
-598224592
-840046090
1292970708
-642561665
50044656
1693610007
-1596213543
1095576062
-80212715
1807545672
1048421326
-991363151
535032657
314676809
1266929217
971609975
2130761049
-1382645975
-1823749378
-1443160531
750139113
-1054717700
-1293843276
-1488939127
1457499148
-261751092
-1805217833
-1159631322
-1321916007
-206701107
1614829768
1415016670
-863413760
-621533997
1316524083
890163551
-1324221882
-101644536
1938651577
-2098268168
-798325939
1510020569
1738932430
-1099153228
-935222439
-153225680
1207416803
1806693801
-291091505
1585149160
1047209414
-2136663407
-1259251906
1029361277
1164772681
-1475486311
1385499555
-1768014333
-73311454
810467705
502004968
-1118697639
-417888751
-2007378748
-2102062162
-369135458
-1075008185
1916111488
-1400718260
2146524898
557592838
1841301497
188711446
-1210480096
454295940
905509842
-1588946207
-1660912532
2065498133
-1121365412
567486150
-1239822232
-1979330936
-1310631126
-482269146
-1501994244
1673572560
-449104924
1759999983
-688034747
-829725466
-1554477989
690633244
1120711629
-2101209874
1055922142
1576638082
-901295107
-1846753384
1496334283
1161345480
-1854160689
143192777
1166142312
-1448779082
-2040986169
-368634759
-703631117
-883654733
15888163
1267627486
-1079966729
2099028104
-994569647
110591178
178336992
1116684394
1875569056
1385115473
-114207279
1689136182
-2067105990
-2101555794
-1067525963
-761624323
-823844014
1171039846
436730516
2068790979
1993591193
-1796110163
1326403623
-430912636
-50583051
599816457
-77396051
-1218919817
-1468190604
-1644131275
-1604979713
-1935443051
1067665534
2145586247
-1693076254
485144412
-344838326
1706445844
1441435804
2038446800
-1865090669
-2073572141
1889718985
-22566974
903626890
-1437558272
542426222
1753158996
-209868274
-367984766
1975488846
431631547
-1413005287
-2047934961
1967435388
1265356358
615271293
461185487
-1460103631
1180074656
397977041
-1819959489
-572330785
519846993
1246934693
1133501016
779314054
-1440076406
1476628476
-1424704529
112323397
2017834529
-1279271429
-1730643618
-133820877
-697586215
-1381786147
-2094615964
-1814396561
-574386457
1530777641
-770176695
186598517
-8633167
-391603673
-2083088059
2113790387
-956259624
-1686271345
1380511522
272147547
-2008168328
628946308
-1646172128
1692850042
-1372195922
1991941056
1154095896
-724737463
1878952282
764481807
109293539
-692824637
-143633115
-524249599
-1802516228
-837861513
-866302523
-1791665958
1327883107
56055199
-1861277313
-1204006451
1669058756
2010370160
1615277805
1605185129
1847144408
-1250032461
430845441
2130903123
1765771019
-1603005548
-1995309751
1237623605
-202971809
-1287240775
130832244
1815678454
1802055055
1335383958
846468372
-629996757
-688623753
-632195841
-943604059
646108364
-763432014
-81104386
1016904397
5517098
-176300667
1679006438
81173733
1336483616
977897211
719865255
-999401545
1375913865
-1406600368
-1065892252
1519212681
240876017
-1112525934
-2142201534
168611418
-23255410
-1514997371
1580455299
2071044459
-302360720
-1463249721
1441021394
1177673472
452930295
1450878516
-1989836321
1929289063
-1080884858
771478923
-839547602
-1694917575
1065013877
1827222865
1112719148
141436127
-1569235892
-1251770123
914360451
1897459543
1494852653
-570713804
-1889048146
1887637304
-31754096
1606410942
482524879
-22008589
682683190
460221209
1456096448
1822461787
35845719
1621751749
1217815399
1764473190
693289245
1867408289
1025722702
-1379885004
885536597
-438112627
481963122
-270221999
2128996451
1861182287
1617773658
-769949386
-1291361929
1541617594
-2037329557
-780932587
485390077
-175371508
116180346
-1668136234
154612057
34285208
-1123556957
703090268
-1932439340
487580836
-2086249128
355361548
-168190767
-350805612
-1952224580
-598459762
-1709411773
969808711
-1561449423
440957397
-55687838
-1195810112
-873992401
-1235077795
-1298265444
-198786039
-353714089
-1977092685
1741732553
-1686419373
-56841017
1625555002
-145463645
962377314
-584760145
-1792153557
1055690101
1648899367
-1683999964
1552788445
-763319535
-484576082
796983092
-119741882
-1089392378
-1354497734
71911993
1045347521
1717985042
-1551850323
-1540087950
-598744815
401583829
-1177617875
428746959
-1694802011
1333905095
-109668348
-1046749941
-957199843
-1962137492
1608086472
-261358848
-1774735860
71241157
-1342610245
738584118
-1299515393
-1918031351
-1427576716
71874748
-724106562
-1820573291
-1334768194
-859234757
-1980999983
963824928
1467001279
1011436615
-1490985403
-1570759630
-1088996516
1128770552
2111541423
717204182
1600135388
769001657
-1682908303
1364172430
240714699
1437882463
2046872123
-413294969
50896672
-1782091651
1339634644
520911629
1954104225
951401718
-1410175206
185096256
1304215174
-151696430
1053512775
-129609721
1962247772
-1908555179
2125303413
-1027096763
-1647619540
-1440608435
-2065235613
1630057035
1030717148
-314970453
-1525856391
-1824250739
1236788948
1887212117
149720073
229640087
740102116
-1662712774
-837597737
25052481
382915428
-953018970
1090557403
1288646945
1946215580
-270176297
1712541252
2023038273
-678241946
-808805937
-709630528
1638925841
-110257902
1418200939
1477696250
-1300002402
844256649
-1639348812
-1182708636
1167629828
-1886031180
-1061906316
452315190
-50349279
1129447454
592223500
-411854667
1413442443
1445505239
-1720334716
1983189176
-286885693
-2027733605
-1247590685
-538600345
328738474
340016436
-1758578239
1381276230
-2049166797
1021050652
1947739162
646856817
-1620867239
338912357
1893014884
-1723395543
789439059
968241885
1432810978
2034936206
1074515974
835026541
1238625850
-1553540690
-247742021
-100875071
-1046948795
861433022
1536698386
-2093310163
-144729818
-305200474
-914896587
-1788334386
-46091107
1425134530
1052821071
1124640496
862382493
-551068698
1329726527
525113775
-2074984421
-209833565
862841736
1727720160
-1133492184
808816072
-538135668
-449082063
-1349715391
1791510315
-114578182
-1620152946
855689446
633685672
-462274685
-251973434
-1531594904
-2081638550
-77820205
1336715118
1046907399
700020585
1076296383
754260997
-1625791685
-353203149
-1875579206
1856429912
604004946
2035851246
-1712278387
-1937852633
319559482
-1203778916
583614022
630461193
-2057511008
-1893323872
-51504271
-1549980788
208896313
-2024007806
1773735301
1882419104
1791661406
-1495605778
1085796257
740746292
1836292574
-1867289598
-1287592585
-122332639
422820623
978210505
-995752568
275029575
1608166182
-2142578175
-558042479
-410187787
1935612616
-1637648604
1287788613
-1248589426
1626449632
1335451814
-756646085
1705813864
-806334542
-146125446
978480169
1793980663
-860762832
1022808282
525745746
502143018
1052857484
-1817677241
-316260035
336732948
-1298619634
391299535
-15374937
548025295
829383207
1585114254
-703720007
1610248861
194263237
2032506230
558340221
717268559
1546984936
2143483474
-1507215218
534243049
499236980
969772295
1949803023
2006079110
1835800649
1951389981
301345757
-1686436743
-134712176
1355410813
-1370423288
-206545227
-347104425
-583542148
-767207554
321508718
1952108128
-1568263145
2010135817
-599681793
551209270
131217536
-393639045
-117081586
510135424
-1297655079
-416015578
-1788828691
-2082731367
-1220266434
-1356934511
-832485053
-1371010721
67972361
2042203753
-940264725
1738001738
150157392
-377744202
-72515301
-2008325696
49916850
-798193842
-1513709880
546607784
1701704019
-613021299
1809286985
-723915971
-1307540956
1100451141
-1999322566
-144028124
1335795303
1778252531
776059299
1380547263
-148862350
-1113839308
19353176
1773081539
-1940368462
1795577719
-457912670
-145294585
1357472242
-1652678670
-895012066
1096488607
-1936631587
-1787357991
1290585573
-633613527
-212922943
-1330938675
314152940
-63047834
1021089173
-178527598
-945592146
-1785094900
-1012027587
1187736581
-341711865
-698391847
1559498251
1672883276
1496996451
-1850332181
1933527177
27125071
-907258089
-1956315058
1248227189
1151134822
1114028302
767681238
29724940
-231332270
1851994536
-1940410321
-1179014005
-1181462927
-109031970
-1037935822
1189730802
-468058835
-1387237975
-127788423
831826442
-1991827019
-11121244
-637838539
-1123745111
-1072700689
437126895
543329598
1002568500
957094829
-995382953
-814736277
-1404994202
-1616517602
-1138306125
-1100338397
673033807
937486982
-1749225840
727114292
21586846
-2118425295
-1719014128
1401121251
-306173662
-2050680923
1534179342
-967253949
-1896703347
-1885890282
261269382
1331290314
788010363
-174147042
-1675907532
-1363644128
916129714
-1990791251
-1427694726
-1096980678
-1528472149
51575101
1877284742
1127718055
1999033681
1069102666
1819229620
1044022057
1070020871
956063489
1934686512
-925307257
785565424
-124087241
803637215
-624810079
424626281
1349057180
477022079
-25912123
-263414310
983651632
919220492
1419428672
-292830546
-2092281100
-1851546011
-698614218
667127199
-1008040987
-1331300817
-86729034
926593334
155265317
724253177
-1954197240
1893908626
1589597307
2013360801
-272921783
412630119
1479478013
-927856907
-1124478663
-353899447
-560111861
560990364
864018771
1643776042
-1921534593
782983991
394272542
206042657
-820270558
-393913918
1116786371
2043256940
1478248289
-1320880576
1522333150
1939056568
1165395264
-55554153
1854010776
-1582303841
-686144627
-1927689800
876884469
2005824369
-724815015
775861250
1503025770
1090775350
582509476
1879501288
-2141968462
-995538701
-598448809
34298320
642425569
-187831764
-1565836682
-557607362
-46839367
710113706
1176274069
-1063725775
-42425285
-51207810
-432298357
1444872653
1668816769
-690770619
1410518373
731563065
-2031205942
1045868204
1859720349
1090888650
579570646
-1533352394
1214921100
590325600
-778986636
2047702076
-1061055972
514856976
-1234869416
-935094731
-1918813503
-1437775357
-244544462
-1981483977
413773737
2124255133
-1472769285
581878462
-2118826703
1747040993
1262057617
1793113259
1485714331
-902049517
-781576570
-1225705074
793586174
-93662050
508259636
-1636441049
421108861
777963832
1700331284
1208145193
249840059
721835587
1592495439
-208005566
1346859918
1491708790
-1685599851
-295579305
1631610610
1631357884
1552273710
418885652
-1456509121
692822619
-1857239730
-1977864285
-742604642
1971816025
4134060
1910041786
2082629049
-458092518
522799701
1374759899
-432841551
1691936077
-1446087236
-2019810857
1367543636
-116236535
-347439082
1685897363
-108029297
1050684978
-776731932
432213006
-50030303
-596811231
-135498799
748632994
89351569
252949891
-1591297603
1055861641
-1439103134
535709057
1234796313
-1634540894
-1315356796
1971197729
-1588341387
1096626293
-1499895796
1623658219
109051478
-815683724
-94561497
210910927
2093575500
-508463229
1349637452
1525460550
-1655154876
749530298
-1877604688
-922222410
-1893309670
1931974249
1432045567
68460058
395661170
-1493607844
-521492920
-117227038
-1469472312
-730400673
1445804600
1066800151
-1210535228
1961935364
353009290
-1660440382
-92623918
-1593931101
428939710
1846591886
1793477106
-1303637087
1341525768
1769672108
-1597670964
369719541
-1314813301
-704961546
1586438406
22503912
935312582
-570948778
-1828476710
272562715
1547663694
-1535482519
1196367330
-2109606194
445615293
-2047635618
495778102
898575454
1896283626
270912804
2056709816
-408127473
166964825
-1535706428
717823149
-668007924
1661865461
-107495414
150739088
740760491
-356002308
1123050091
-1029909214
1601519092
-1210646726
1072582946
1892273605
1888611427
-943888519
-648294501
636248842
195723245
-668935625
-509779435
1454077064
-678355392
-1412534119
-1941512062
-712162321
-1172414129
-897614688
-332115023
-278137508
-964201715
-383421542
1265696942
-1522450194
-418143880
988122074
804865640
1795369368
-792154408
-129760854
-234212972
-1265316552
-1957338552
-1383450752
-1501828399
-1100242456
-1242162059
175252848
-405642483
-927288172
-1685621595
1591004130
2105664038
-1627734835
1219961339
29400452
-1466213420
197073371
-545016584
490214529
-1041322299
1597312280
-952113851
-1071126798
99561993
-1498692229
-1873381457
1562873493
-1198967632
-1571221389
727187569
-1500637252
-321039439
91735029
-1414789703
-493851769
213961229
-1994770984
1003701861
-1413641899
-131064013
-723757984
868296973
-1635753097
533976998
256259095
-1246849211
-1432988890
495782876
-211212573
-1557608157
-891005001
-319157911
-816926635
-1220360962
1711576332
1380016732
-1603146946
-1275553927
-511130291
695471849
1173435528
-1270904897
1216713176
448628039
749678402
976145423
-960100491
-2120029221
-42502660
-1654619526
340105678
-1778333290
1370262868
962785771
1669491229
378067098
-1119228976
-1827776664
-1876900569
-1132994781
509487855
-1911307370
-176944024
-1454001500
-137448070
1851640962
-1122992497
940558640
410486559
2065962910
-1882418388
887160091
902746431
-1474363383
1188027815
1904174817
-883058426
744021266
-1581733005
255029573
735814332
-1443975938
-1312763516
755600317
2127445594
-957732855
-614638338
260185869
2070858080
1635483562
1063000878
1463396401
949418469
-243708389
1966943421
-1623384705
-557955345
40991256
-1581901790
1885143565
2113208836
-721546522
-1322315944
252955471
-1551960576
1069377686
1575115985
1538948357
-2106024151
2021450890
1733372841
51421011
-435203968
-384145864
742399775
902492977
-1819944359
26748974
-1801360064
1261340933
-205224402
-971280043
-1124503324
989076877
-1731429457
-733047175
740681438
134865154
-1739332836
-1138552824
104811118
-1232597894
1934710999
-998725607
-556858118
-1920013939
-544045516
-923073360
-1458805507
1745563707
-572329068
-1948839360
696094783
264757004
33908657
536744560
142140742
-888999559
856909882
2143572769
-1143570420
-936601462
-939806814
-1006251600
1726535153
869194176
638692404
299585144
902733042
-334120908
-1406313366
1284412570
-1147178469
-1035056129
217848959
-14353921
1293415226
2134207452
1813526851
549673886
-92192811
-1051407092
-729392083
832510458
-1495591587
-952648327
-2120932170
1466161646
923728546
674159646
369918692
1076759980
359018122
-403934299
912238372
-1766422014
1659063805
-1715905711
309173084
692825055
1958470947
-107183586
-1618355903
-1007103466
1732075473
1791854629
-2058915355
1560620897
338431296
-1116927419
-736716141
234829991
6433535
-268205056
1567470302
1796879233
1986013994
-302912606
523507703
-487085830
283027932
-1861391193
1756780863
-1303461738
881182177
206693470
-1009737187
-1384134763
435474608
-433257271
-361403120
1044539512
-58685033
1956528583
612619271
-914270524
633165880
1921379444
-448654864
-1721863419
-179422669
1983914192
-939128434
-41506027
-1228384220
1682860446
-1713445489
-1196615010
1342600655
664616590
-1078975011
-377933860
1078374810
572571805
1583328820
1336662183
1864386363
-1370072900
1790814708
1207696304
1090931121
1391402159
2045139255
-898973174
-655914889
-1077862856
1850415910
-1814792980
1523258359
2086406260
579946888
-460655691
491525436
796897155
-11880037
-1626143185
-1496388372
1232696942
343209511
1408110359
-227226252
2086121285
1223263951
-303176996
393364612
170940808
2042288297
1177077415
247490494
1839915720
-820077551
864017307
-295200599
30592396
88058810
-2146796963
-1306651669
-30186888
710856965
584925910
769900471
-1449472085
843774357
-959716297
1676144004
48585321
1588507171
-483335875
1922892543
571967226
-1791362418
-625552202
631848513
924342993
1569507125
-640484797
-744289980
-1395974929
171426697
-1286013090
1048219795
-1722140535
-143775267
697065630
1012502848
763045352
1482474623
-577513671
-841117157
1317895568
-1631097844
980916939
874511392
1626708388
-1865443584
-736396459
-2008889807
-1825216120
-472134004
-634251385
779069444
-1387504697
180427948
-348736703
1520633950
-1659796937
2110572408
139424343
1299913345
768169051
1583214009
-254674028
903274210
-1318407160
178510015
1329645569
-124257506
-484632502
705632112
-231234970
-308962001
515113607
1834006180
-1641932015
-956441126
-1098243611
-1096537424
-1325468715
-364489109
979421417
-707412416
-199243691
111402404
-1794205344
138451562
822376066
1745657842
-32339327
219986943
-765064351
-1773730078
-439440045
723937827
1904031761
549135314
1635799884
-1825701345
1439470348
-521956885
-985564358
1421356149
-747165267
-1986657458
414820454
2076430132
229647857
-2010452595
753043446
843862414
-396850047
1091504476
-257488749
-1166801753
564942575
-1296000633
1701431371
1487652271
1664118336
-471487193
-1645609801
-1125503694
472336810
38261008
1070348640
-1470767186
-1343605346
1146414221
1954461790
-957623451
-1142847737
-326367921
1468467522
1675861876
1136017108
-382155103
683756085
-2128533467
-2097421900
-1840371744
-1493741728
1059339392
305760288
-833225174
1824021647
-1864632025
1445292702
897631573
1287673104
650970211
-1286181310
-1708323805
-154696223
-598280327
1659073912
536670131
2139254281
-506033854
-1381992191
-519873991
1093347654
1411862010
-1339708101
586807537
1399087335
-153018281
164444068
-1744036528
467658491
-1210415139
815282336
-690881156
590438315
1899671664
-877384326
-1898248194
-52978460
-788871382
-362418520
1776107190
621645880
979357807
766496338
-1601516273
-727845114
217271101
-866346219
476990834
-251452201
-1106102840
-2089710845
1363243519
265195531
865027909
346378990
2134443130
-2048260940
2019455750
2040196582
-1208192637
1476305345
890046662
-1048389377
682513162
-1486093218
-567605690
-5388457
-405885440
-1728297573
-1342214632
1623724630
-585705646
1177005643
-903170118
-1977259465
-2030423022
-914012882
-596136731
-1225225529
343296247
20159314
961300519
-2100627347
-443560697
-120096075
-13539153
591726953
1619112850
-1232839889
-1425969305
-1382629536
-1333894814
750567822
1689983304
1507210519
1949466927
-2047415038
-352900376
11576447
1362897752
-1376487749
701808983
169298161
1975538896
-1593718832
1662606380
-295591495
628341078
2065467746
-1015089958
1257429208
-754207512
-1085377791
1442559815
1745375749
-44121991
-1132717235
1316237215
859022837
130254305
381529824
-1962802844
-245199396
-1162297580
1028764011
721845193
-662994126
-1546693482
1134046495
115449664
-205645894
2104717102
562492493
1335584849
193087935
1741189337
-1544693424
1683387309
551704736
-2036922111
1223426218
155209603
-1936794225
2089539566
1197846892
1109724689
499461269
-587704964
324814811
-1760498307
526139864
-1573982450
-1157616048
79964388
-581124320
-894529342
-2089877409
711607987
-639844969
-1310650906
-1500627909
-616073162
203454416
2104695977
261432921
1529077358
1166872586
-175908587
1742652242
-1872377818
-1391790412
1867842364
-876147699
206126408
1867101492
-1492882255
-1780170723
833907564
-1859182365
-1066776262
-131892633
319670193
-841467300
1623152323
-1671959545
7469520
-1556988682
1432948884
1797415283
-1359682451
-74014066
1736008134
1855059425
1887067824
406658953
1649576691
-1069737754
124285716
-1677534440
2109157164
-1498789281
859715454
2016831422
60406831
-1372704620
1882690193
1779187727
1602068953
1142058137
1842840128
391629753
-1418720039
1781190903
733460388
1482764488
482678950
-1556816244
1117101071
191919397
1948363954
-2018006097
-1098771616
-517295009
1210677471
903387543
-946172008
-546935379
-609499854
1459321853
-1375254099
518532659
1453394118
-95742210
1566815134
1204362116
133594114
1571886918
-1334609977
207430247
-1673258482
-1382881173
425171318
-477704738
1985791362
689638806
-375616835
1438845539
158303328
992796776
-1582085239
-1541973644
-462682300
1637538330
-839588365
2041657682
718008281
-82457882
1769003989
-793918204
1392872079
-1160928347
-1447274080
-1804808030
-167514230
-450710087
-1274985875
-1203567153
1078705885
357600556
-1746310831
345162886
-1674384393
-18233063
703826932
244042778
-1744483235
-376531382
-377167260
-1001525129
-229188199
-272781278
283334694
-1607770195
1700787825
-583398467
-1687043442
109788079
-11610276
-729968299
1783146576
-2102031273
71126577
928221159
2111532630
-472003156
-433037023
591107861
1443036627
626105959
1802712295
-1059028147
499398551
-2029694284
-1292000707
-1392768981
381274277
-1357877451
749350545
-2102168292
1450062850
357060683
-2029626376
-1844514749
-9689649
-397966953
-238844829
-1159232609
-1382521958
1662290366
1098757136
1271289964
1657400816
-2071777684
-1829685438
1458685130
1120544566
-510167909
135188275
-997519460
1445991352
48357653
1542046281
963251890
656869122
1178647863
41565064
-711851222
-1151184274
-2098568201
-1176392376
-1796384749
1753532670
-647963865
864430887
1739859794
-1923339157
-600883974
1463086912
-1346656055
-138553475
223720903
-1731494244
-483725387
-573359715
-11462131
-1662377752
1978899031
-679872600
-67675978
-1574330520
-1875683370
1246021125
657608095
-1384546517
1519216739
-1377349639
-1405700008
-1595200896
148470686
-257376199
-1452451032
797031848
695701815
-383926592
-1910471085
98921164
-496058408
354678755
1163957150
-1437292239
-1753807294
589725857
1874204178
622633897
1131186870
-1152144321
-1453276672
-913991092
-1901269867
1474438932
1229869381
-1128846488
818252874
1863084705
-2048596017
-1746683979
1893985639
-867770652
-1536115617
-1404480051
-68708594
1504066797
-289601136
-1517680422
-888727918
1001457329
207391511
549727888
1626343517
-1976555491
-89781429
401561694
1063537427
-46131858
-340933401
-124714017
-1831550729
136641215
-1983079153
-702552426
-1097055347
1484378339
1993505168
1252245722
-1450988159
-512005260
-602851476
1586162703
-2124276025
766366764
-951974508
-896657386
-1539645694
-433354893
673130487
1460530182
-1754496470
1809016376
396912315
987594267
2023437160
746811651
-1264013879
-1826105618
1245334084
-1965318069
628596879
1045296102
1966575105
-890933756
224011776
528350446
76335943
1722934396
412168415
-1617190552
-1801281534
1825130087
-849983427
-585314208
-373710454
1684317240
-168192960
-1761787900
1010647300
-1977945423
558723877
1511946324
-902426105
-1070565699
-1899505017
-1416538859
1212635009
290495101
-1820194592
-526306550
-1392641316
1080524704
281234256
-1907868570
888492380
1171383031
-330572899
674728060
-1212656694
1315906887
-631170437
-1290468680
-1433654186
1837796705
-236148212
-1321448238
-642040135
-1538386064
-132895575
2087653439
-1329197414
-1446877807
-1698190366
-1800113429
1079093298
1384424873
-1121915965
-2073124059
1409380146
9732209
-716296615
2124984027
1155823587
-550935083
1046948724
-301065722
-1795371377
765446782
1630748845
-1675564953
938037535
-1534842195
299113898
-1336275341
304152325
1238033994
1438150816
-2127856245
632873819
1654737468
-1720821991
2090483567
-140772020
-1154131205
-651847946
1855608052
1957612210
748106850
1294853047
935152629
1775130880
665850569
1035842554
-362823545
104136802
2004375891
-351114431
-24035984
-875746014
1431775619
818076664
1354051544
1453120333
371941397
824796597
1402135104
-101013354
-30995701
-396676159
-545934668
-236478343
1520676101
-914989098
1683879996
-822663517
-1666784811
1164508458
-1068086377
1977656208
1781807187
1542410156
1275602731
258791286
553801069
-1364741236
-1041886666
1143666529
267826305
1325332737
-688862390
662173855
1328322798
44054598
-1031789065
-115036579
-41876248
-1690344988
-1815113783
-89285231
1072089483
1581649719
1268346996
-1228821733
2002977842
996038442
-317990579
1711474726
532913417
-1638945980
2132031484
1421869268
-534340895
761135336
-1666776976
-115896038
-796762045
1906035416
1132691986
-1848122393
1909204423
-1365014790
205741117
-626843509
-2107947611
-1959402401
-1886894612
1942563415
-1157813108
1485161856
437394612
-1039452544
-1273560142
46899914
-810389771
510155848
577726508
122556764
1253176652
1851818847
1242284927
983921166
-1517310133
-1945283451
-936240778
31263925
-1488414868
155652212
-1789305035
-1301013596
-1445846463
-1140494083
-1713393778
-1402631306
1717632240
1921710193
905900178
109409035
1857601247
501961538
1408089707
753895375
89686698
-2023510040
-1146900631
-80604606
-1155294627
990261512
2006271322
-862640461
-1486564641
380100051
-903012323
-594139570
-637666644
-518867796
-234011271
-1934898087
1719443398
1500759053
1350341162
-1427682374
-454543123
1545039275
1326557245
1531658428
-1045615091
1979987927
284028573
-2080802030
608924663
-1624846042
-705661460
-1897602021
2074521427
-926406060
1416746647
2059732327
-96398635
-1775187355
-577283036
-723717255
193555631
1844101388
576524749
-1778409266
1358436166
1027988304
-111442862
-1957176034
960348456
-875037075
-1069069045
-15039263
813842492
-2081567496
1567996476
-1834113772
-1646205894
-1384252859
-1902958420
-2093508804
-214762403
1970532364
-9641352
-13280854
-2012183465
-783504822
-1887856860
1743235073
-1963316091
-1723142812
-2081898254
-1202022411
857682276
-1338623342
129141623
1036238421
1835316802
15345274
10948458
-30465974
1467717432
-1506675173
-1324025921
-885820192
120383063
46573036
-158538765
48921286
-640382944
-1811693756
-389538903
1643275857
193241913
877240316
-1391564938
1107930054
-977021090
-2008410030
467673848
-232347176
-1903988843
-823753968
1164368941
50395247
-804650075
-65750036
1988105217
-166043734
-1654506296
1320327218
1901786152
-2119058649
1403302303
-1249524320
-2099573202
-504738431
-227603099
-1021299824
-1233160245
-1961474022
474609255
1899981404
-156313477
448498457
1977771955
-54561539
-1942078386
-120200778
1477603855
161497333
1729216508
-1723187532
2013304877
2099681391
1880320572
1521663279
-1185138148
-250602845
-72497579
1138977175
-198130688
-798763393
1086133236
1225004796
691049477
2061462403
-2084364224
-1139030901
-1208759408
-1046817556
-833151956
1336825688
1773567927
-1669643500
-2138307573
-724194211
-68879117
-1364220136
-1835176855
491472578
-1350823404
-2030578501
-774125545
627580510
-668035468
421617289
-238126201
-1502326147
-2019516561
-1221357505
-1290579622
922272995
18618642
1953901417
971514935
962650385
1479128593
-518731187
-1614491170
-1722084410
1672768254
484117767
-751252612
306886344
1728899256
1755575541
-2002725056
-989432605
-1920611808
1389957716
-1166092499
-582325710
-1682413293
-234592213
2055645490
267748508
1175293587
323103335
1779463287
-1231165279
505705031
-275924409
2060580857
595615318
1667611941
-1531476742
-859460008
-1500837203
-1917353107
-74995579
-448800017
1367603450
-1356699176
-1100250390
-1298213851
1246771378
-913872367
961187718
151330562
-546794635
-1551308188
1040266938
-2074005499
1473584973
717298868
-272206899
468706611
-572968648
-460662606
2091611409
-1599861389
-301108253
-1589549748
229808707
-609316583
1816012472
-1691425438
1978496311
-502788161
809486618
1504205759
1307029684
1586890587
1464645103
1162967622
480182684
1267914894
2124575582
1936830571
1084655184
-1501479878
-633488679
518466789
1830172754
-1117192618
-1157595811
-723794271
-1798482901
-2119953916
-360880136
86704377
93903758
-513781021
1817750668
1504157477
-1707240003
644581282
-572124463
-1755153679
1349988907
874805717
1084790175
1895535280
485781858
-1060817141
1809322093
1679917680
-1787660250
753389343
1616232724
-1108157330
1721217242
-664263730
29401561
624432332
-1705976029
182099338
1122426793
1973679233
1786333642
284744077
602009766
1739835280
-725541146
-1125997264
956239586
78101116
-564955590
1176689276
460200809
-2137056518
-1846569509
-1387466239
-1412616827
-43290648
1212112150
1862360550
-2092477892
1516805245
-496043632
-126614975
643907613
1876394690
-660059475
91315880
1559692091
2048645441
-1957259467
-1164690168
-1717967494
-1844107269
1027438901
-416876108
934156041
-1764351842
-1212668893
-1370965823
-274998482
293389815
2015652165
-945808240
-1688191672
1092687525
-1479598510
1248481707
-268070382
2046242575
753781336
1397654485
1514948900
1662850711
629914849
-347402149
-1437543745
-514085873
-1022430383
361957808
-1551655479
-710580885
408645778
1485299768
403993110
1804916408
870443762
207897699
-1321030936
-505924532
743502923
636130814
1830294969
1268139071
1483604067
-1782942523
-1238599369
1236038425
588115350
51791420
-1754527601
-1670578228
293270450
203080894
1018906350
1568633572
252714273
184019926
-973660348
-856369924
-1297043891
-119810611
-2072497078
-1211869068
1816403775
-1992991101
1747758278
1610377824
-1346008183
1006477186
-1999896563
1933532867
-1023427482
2031393103
-35879223
1910647804
-1459801825
-357655037
1165677564
326560127
1153812911
915755291
978262596
-873200184
-1703282775
-287813493
2099061088
-498833523
-1670014631
2008472344
1914671090
1293676083
539157290
-1555232793
-1104704122
950994306
-37225657
-1457233072
126222546
379797659
1981819779
-1049557769
-1554780609
75116584
1513868669
918647581
-1929135448
991356886
472929535
-159848653
1417500256
-552474880
-2083251034
500221872
-1566337927
-1533650772
-933766968
1603758883
490811971
901701306
-263596911
1672444043
641749779
-2028512166
-1548919441
-38504218
-2030603195
1447850942
-1047330641
-1319211513
730013059
-93803760
-1572569240
-360217940
-1009528506
-1366659930
-1293837161
1632905167
1418461596
1191007860
628697483
-1171311812
1631718700
810847426
-1954810749
-1034890397
-1871280009
130745374
-31621739
-39818129
667899744
-1760954734
-1022323248
791589527
-114533651
-2101020646
1380732069
1267111347
-952977585
1050566224
359124866
-521612783
-2043152865
-2135036055
-522051649
-1905313143
1833339114
1471089764
-577453379
223481806
-1903595537
2092616319
-1696673716
-1738868474
-1358624474
-2025476115
856163149
-97095267
-1621144700
973080518
-1859014504
621658198
987361917
1815281983
-316291041
702598050
46489034
-1352397286
-1011727277
-2051514571
-1545918100
388707423
-465458234
-1421953323
1817952752
-1112520884
1950845201
701850228
901413107
1041120137
19004663
-451094655
-1487413784
1444612767
1065340618
441664378
696409880
-704259669
-294871283
-382372923
-856590614
-1926998194
1645944922
1164306112
-1016075932
-882670361
-1986037114
2030787094
2125321713
-1788911868
1095384066
714697300
-629431964
-1050142443
-2089386621
1808471995
-600114116
-990715806
-2119951387
268452951
174295337
526342718
-102683572
296517456
1892476879
-1747299972
-1223422324
1788260735
1497901001
867780386
938066378
-2037481660
539944943
405920348
-29204637
-1925876842
1781442012
-519357517
841998348
-1563998118
804979114
890707838
-1640394951
44949496
1845099007
472048536
-925314877
1583531052
-441883571
1474878547
659168452
820592153
-458414764
2106916011
1377260997
139025315
-697700885
-152089154
1651432731
69563901
-385318912
1282533755
1923942797
-1475801728
-235290659
-71865190
-894180294
1789464254
819205548
-1291185205
-737718343
1044042967
-2048466115
-1834289103
945945985
1518894346
610865669
1105993489
-640035445
1555980175
-218890903
1622102214
-604982218
-195640925
1884044604
-2138641672
324575849
-1119480605
-1836182394
718610957
-1526666242
383473629
1005291655
236545502
-965494690
300772323
1451647995
-1285366354
-1209923224
1629975587
-1060066658
-1059442857
-1648999274
1221825012
25313522
-289143355
-1570526622
832868978
1440402495
1149307560
866869222
-520855220
1926434522
-1171830939
-1762267454
-1443474213
575751338
-191094451
-253075647
-1145460873
1688749031
-321559280
324686014
550089222
-1797167579
307959155
1949086788
201243605
667778448
-192220864
-26800780
-1276415062
1792629369
12182654
-2045813333
-1602197991
1550230801
744413410
1990139235
-566229738
-1942876301
-449472123
1818355673
-856484661
1666982887
-989872682
1101053168
242651564
1094333284
-428552239
1260715349
-1573297209
1214851158
1683104112
179078371
1016165216
1324630434
1166935394
597329735
-76221764
821950950
-1715904774
1690768103
1704849725
1467588357
-1177174678
-334930433
585862062
-261595678
-476744144
-751353331
-1506456096
1945421418
-899779889
756451695
1996134773
1039403992
1237296578
-245173431
1705059835
1577354548
1536449197
-1948905044
-2070745540
771043868
-2146445867
827090420
-1531109677
-1499838522
1251931858
-1443537040
-2114528766
-84997564
456446594
-1909317560
217048259
1755674122
-1150126015
-811520869
-239824612
-532120147
-1586932138
-15505433
-858424905
-1642209299
-1313148497
-452393810
2065097393
-1002382859
667935953
1796950613
-1451961422
-1103152672
-1475651063
1537365326
-1299824835
-1290365569
-1132497689
1614034297
-333788344
-1811437223
469393132
-913502521
-1584132337
-1181604878
344648578
-767156192
-30123484
1280008528
1897334572
599512198
1537890506
-2123965766
-728930819
-1209974150
-1782437500
-1829810494
534717774
-1245594210
-778455064
773580166
1367692458
1867996827
1312780472
924636466
-517891571
812098884
1669309234
1567574728
-687315634
1971689723
1796613030
914397987
1769367256
1785400147
1707017033
-630915016
1461337504
500228343
1241149769
1072064159
1404473426
-1190624055
-351987423
-2039214255
-416283187
-1458116274
-1127771603
-1245443661
211669202
406043720
-1433095040
948160979
-1792359689
1335210148
465037045
-108699920
-318760223
-1264647530
-950945148
-710209985
-296582735
-1878287870
1645373142
1353405932
859630526
-873173219
-1857618918
-1276928930
161239173
1553077588
279404057
84938687
937061853
1105367148
413162632
1797487035
96799342
-1946888214
-491357028
2044857223
208825187
-1159811916
-1907144732
-1785829852
-1291128482
1283958007
-1692912558
-819436828
-1352986452
-2017553845
-68191846
-1548656595
-1886381895
868001301
1355048895
1440880252
565542598
797702189
-783150359
-705021524
1420795864
-335719489
-1424988036
-2028836232
-120836621
-281842058
607453543
-1596113858
315604104
1887956438
1866352057
1749832453
1995120683
418438889
1121236345
1029365185
1081775496
1028883485
-1707644234
1217327317
-753146985
-677667476
1747331292
-338197288
818408718
-683897155
42765641
-2004542053
443507991
2083784842
-178834145
2071420267
476158787
-1761863998
672459867
-1317402478
12554941
643086831
-1852622298
-59753180
1202510018
-1347719525
1741086315
1989468919
169004624
1248413424
-163179351
537106418
-673031907
-2721122
1134800905
1546493066
-1324666934
1389138177
-78158670
-1391295350
-1742785192
1516145025
-808398244
-1454591982
-1844733989
1529914940
-1407704029
-1669476127
1186506348
-1699758878
-1623696995
-139984938
771527267
-806211103
-891515602
-456907085
39620550
101384641
-1152726118
783204900
-1965356805
-1925612336
779899099
-1198505985
365484485
837196033
1270627892
-160006707
-746928787
-200606191
-768402043
2698121
-1339843521
-442028054
-1806252575
-1214572889
455525432
1302952780
1167816029
569811287
255727868
875792554
-667143126
224651786
-1794550003
-1075070639
1740494054
-1031051467
1078756922
1478800079
-2093930962
666893140
-494528684
124238994
-43112073
15189297
-488855256
-1282092082
-1295293666
-85249947
-1762678616
647338404
-1066297412
-672789985
1226129515
-1295089792
-627209537
1120837155
-1304212649
994825666
-98135499
-1174200298
-410501477
928948384
-944106517
1349379320
-1613480221
-1237887158
-1716961354
821375216
1176622279
-1622478514
-1188586736
1341365583
957412483
1110500925
-89247258
1187142350
-1963045651
1919878031
-1675591505
909038618
1741427107
-1013826365
1066232768
-1035373422
1194374275
1044502986
-1137190946
-862742705
1186153055
-101931099
909621268
-848371100
1690588913
780537676
1623041223
1662030438
165534732
2026059473
1024479239
1868528174
-192739308
2141622469
-503551193
-2025080099
-1935847504
-567640614
-2115710577
1637578784
558513853
-37624631
-1171649329
-1055388492
486108293
1752163446
1115522552
716931884
-1107755216
1638270033
-148506585
-1137289486
8548986
1311409918
1803548769
371310987
-1170172506
-2093038793
996058790
2008225822
962786482
-2041075983
262003776
-1811350218
1239556299
121161917
762866523
192113350
1172016130
6597489
-1236646950
-912009107
-1323111360
1675302919
-812674713
1422066171
-275621513
-1505185340
1852778188
-1656876492
2021759770
-682022756
-1204827519
1660237267
-1017095986
-451957292
-421709691
1452399313
1089872481
807374569
-1873089168
-848617498
1971749627
-495379792
-1955590455
-3983280
-1857645678
366818494
-1959197547
881903570
1232388259
-125027575
-887056337
263420671
-1137002722
-666164785
-984896418
262365112
-1886606175
-1975260746
947905188
-1969307150
1857582825
-1493904332
-1707163180
-1856859972
1854547588
-961283536
726938087
-1305112704
-1944905525
2072193257
162554126
-577841272
2038150415
2051680534
-414030326
-1834717756
-1105770222
-297020337
881472443
51835081
108312761
-1609786197
288207351
909878045
-2053245698
-1557697879
-708440163
731272625
-714904021
-17304237
1752670697
229177006
-1481640636
-87033696
1522001160
1030146164
1505018052
-1042354662
1376416239
653624542
-1971025780
994716608
-399049369
-1169755957
-458232552
-1569878740
-1141394324
565814234
1961139699
1880820472
725649848
-23590796
28570477
-231611298
1228228761
1798887438
-1447235702
-649314530
1290633483
620009391
-1866409412
-2033426012
-2138922750
827840688
149482709
-561976471
-1026175226
-1171111486
-1896431434
1353297817
-280995323
-1482775499
897611084
563942901
-29699484
505454967
133480765
770188794
-835444650
-1380408102
1093821149
2059509827
764619633
-443075175
1581360102
1565182507
-1150097538
-1557863140
-2089425816
1570688950
1565645456
-760980102
-198680322
-816062544
-1981058985
940069952
-1835227070
1717528086
1174580917
-1088144
1102214018
1981876405
-62185582
1465129676
1276106419
-1834071535
-15334420
-1398824108
-1884685403
-1643972985
2117542961
-625869044
2017582200
-107429963
-1628057136
-1369791743
-489836210
1288350233
-1810633203
-1796679282
-568392383
-1420873480
-1975645676
-282369317
497067671
-1646902144
-959122351
1672157606
-1996036556
-1073314256
-718125314
-2057002939
41933391
350709623
1183763453
1711364587
-1684498328
-2089021797
-1546991129
-472894423
-1964533127
-349362724
1539673700
683869368
1222361963
417200345
-437073476
1488813941
-65882421
1818985521
78745518
-1764816724
1955624893
-384148628
651301248
-1832851560
1012761392
-1805481700
-923507369
-1091134166
179296595
-1411986113
1731981000
708207369
806791750
1054268903
-478659410
231479002
1432853013
-510489060
614297661
1054414273
1336397793
1725824769
1601405271
1841810470
2014987359
599080756
-1090194402
285343163
1010828166
609221754
-1429548087
-596309570
-1121036924
-980669540
1780287163
509587323
-748027151
1350617739
1833652177
1738086164
-1816778682
-545775414
-1238068997
-1304878460
624446608
-39640564
695673614
830884577
-247812256
63821596
-2018617641
160271841
-1141833211
913764604
1222538098
269299614
1261633532
-1960121775
74565084
597906589
-681338201
-836412674
-1153526329
-1782728692
-2098025411
-1673436659
-1741220947
400032331
-1722653182
1651263958
1021416488
-647330899
-300356169
-782513574
-1312248705
1371756414
-1550197166
343641583
-1376254845
471872328
483041266
-1541678046
1150546332
1694459474
1409272588
-416969000
-1578684642
-2113745559
507579114
-1774864970
1797474273
1109901026
-1663814826
591760322
1925547279
1858286302
-881361518
1680450378
-1067747777
1994501071
1959665802
-1652724732
-1300273469
-1164008645
251770956
1832810358
647386173
-889225536
-70373193
984424344
-933348744
-518368937
945104754
-499223626
-1124808588
-49222436
-1116669664
-1698328677
-420752702
2129463245
672067025
985186539
-1266542830
-1728939183
-308594501
1675173584
1265378570
-255271556
-1979662551
-423004199
-1878884264
-483525679
376036018
1099676190
-446214134
-1460209144
1628342958
833239463
445067036
-1673651952
1915734246
1329887502
436073042
-570987946
-534317686
-812820382
169965384
-284757177
392924775
1304612430
1409405127
-2003368684
-354376360
-1618636935
-716217255
907398324
803129853
-1225177040
1997327646
1143824174
-1618584917
-1065595838
-1157916704
1668924952
-1355714398
2102386987
420490341
-2013999014
-73671803
913868404
1579841541
-1085822153
1623908358
95412313
-1693045381
-592541810
52800992
62400683
-1615942145
1629146972
-1345666806
-1241822728
-684724333
637841284
-767712727
-950138648
-1853950819
1092942290
1061927493
1137827817
516532405
-748903619
-1480708673
-1447661298
2022127296
-39886228
1146745474
-909790668
-1310774211
-804572549
1192138105
-1672202394
-753992226
2041495038
-1773706432
-1956561022
-1395998374
1461515845
106555421
-1165465828
1125068929
1259100897
-1790444751
983639457
-1482143344
1663350119
2109393130
-453609281
219226310
-2079961741
1518309563
-2084347388
-410601673
1321326831
321260047
-1991828795
-1787761953
-945247083
535536762
-1634852287
249680889
1590751409
-1910630607
-449082875
-417520751
-1105076693
1909650364
-1502600047
-1340188840
1534609348
1970876393
-89949637
-668084553
-273419361
-2036016381
-2061719469
33705254
293767427
952398404
-671641977
-773007939
-993716641
225609863
1300557449
996396042
-1850117235
235779393
-811965970
-1691789787
-371129253
-563347790
-11449767
-930612222
1211277126
-65129642
-1241374760
-990846970
-1631740792
1007347362
-851721843
-1578341156
-1849667244
-1066400532
1162652816
-2096657272
-2020312225
-1093324118
720256276
-1988838213
1241014434
526936798
1392532936
-893807511
1885579102
-1730047791
424036735
-667513192
-394057120
-1264523010
-1694809326
-1948242309
300371334
-1719161519
1646290820
-732049217
681875073
-2008469359
-2133655961
-1187791325
1348373979
1021723929
-1223889793
1004753742
-500093893
-2048140594
1327967396
-1639624228
-1670555672
506005580
-258968852
-837833031
-1352583541
1881142114
715677192
-1296469582
380458808
1454918848
-36578578
587496009
926152878
334582510
617979576
-1281475128
-692064290
-1346596736
1859640012
231068312
2018833065
1309264263
-1733128388
1291246802
1056131822
245353546
-440918162
444477462
1018508739
-354084554
1106775295
114703003
-1781763327
813078034
626654436
2012646791
-229979898
-1969635210
1300327122
2057508481
923304117
-1686432899
-424759585
-1065558397
-2119688767
2013303993
-134727319
241132020
-1914251477
-1459372953
394340662
-1548560907
1599968264
-767218461
771792860
-1794314502
-1295093625
-1382027938
-1472235421
1744764061
22482738
2133400525
124273704
1015639726
-157271436
-1874572764
-1738558972
-1751509106
363305563
461634243
-451296340
578535357
-565673315
-1800343504
-2092796582
-227352912
1416961248
-2033564665
1876343725
-1020490521
291599157
-1199867602
-1984627763
-345898177
-1963581723
-1247478452
-1275436590
912538500
-2030526608
-983118469
376748389
-1939306934
-1984717358
786707003
482782376
-676845060
-875978744
653444778
-1504277165
-1695391947
-192876335
-178897167
536742943
-2005844402
-1786789959
-1538416127
1861452390
978809399
-1898201774
-1471288705
13349387
875938954
-154093628
1527857916
2029854615
404018909
-2086274168
1407275369
792488612
-1621058217
1887599728
-1166654007
-2053420931
1652059781
1399589610
-1054105560
1875510534
-745554834
-877782652
-907615797
-529158695
1740163812
-2002200909
370908584
616254386
-1397491940
567385807
-1189372904
306892300
-1061985151
230296161
999884234
-916812533
602677956
-1216144223
-1825846789
1110869404
1472930103
74864185
-804604957
-314264614
-164265125
1456910415
-247733390
-167104589
1906387639
1268237250
1669831996
-1001197621
776702443
-1496735566
-1263295056
-866625888
446829827
1919687238
1513921424
-1377767954
-363797744
-1790670168
606471580
-1122634669
27350261
-1216523436
416352144
-328097482
1864095102
1233558930
1096086097
1743995621
-721615178
-752607424
232006498
620010237
1010823289
1024190421
-772085860
-103932658
-1392245689
-1154057822
-1031973602
590214014
1563363931
155235161
1615089793
1021308589
-342340613
1094995411
1548300624
-821902758
-1525969135
815002125
1797437879
2039035204
1044887291
1762929523
-532851335
883697428
-603578722
-1447380383
434361383
-404975494
492109761
-1722676506
400364174
1237397
643857303
1010226122
162940785
-1806998889
929765533
1419911634
790161271
-774538584
376424870
-848145599
923161702
-1005190901
-1225469389
-41302110
29543313
1656421503
-331867128
-1778235452
-1747171441
409040103
861065723
1138780678
-1773057747
-2137769172
2122011662
-689801516
-1213809755
-384513182
1835653312
1052414321
1929078799
-1915900631
710234016
247212278
-2011517929
-1830816171
-1404872414
-503253606
1366779887
1395905489
-272668747
-544602574
-1508681849
-1106363200
-1413849580
1931846139
887507707
-1582550044
-1835712804
-852819305
-2070154675
-167363773
-1804680866
-592893355
213266515
2011487751
821354422
-1112122699
1267542258
1134130341
1635299868
1147268906
-561676660
507283266
1091840889
-1398628319
-1167560009
-561679791
1838582589
347566658
-397353426
-245026432
1374001263
1376900597
190526476
1959294164
-1630602747
-1119634649
1266025526
1652778002
992362613
-1747673779
-1517047527
-122964895
-859736949
-879965272
-1739240299
164361260
-1565573252
-1779011125
1766969400
1621438797
-1960902596
-1597496230
27010222
-2031985305
-568040948
2028271123
-2091013000
1181947026
1996834902
-170239726
360859100
1350150717
1096426428
595873872
13498396
-585981872
-2093611922
-1828407956
-1702641686
-2097550191
-619905605
-1748855123
-817352934
1198829640
-2073776406
485683527
-1805528167
875316772
2059666762
813452253
1898224029
-200160673
1813285768
-1659177657
-2055955170
-802193119
-1678190016
2143546260
1881153156
1136639777
901840341
2007019346
-1214804319
-1976092526
2078205317
886998796
-2071599648
1818942012
-2025181257
-718276845
-1220887874
-103313176
811853719
-980979327
2046479226
982819584
1793066980
595493499
845344520
-1814069129
272881416
-1236468555
374645066
247082214
1441099880
862448186
480419457
-872175625
491392765
1175995757
-1440267775
906229766
-444207837
-1479164342
1347787812
1390131972
1796853169
-248377359
2112975744
-2015272545
1459061321
-588928411
-458644132
301234335
-1374158096
-1202277232
34838879
74556563
-962401568
721398410
389921930
1039676332
928018076
1487608858
-2097531033
165439976
-1364451515
1842237308
-144551038
355462002
-1552937172
-1448817564
640042008
-1728321208
-225104985
55251779
-129743346
-1495337954
1815011368
641139912
536693540
200972674
49632907
189840809
780969066
1312501568
1556277422
1054272162
1703632882
-1815711481
1233033030
-1939482435
1161776582
1644418123
-1556702736
1915274708
-1734287332
-881084819
449535110
1186018644
618814152
-134690535
-641958476
1382567235
-1879702031
-1289133840
-525425974
1783267203
-549955577
-2118874522
-329632557
-1914829993
-1472312588
1838221548
218127077
442032934
-1323872111
1990894672
814007738
-923557249
-27944357
784623716
-1440735105
-1565409187
-752441243
894221022
1569209068
-1732666965
-839822448
-473797762
195575956
-1981190135
1636681466
-1013439882
1439994237
888117456
1937710260
1031131397
923471859
906500179
-639790665
495847524
-628492392
-1998443160
-82082537
-206087450
420778432
-1370189530
-1916881288
1314401114
1407081211
581922543
-1177913407
1194692275
-2104857102
552032432
-265370096
-1491328022
-768194698
549763943
693861869
56886819
862205910
922195941
-766107967
79641870
1292572016
-1515748395
581161352
-2083238000
-246020982
-283887876
2084611781
1008524449
-302487454
-1973737279
-1661452362
-1969594761
-1012444797
-1464139280
218322633
1920039908
-410321575
-661830
1292950350
127831036
-208651513
1224727808
-1256680339
1576808442
-257242760
-1858678064
-658473127
1258235747
1570177716
-466220753
754801861
689488491
-21337996
2100225816
-668327529
2128844440
-173545993
617445572
1096367835
-128689755
1103485718
-1269883092
-2007108359
-1352464728
484525206
-1143589940
1832592938
-499207818
-1218800195
-647125848
-427271128
425765958
-1924262105
-2082747245
1110766884
2113528724
-505225511
-2003563602
-434328579
-209742777
755545494
-1559567313
-849350738
197836821
1402895729
-844587165
-1750745593
1720714278
260042147
-439173387
1066661279
-1590970889
-980240482
625262192
1629901576
-182949247
1222142305
-1082857215
-564425404
-1339798631
1678483726
-1706408063
-600619656
601612185
-56334919
-634066253
-1435583009
-1209587904
-746014334
-1828055607
-1993241599
-813681194
1047247077
-451277523
935246371
-352802925
841931600
-1458729603
1247939585
1035311681
-272750347
1500851926
-363046214
492833824
52001249
1993685076
-2069545973
-1568553719
-993390003
1184671705
717449407
1537551829
-2111492044
-1625394674
-685730202
-2070889985
-38707675
-829407577
726972484
563922823
1477287769
1904354538
-1775248500
632101145
806799624
-495506319
-2012671282
1178947182
133733623
2021561902
-1723063123
-691929358
-1315079851
-97898065
1621553620
1479957159
-1194806840
-314686814
1993524777
-385321656
-782965311
-163857765
-1929049789
1415880625
768665623
-2052207851
-69860838
-1069386883
323685331
405803958
841196029
1463579889
-607917495
1370681559
-1990096184
1680174872
247395943
14134851
1311163477
643100206
133722449
1687593533
64804146
-782861247
1689097260
-251824953
-931450220
926778389
-916651207
-671869151
745880460
882507336
-2118984154
484126608
850408312
640175286
-1816854112
1304362336
-1883639877
756607006
-2089202132
-1090127574
-1378866000
1702020101
-1359411145
1999811930
-1345077797
752717018
-1489918613
-1144732949
1463946593
1297032282
-1644913853
1320984180
-1274896710
283770933
466420449
302180712
930973860
-1726984463
8070686
-1556909159
-1303700902
344590094
-269268509
189847806
-333701115
-841333653
-288470602
1257093045
-1686275470
1438816232
418371735
413450826
772865542
-54973109
621771533
-712428999
-318714642
989916007
1024364155
-1915920719
-468606822
-798952838
-1764298313
-613057638
-1895057813
745217239
19079900
-104282919
-1468443734
-585669180
743040607
445880786
-1321921348
1031035557
372558688
-1368306386
-1993245805
-1215628711
2068455746
1736223966
176583016
-1785288989
696791677
640845406
1332260774
1838681421
1217976498
457288510
-1652931543
-1588320312
646036991
1522022877
-870144857
-1707164136
2114379668
230043255
59770222
1457653806
-283499130
-875986846
2112546639
1951094550
202122211
1553485716
1331695834
606005267
-857777915
-373168536
1664378570
-445430265
-564101845
942117793
-950446141
1840700696
1639692101
-749035346
-198193350
-303520624
-1536177394
-1375934417
378725299
-510196987
-855796640
-625618760
237155378
1453740217
-1346149437
-214585388
341518571
1091738691
240717894
299751755
294226747
-84503186
-1816472942
-12329305
-294704933
-1319386528
1843281211
858440437
-1819380142
-1074371842
-2094143911
1626678984
1426285739
322021007
-719481257
-1774210942
-895558040
-1491658849
-1580068854
394474710
1124638646
1558602277
-1829452283
-2037226616
1294589409
1189140456
-1602416342
-507577225
542536201
1948145437
-121783164
1018089692
-791577834
1534555989
77527636
-441903916
1185262313
-1897193323
-1663429015
-274152165
1469625043
245625030
1821211060
-888593127
1703183178
-1239149745
-741027045
-261252829
-1613212967
224685824
-75859571
1674993914
-592535464
-1658958287
513039190
-2065172842
-1157323683
2135221546
-651161933
-981265111
-411900430
-1524213051
-514402391
1160227934
1720575623
2046965586
1525397266
1182614497
1594956074
-1923260998
-1267542281
285184803
560306420
-1707478298
-67966939
729174366
-315010362
31184737
85345530
1355514327
-879051
2660155
-977605249
-263995294
-1021886014
-147065808
-1988251461
407917099
-276955570
230190602
683546438
7012018
1284718028
-2115146429
1096672028
-286788329
1902309688
-379390994
-1873266509
1672102295
-491574841
-1561003818
1484375374
1953208150
-712304289
-140062489
759461523
1527804510
860169800
1442400972
1184798555
-695347737
-1560148444
856973529
-1953077815
729164504
-281144292
113222955
-176130403
244777613
749295196
-1993159666
-1974961719
1516880347
1417012928
1987704990
-1976486843
733313104
1196929743
683650992
867812127
1927309247
1386989287
59282674
-1389659179
-2108424197
-1242785606
-66365872
-944439834
-12692767
1593574648
949053849
-785626714
1965573275
656602189
1618182242
14348370
-964166621
-2077107314
-2112956886
106213731
-1326753786
-1876128978
-1975599938
1082792230
-2100401302
-509672970
-340260129
1548612748
535709522
1180710645
-363179743
-711086530
925406239
-1788670284
-781911787
-1284904716
-1896038567
2038755246
1505538730
60680967
63685039
38578686
-2125474865
570011460
-113262276
-1752979878
-999387555
-918835454
-686484469
2092863551
-405397452
-1068189322
-1257085219
-1316360339
-1938005597
-1506710459
-1567224791
-1388157802
2132497933
-1018551974
1207613283
837254482
-481123640
-907844103
-881448831
1655919445
-416346040
1240878868
2084080570
288385762
-431588996
626605789
1706791312
556434562
-1114059401
691466140
1855750928
1080972785
1632438099
-731195455
1783420504
1981242969
-2056568750
1278688061
-1348925606
761940418
-1188872123
859471372
2143140062
-47343673
-1287573455
-154235882
1052729805
492403085
-1536666834
-1101632969
507054763
219355889
986048914
1403733148
471523173
-1720268032
158114383
-1927573936
-820405940
905426859
1303068313
1032062486
1729889633
1347629243
-1934144565
-818695048
151268050
394307074
1445926795
533280544
-2029660732
-1645816621
444875307
927526245
-1315665325
-1766729549
-1718447278
546363944
-1525734442
1672287055
-71502629
-1505210655
-1645239193
666836913
1495578620
-2101955596
-727058270
-111852370
-718436182
-1144126903
-2083736661
-1292952925
-1161645252
1416282651
-1566374027
-976070560
1173921870
697606927
-1396212414
-1762002077
1005562600
195559815
1745564261
2144550728
-1198803746
-922620616
1712168271
1854806144
-186245767
-1488091911
-1440932152
737027649
1603665494
2066398174
-1766268036
-1981526083
2068107918
1221843845
76601784
-1375174507
1187245079
-857188433
526958454
-2138163056
-969319575
-2570479
-1743811434
717611655
-717148828
836310380
-1511211666
-622319964
273294192
-1376042277
-1162264188
-2063094837
507726309
1785087083
940708505
-1780941737
1428295853
2126633456
-1259423766
-87588343
-501298648
1378446614
-1058653775
784977212
-1275087793
1820675510
-1462679311
1138137949
816377883
-448077974
-1543463053
-117485413
-1314256089
-1332114333
1596644363
-1672750886
870842260
-994864775
-224043233
-1195432980
252497452
-902891645
-1733301399
-743788286
-934013239
-500412952
-1764552965
-471147168
-1411493129
-56231306
-1362257789
-787682736
774543064
1187263089
-2138202928
1929047640
-1225720760
-1018236689
-1015689068
-69655122
1301683264
387481187
1509440107
-528263701
1074936447
-1110418058
2073788700
-1613743873
-1112733850
307736861
-2028971491
-794025115
429464611
95252455
1146149980
-1300538986
-58157806
-904267626
1042004796
-582498110
-637112737
-1297687567
1857662429
1464145597
217482991
-1167527976
1444644512
779173175
-1202164352
-1863319656
54771433
516367408
-58237938
982560128
14056231
-623120470
-269220488
-1317905996
148327185
1159132319
-1426384541
-124509632
105654833
-2042656459
1397072478
-1986441104
552699045
572204079
-1974558137
1381943134
1067664420
1468628903
-1233415956
-849328181
-975492801
-1774996742
-185884428
1762499890
-1772311
733902850
-436474112
194840602
745350713
2092896138
633143052
1005156780
-787001235
-575309570
-294114277
1505784964
-954905295
356905314
-735449581
1911334603
1820905249
-1776882299
-1765795355
159879557
-1408427892
-480771211
-197558288
-1175596761
492755579
1514764085
230067367
2018958188
-1393262607
-1134338387
559992688
-758495640
-860264077
2083950817
-116814897
-2059801380
-1035805494
-1710173083
-927090493
1579779020
-822235897
537985296
1133515376
532772175
-1992302906
1324288240
1036001789
-1716251483
706333879
-930669443
1148149695
-1355186290
-143224742
1786142224
-2105289834
-69746471
1960030985
-1123362667
443144087
-957216710
315910971
1890561407
-1285758741
2054359904
-1619727866
689548796
1626960630
-1181490105
1910930661
151507818
-1286037317
-217972534
-295336005
112085768
-1223180162
582743931
-2082039017
-283506448
-306891350
-987343433
797452985
1095112260
-371886859
1800846068
613066837
1065029287
-1097750847
832886108
-1150744938
35946735
-148665403
-1569320033
-876091291
835659544
1532528620
2033328132
596770922
-1044502149
-2022705284
-1046775614
-1107532590
1890902334
-509136261
128498061
-2020222125
-1921659378
-285744563
-1733268878
-47160979
122598155
-1984721503
830629863
1789162737
-334164220
1106345614
723990558
1617027270
1265984484
-680368392
716104089
-1950739990
-290782869
-1997576392
1023284994
571226295
1121797920
201349884
-417215428
-1296319897
1186632069
-1390440342
731809973
1801303770
-1061665140
118443403
-2035152131
-1659722090
-1377651382
1179109350
-204271204
-573745906
-526467863
1046114923
-953918177
882424614
-2039845149
245482899
1934442356
-519930378
-1832312723
1868752324
-1199879049
65541582
1599774512
1660472313
-1988755508
-2025791111
-1528529602
905368738
-1729729554
1801431494
-233854909
-542451512
-1199421816
785013059
302759930
-1069206156
1324017155
1919872075
1114431459
-579902127
1292239968
-1561797309
1806684210
1870663824
1906268998
821727520
-971255286
1258665739
-545297058
1670547499
-596083989
1380931757
806686942
-1259579640
-629058713
590135312
949260132
-421942284
-1654117093
211178343
-1303875836
-130030515
1548903389
-2004447331
1040005284
463140439
-1261666766
-296906306
-1087189114
-199314628
-420290302
1665749654
-1823265242
823895380
2110098062
-1317832553
-1932026811
501026471
487065761
920642559
121811525
-1417032785
-965861883
-1789568711
-1603879497
-1561715103
1592314680
-941888124
-1160422606
428909934
1240378976
1404246482
-1915856538
-1996160059
2127949435
349935602
768686448
1400044636
-351984166
-1166053904
928374894
1883833904
1445199823
390384571
6704726
140352650
1523285413
-1958830328
-417567229
350408579
-1715398960
-1158151817
1201951376
-2098997047
-960026523
-1622809357
1033139689
-696207198
-272603189
2120000093
-948777826
-103276752
-1064612685
912084588
2035729146
2077238775
315991621
912849102
1107654484
1995611548
-797454437
-1014613613
233227684
546960367
-1008060558
-2071482165
1376188505
1492645419
207564574
-2115478419
-666750360
-1118833797
1698051262
-1501763462
-235673944
-1152252992
-1709364047
-1708696223
-2125074340
-14846319
1569144392
1789710501
-396353263
-1723027837
1030244284
-1499268164
-944613462
936176809
-845210270
1030085946
-836733767
1466486878
-278394852
-211564498
2065219599
85233473
-1261160685
1980794316
1217565589
2037852545
98179234
-323588789
-306421923
-283369894
1566428821
1164350992
1602050803
-1335008034
-1630522990
-843610100
-2142210055
-1504858888
-873064489
-401338783
-1958516238
388443309
-581905627
-967700405
-1220683939
-1195147867
-105113093
191075389
895617030
1770344170
40161287
2121421130
-124148585
-1880822034
-763403815
-1546095930
-361342091
1033695698
-1789155367
309293613
-1414037815
1191475173
1289716859
-807916734
1782771676
-890709910
-1655656016
1659735675
-193926233
1947251869
1961456031
-1027238500
393186474
-1750157576
1698371220
-658874719
-1384376836
1269465778
-316893640
523210976
100490147
2030737287
1662163970
-1956220817
-1771316187
-1573769794
1023528685
-1728756798
212426590
-1370337688
-1579991445
261943193
-483185004
731753445
1069427353
847375640
-893961784
-2067595604
2104073139
276561463
2084945486
69855818
676035785
-360561572
-1998699873
-592793942
-1764610638
1030724933
1202715502
-63362665
-599736255
968190507
961736184
494922879
-1510648649
72426788
-994024544
1508928122
-648787593
1388013768
-1608088902
-1566997879
906637824
97340951
488382630
-1016731102
1963051286
-1341963110
-629726943
1853373420
1753895490
810731719
-1889995049
-864899386
150871677
507157673
271194427
-19613427
-1845483481
-200579392
-1065974885
863577118
-1973224898
467720997
422220142
1877169177
-482715957
279040753
315673584
817022952
482103455
417330655
1147567344
-1182788225
1487785023
332782128
-1704584472
1540810340
1835113500
-615727410
1006887502
-1254836110
-653218809
-1105116236
-1484115927
-1809029415
113569763
280020108
931688934
-934625432
-1015543397
686766489
710983275
123250702
1453447766
-578829609
1240296556
-2124703587
746746601
-1205321376
1656306174
-344101679
-717875315
245015312
-1629890199
890294929
-1319548207
-1760246676
1764095809
-1049110412
-1762782255
1795296447
-411234889
-1442422650
378729384
-1093130107
526948652
-61703349
-1792066014
-2045082099
214139399
805367555
-532690506
1258715225
-7483449
-1153667281
640297651
1562649672
2044721499
317343827
-1347686984
790010870
307390128
-610827266
1860076904
-54014877
-144509044
910543111
2057297758
900931922
246129562
149912600
364565599
1708917619
475695045
-904993680
-1624643634
-1859414845
1166865608
-1729341212
528616036
-356298957
-801877242
1983101222
1849316383
713582983
-2042302570
-242108599
-1419712133
1225139841
895223458
236828036
110919647
1258517054
-1727291663
-262325195
912078170
