151150027
-472033381
1898380433
-74568511
-1027639833
1743998364
-430086021
1137912077
1277447870
-263261153
1253579006
-2122170463
2108358459
2003533327
-131647457
159510890
-2030274679
-807754520
1732669060
1741667495
1405276068
1289295298
1211164195
35847046
-1774621907
-1588712817
-125418436
-712210161
-1401223555
137851808
-1804546424
-1619963839
1559953659
-628828819
-255053902
-411293318
798521522
1802649237
1250922246
-217732581
-124843235
431503907
177532776
1630980715
443699013
968679954
-2147284602
-468351557
-2120327923
-679283181
910038353
2079905995
1733883340
1454185100
-1869138264
-1428962708
1518608924
-137919516
-1791393450
161294950
-931374863
342528509
1968097342
1846858395
-2016836627
200089601
155560916
-1333545364
-1997835023
-125465502
2026216399
303594587
1962909943
891600155
-445333476
459726320
1602696222
-549018565
-1451295467
-2120537631
-713960698
-106428253
2114750194
-1772010388
553819485
-846620915
1305065599
-57619961
90850746
203718481
730407183
-1197066180
122311337
-243981853
-1474036304
1110130893
1845681414
-121335392
-733179489
1756277534
-168992882
1252126153
-1907813890
-1106352172
-222532686
-410462129
935663812
-1092830536
-1134471250
847416400
-1336749324
986947297
1565931994
669210849
85220881
148359442
-667171520
-2044820466
-258406192
-29430688
295689070
96918046
1048668943
1982014744
-1564809332
-2106430182
-667383546
-1647858210
272586416
2090616976
-1975552581
-995015911
641188208
2097618324
124528827
1280759950
1957010104
-1194317049
-665617658
-1703574197
291207134
-2104367589
2082570058
-597898810
665535987
-51763434
883075412
389452868
1597112411
-1917854123
-1401718589
866166655
1972354208
1801491859
-1284269314
-1876736126
1416896386
2014200171
-1108035481
2020298968
-1823174830
1788487450
636248272
1424760293
1671608191
9558666
-1779184851
-772809070
-458280591
-724592501
-1420338037
-731691472
1657628309
1095729507
438512193
806597525
17498040
-373327992
1127803748
1961179019
1058960793
-1201166677
-1135669889
821566827
190158520
73791224
998236291
-83109372
59119220
-1760104292
1460342268
-454589248
-309364396
1797968775
-1252339835
1735278345
-1726025052
1653466994
1954650238
-477614616
1851459395
758597667
-2105792773
-898700817
556140987
308392431
1406087167
-545879719
-469515374
-471461248
1272388329
-1420122001
698343391
-1062739496
1687388206
-1482091476
2109205279
1535084437
1243569992
1180302115
1191509065
-1341173642
2074230765
1346357408
-1192338657
-1699497955
-678055292
318180877
-829442106
-460846314
-1224875052
245440151
-1640839272
2089067800
-907331586
-1153810159
-2046469319
-884191351
-494526291
788962328
-841858584
345146439
-767188341
-375439242
521440791
2002557093
839138806
1809511883
975310652
1643910323
414068467
442805610
1034097897
-943670590
1350514786
-645152896
-1436889318
1766130470
-411734413
-352823685
-1717248051
1696600125
402764888
-1951355736
-968756776
-1443602768
-2108300997
948043806
-2041157386
-461195784
-1069825934
313155802
2015067938
148708644
878665969
-1127301845
-906730712
-2058496040
-173381632
-216346544
-409064328
-1270698088
922049325
-1088497825
977975357
-254997178
372184451
1121529959
769901485
994813673
1399446523
-593999912
62183330
433767855
-1019165390
-1455196125
663738729
242509876
134178908
-497041507
-647408422
-612776700
354486136
453996712
2007421864
-487329442
-2007258940
832192532
-1893018118
1030860859
-37825677
-872589886
-489734086
-12276338
682943389
735658890
-977776085
1447078348
-718198409
-82966946
-1476953279
1262705069
-1572583485
-1263307345
1687593004
-1712062924
-1661762167
1881064719
1620682165
446036205
650577671
-343147497
-1794288434
96067701
1112416741
-1140029302
1075309539
206362943
1746419885
-557166918
-747572874
4077204
194251129
-1899963350
1055595498
116369371
-1876050963
537174132
1964270238
-148605414
1730214503
-1060482963
-610431939
1281922492
-1526631819
-824256634
-1300509101
-1171222380
-2042554233
6454132
-1597222364
-578843615
-80614683
-425716205
-559238472
1425076243
-1989382174
1812171143
-1935095750
-388534002
694379345
1489031844
-173583229
-1342471251
-2038413512
-957391473
-877370128
-845186103
1705757635
-990674779
361594235
-1827677190
1558200955
1581924763
-172957431
1315608925
1435734199
1835649253
-959804672
-1179625577
514413906
665528155
553561628
-320937702
544552350
1549292058
828165251
-1945870425
-782203497
474183848
-1377583850
187635987
54902619
-1912923813
2117087753
-1240091571
1808235993
1442871290
-1602972491
1552960158
-1139806519
1486641828
-1393407316
1203423539
1103163355
-28823312
-1122387955
1646094040
-492025038
979372373
402101018
1069560326
-2106669293
-1338771252
1626037511
769325855
-1417675559
-1428825933
-1190390764
1696800503
133442348
-1972732172
1012757213
1775039894
-1605601422
-1936468890
55136496
426699067
2072334980
-822383245
-1409943392
-1387234908
-1839598427
1633388794
-817134056
1603252108
-1146149713
-1713464971
1745331122
2133574773
1753661070
1904983134
1751136137
-1431567705
-2046776078
-386350130
-1448421812
-16375433
1929726528
-1377782169
1116213077
685220300
-1602200375
-355997324
-1334909447
356118239
-1647107523
818223438
1113984033
632375105
580329057
1259938817
-914509287
875737634
842178815
-357217746
-915013720
-784497457
140195614
-9823694
-1775531424
717831292
-693011597
863463815
-366715594
798011459
-295372265
-422051734
1429038420
1129308012
612768633
-1339434050
1084315693
907665390
-1349039467
1807624496
1592747730
-280973002
2018364005
1013604762
-292990333
597751590
-1585058152
929441196
-624576887
-1950359200
-1686787199
1259847881
549231426
-263601469
1466151250
-227838418
-269375875
1600396597
-2099738999
-2123367335
1476427016
1261315491
648172969
-21706073
1521822086
-839449531
-1503960531
630005055
1715707013
-77507290
598628537
304403247
1525586382
-484463389
1687350930
1468173011
-1281382657
-1569839694
-261061552
-1687904131
1727450967
-1054263130
2092679122
-224595118
-411938608
-828217552
-2122362511
-462842766
-356809101
894925032
-393258889
1652999259
-2094554137
62476685
-232121646
-124198258
-1605364150
-1350851766
1186989060
-1370279053
1435475523
-524877510
-1698160803
1856675961
-1133611177
515577390
-1775926932
2041697921
-287760260
-771292243
-537570126
1487824508
1050843627
-1044763333
954498457
-1026765742
1720462394
-818940962
-1666774620
-959217659
840567977
-862116387
370859494
-1315736298
-702713157
2075010763
-1673373512
2077666343
-1856900344
-477031485
937089701
-478954783
-470469807
-1563990028
1428056745
-1405653481
-870495275
-858856097
1920919963
1019472427
-1677497886
1852425695
-149124890
-476648016
-1531082834
1766488169
2040559743
1868503633
-1673835161
-379097451
-314572782
1977772016
906456967
-142623139
1178302334
339093009
1284513389
1436654627
611308164
875245433
2043566889
-535826184
-657935430
1809265682
1934443927
-1628139237
-993248571
2001616145
-1810909266
-803154241
827916742
-1741828262
-136068583
-1141463792
-1908277740
-187871198
2090393095
-1313859720
-822396884
1744670678
260499519
500982045
-1270509851
1014734651
1579235702
642556078
653720039
-1697033515
1613918180
1762896991
-404750499
803215501
655539732
-2065163727
1269190889
-627506291
-537668869
-1872230282
980927448
1047474798
1434103628
-5084524
1777866902
-2054163563
1469119498
348249608
-1493219996
-1275180071
-52644258
-2093921362
-605734841
-888814743
2028356778
-1680680642
1517503555
-250438419
1642219741
335933209
1298312649
-1984701718
1788199944
1212241478
1205013101
-152193174
1293967153
-317541706
-660969509
-699829797
-2082345625
1042603471
788295179
1266259767
1668119318
1676862759
225767604
238561381
-1261601124
-2031767152
18195453
-613006626
1736572444
-1510565292
-1883379590
-515166316
-1076183407
399599809
2020532822
730528782
1172099109
-1273720857
1450004427
-892665385
-66843710
385260703
-855256358
-618856423
824595945
-1601953328
-1646288328
154119044
-825771325
-1709595411
-1441475193
906877043
-494160011
-185512255
1309065413
1101243217
1868645560
64250990
-329772279
1422080825
1187804839
1417465010
-321016725
-1562823972
-846608933
-751622804
1005739844
337279911
2113164724
-520475298
883495063
-1997246683
-1487287303
845186612
1209789390
19499681
419138979
-1491201339
214867368
1519108367
-215583499
-785222248
1174719089
787449643
-305703728
1502507944
-213044364
-1795097118
-1015816892
-1599455381
1469398958
-833167631
-1354451606
-284758000
-601891901
-994766900
-1269375376
-726030072
-1443502795
1261108928
-1265126412
1275278792
722834643
1943547483
-1025499754
702488012
1862900847
-1562143989
-6765112
-56527650
-1276646445
-254236924
678062567
-865408104
1346588916
-1536731033
-1608870001
665773094
-1684379800
733099424
1961257770
1736413008
-1669231851
-903316465
112337866
1343247799
-1922252246
-811602710
-1401053128
-769715874
1037685331
1782352992
-1225057971
771283820
-185993944
754102018
-1641632385
-1999146449
2004738021
173144414
244486590
-442467484
-706866592
2098083308
33880960
-1562368331
-2027642569
-1079696082
-2092820454
627897474
1782378312
-1999721454
799909202
968533219
-2002711963
-1521023846
-803930319
1103008493
-448553144
-1076308802
1705752348
1252524084
1703983300
-1647882352
106039333
953357457
-1705066947
1570161825
-1394754402
-242903515
776758618
-975945309
1553160431
-1519346275
1302301432
1323510351
1535549353
2095237815
-192665759
992078473
-478756134
189447427
-1563831875
698689216
489412258
1130484974
590448328
415960731
-56600314
-1806466820
2000987845
-1377913391
765125380
1387633492
1523146418
-669149352
-1911990554
1248500609
1920463036
-168843583
649076699
147759222
198676468
-1790667806
1893029570
354195155
1063306051
-1307630411
1505288265
1745420134
1701741467
302107007
-2010654666
1197742579
-1318680209
-1992437964
780852740
2137880631
-1340834460
-1294412775
1102321329
1436499242
-1917124536
3302059
1806366678
-1873310587
-652689853
491640511
-16699401
1613426307
-774962869
352514282
-1675804644
-1290621974
-981829923
-1877361630
194812576
-1688836532
379985129
344762788
12081992
-1673498486
-20215283
-2005530856
1370811543
1101048729
538117382
215757555
-1676267937
-853939320
1874403171
-907922659
-204017253
-1452136255
-1104754822
-1508339245
-243540612
-388103794
824444320
1745134797
1338446273
1271156703
-430122861
431137443
5446219
570349386
-604838597
76098155
-1280243728
90787666
1364061586
1977295271
-552680817
-1310700053
1862812383
220138590
1009248355
-1595550147
-118249687
1501643656
429182620
372871080
-1677307414
1744350638
-424642773
-1022433016
-1966666749
-614736430
-1601728547
1600891961
952801008
-1485914997
-506474837
-1461860899
1078186812
1556029300
-1475854513
861881692
-1496622537
-1884753209
-1999088102
-1054090964
-1751482651
-1623140028
1305271300
1220234065
1019275832
1936614999
1190070276
289980967
362497666
-1838328199
1067669922
109496671
574926372
-1350604331
-771553078
2140956486
-1859923573
-183581393
-457433375
-1534606771
-1739585443
1444609281
-877556451
-1815668027
-2019966482
331951846
-1118448623
-1594811159
1556416760
-292434628
-615509881
-135147743
-1589899637
-1525874429
-979074671
-1607360379
-1301614526
118015499
-1047077918
188767135
-615174729
10626382
-1441923495
-738852491
-1710718664
952971674
-1146758178
563597509
-979890246
-1219646861
-2078953871
-693109358
-192535539
702310710
-933378176
-1591026465
-550377135
-581698431
-1466855048
-2127263558
-1723737944
142677458
138909341
176046203
1734004268
819572078
-922574562
-1606219443
-419497693
-131596157
2105821283
467096301
-462480527
-1553674864
1261076394
-1744329550
-115618739
-389123324
-427886127
-1387882804
1004253751
-1275014107
1127773812
-202728496
1979115561
1554786355
1264274490
-1765777805
1952907788
1975982028
-299383700
-1723943019
-558996371
-1308963694
458890183
-302677887
597746544
349034250
-483836782
-744438413
1671617796
-1594028345
1689159153
769530969
377700952
700436679
1949447291
-1172692002
-2073541491
-1062780900
-964870134
1713925795
-57829204
849243342
-552942893
2086166223
755926745
244024575
973094325
1694348745
-1142605624
359691344
24464853
-7611324
-1779696784
-1460955773
-1257724054
-372300165
-1673238529
-1478534559
1011444181
-759195459
-430725107
605162974
-178708236
1411182636
-1513993965
-721087366
312215479
-356781119
2111918878
643124969
2039635954
-311864942
1740478143
552370934
-615582860
-976843689
-750426555
1080422051
-911469991
-506872534
-613142995
-142186091
-1935564132
-1882116723
180003033
1238022318
-1238100752
919080369
1024551296
1796536315
1117606607
-1612068107
-1047553434
-475250991
583924178
-1803171156
-2059580852
-1001397710
-1569294269
805145891
258872616
642906484
1168957168
-2125234975
-1535740903
-1933375196
-1505919935
-2143228368
1766465684
-403507161
50435213
-1003613476
-1061095709
-1976978654
-1384592472
-1345395142
-450688048
2109481499
815207360
-19638933
2104748445
2009617504
-394119831
1951475682
1493182518
1378748071
454509813
879127586
-1003498327
688318326
1438750985
-2101121844
-221029419
775175620
-1682827668
-574524968
-1656230815
651023840
-1860246238
-341585374
841712624
-1667737454
1780540089
1627986216
1697127314
-949522305
-1488624158
-450738926
-1612667011
1639080401
473966402
1041326321
327278076
921171991
-141401206
2116091723
992213414
-1686573463
1907985092
94001367
1481239251
-463587889
-255258384
2098729860
1453173836
-1068319262
527971279
1032844736
164671297
1313776564
501598717
1043204598
-1954377089
1565256428
1273065285
-1463814569
-1098934047
926623029
-1985306064
-1139307300
2076939015
647015385
1376495327
79157132
1946497094
-516337752
-121683174
261104890
1475930846
-1487953122
795715496
884791569
-721812622
232342212
-612492576
-1719794157
-2146746444
-1603944490
885012608
-49278497
88629343
635375909
566811324
-1139610766
580682346
-277500353
806092954
-437218129
-589242502
445692108
1283343740
2138834018
1883414935
-1437804486
1260240382
-1710381950
528858658
1218096028
829115906
-1091374922
-727315450
-189270577
1188744200
408615194
-1883829970
-489887778
-405699134
-2092839614
-1443495114
-114741849
-1859126809
1568215934
-1307994268
825401534
1021107015
807007
111459801
1456588176
-258690785
-1121738118
-1250765821
1061582539
-526210898
1097856619
-1735042475
1242653437
626813959
5764892
1012095290
1782923387
897847849
-137544121
-64642746
-832775293
-296715188
-2128246471
-1320527186
-1629396315
1292743805
-137628201
-1598187526
-83978914
1397498220
-379941914
1780211704
-69682939
648979332
-185821562
399434483
-430802966
-170594500
-310472193
439602981
-47247685
-1243563860
-1254575681
-1636960151
1834970153
1827243107
1506624163
-40909004
1242506956
-1902366345
2095345013
-856743226
1475374404
1585483996
186850741
-1273378149
-1114352480
1479581177
-1192030052
-1691266264
1938761986
510798968
-99725219
-54675005
1224647810
1339891549
3186605
1400947682
1778528338
398818650
1383438725
1589878151
-602696669
901903968
1511164198
-1589941509
1244706759
714911353
-1366868387
1463337401
-1767023848
-133865004
1532060168
-1549714259
-192026601
1983460897
-270397736
-814637154
616219479
1363528991
273527383
-797295129
-563233124
-1143837582
-567641555
2028902509
1278316990
1488146105
-577646178
2105304780
-370836013
-1539804704
-1501711530
707624915
1656061580
-1284868430
1996673896
446387506
1645850079
-1216518735
-1821055596
2133980785
-1762279962
-1343591127
-829258808
-2102669532
-2045006586
-1021383550
-643139351
-808545187
-1207756717
364929238
1669624786
1258624353
1857605683
-1066793277
552822428
83420061
1797296961
-591247999
-1416096225
-1509292582
-2049109133
169031478
-2034328135
-172873041
-1898927746
1349706376
1739189069
1069813303
946559608
-717424268
843872142
-1152448764
-534703169
1567175005
-1784824195
1996090963
95240473
1868990568
934296624
-601368704
-713613028
-405468154
1503916500
2020362940
-1849918512
-1208159023
1926084340
1123809020
140418962
326839196
-1456743686
220335924
-360200134
-1450669116
935647990
-1198405948
1981633664
1455584972
-1173016674
1609474354
-1051365989
-1951363799
847083413
-60978918
1426916650
195862617
955417071
-1717837214
-186299049
-1802554823
-1824195339
-1472656463
989728570
-220981864
292474148
-161348831
1788117882
1427112966
-1297067909
-1032445390
-685469382
-976667406
606605814
-493411070
-551250127
1230143987
-1422675627
1087762618
-1873665254
-2023160731
-1651440863
-1077883573
168311631
1263212600
52604144
-969996710
-293724496
-1173962748
-1045708313
779167608
676830921
1931241055
1711940480
-1815328874
-723617741
75716722
-391140724
479860663
-959558342
635622858
-1734976389
-20010777
940779200
413911403
418132187
1665146219
1819582304
-1326677973
1182214942
-1189365447
707140822
-562499524
578473119
1907819946
-1713980515
-728275447
99885799
-459080595
-866004775
17476166
1636955691
1607626175
1793795703
256898370
-249373671
923014616
-180333166
-76004481
1418408659
-1011608152
202040088
1315561347
-2131670981
1793049283
519373485
-1395641104
49164657
-752745832
480060366
-405978926
-361359719
-614619927
-2125288135
1273049912
-887949599
-1416728201
207129228
1689392645
456730817
1840307452
269512748
1285983495
-1943201147
389781853
2050750824
-1293679800
-1788471544
-609913569
1957627101
1785846180
1255281345
-920306150
-1633619173
-951555429
-652557053
159423341
25209736
-1825835160
1582076288
-728100174
-737571964
-1717513646
-1136392690
1354607729
160801742
-515417535
-313593683
414116825
1686890533
-1497130093
247091656
-1871573588
-7391950
725461552
14069435
1928708731
-604155740
-742061861
747669653
1667356691
1000032156
-256724533
-1135412450
-803043785
1094635340
-1580559238
-1396258789
319771278
1327139802
-1768514372
1516262096
-1668825122
-1018338935
528652050
785600453
-1102103430
1521693722
-186546625
1705716941
-1449851911
-1728595856
-361087460
1706259779
-1322522584
-237880206
834820008
1170978455
1489057089
207325492
-540290461
-478762744
455157084
-1260567719
-950339877
-1607688014
-1081436379
-309563982
-790671738
-730494261
670759886
-241765845
1516487890
1028586281
-2089373625
-234466074
-1372109446
-844689913
-18795092
1199044008
-1185911781
452796935
1614544127
-657620108
528750854
231059066
1381612055
-2080471435
-187695273
339655135
-1518374441
-2057427936
1836548166
355906729
-78923871
-1456045671
63072189
270515269
2093993485
-1513265066
-149791191
1155893851
-1873961259
1459360002
-839048300
-123956141
1942535700
-490850141
694609907
1216683802
164097199
-1648696322
-898018116
-750433499
-1719153133
168523065
369695676
1827232949
1253492000
-1750337598
-1765466330
896123997
2044537956
524928623
1369933550
-1486181439
-720085620
64221159
248665943
-169801057
1675770902
-1081934529
-1182376758
-8026093
137770827
-2075918617
1971093738
1857924118
-1260390548
-808647737
467066084
1076372807
111618603
257908388
794828043
-645847314
1403986524
10378697
-2077947485
1382032189
-934789396
-1708697374
1792887036
1352689112
603737361
1241659690
441822914
1733972630
-322807357
-3153976
-782259053
-915714935
-65427862
655232630
401520594
602310971
-1718438696
-1323387292
122009786
-374778822
-1823957384
20631899
1420023478
1408337623
238824135
-1000920796
1359033838
-193120214
-240822012
-293359319
1348565541
1218898264
-1603841757
-1800120739
759898817
711045655
639496198
-1620285095
1850741803
-399691406
-2131008785
1051985607
361030233
-531544375
1780450863
475079171
1233760424
-1574054116
41548579
-323742210
-559891730
1114317448
1709386080
-1147019162
-1451500593
-258249200
405249837
363096835
1714136143
782697888
-75201231
-1930721436
-1590699863
-932718001
1825249645
-2049998662
1347577438
-731234076
-632527509
1322280963
-772593776
1646040219
-1089625161
1207664234
-1661204593
-837828056
517539982
-397254163
-1625662284
243728124
684057045
1264967744
-1017934994
968175814
1879982668
1209046000
1574454937
1609222460
-1783124989
-245649461
-732233450
-287368678
1542942220
2119867519
828597399
-865311381
-174937743
-2089792383
-564010566
1321610758
855978344
-516199888
1357098329
312839259
-1539720507
-241908679
1819852575
1432324975
1129385647
199072828
-371022497
362140196
446510230
496090032
-2042871264
-2123227970
550553444
-1796508925
-1355299460
-1721677150
967961074
1738925828
93419817
-498400161
-1700557123
1774997637
1772826968
1183792626
1750009561
642454075
1898804925
434313541
417532964
-689846039
-1933001234
-1648694023
1274854079
828619197
-872267791
1787261796
1638018490
1730560762
-409122801
300443101
469611278
-1353501994
-219477266
-145291210
788777679
-271636315
106453726
1408198793
1830643105
-524131274
858901874
925325111
-1819077013
1322559356
-1089722797
-173122771
-603116725
-1106047376
-1110959280
966927977
-448273975
-1652489930
-1325021768
-269005124
727329358
-675044226
2085442795
-961655087
-891244842
-630625236
863491630
1114182509
1095110884
289780795
-1774443073
-1871341320
310153910
1483899870
1299275049
-660185797
-250830918
2080956136
-1512484135
-1466324630
731834432
-1832760980
-698679568
480049253
-1570765712
-826515032
901634394
694811962
2047267453
1606530078
-881556194
567217646
-1188690918
-1291244029
-1592369929
-1943210371
973377325
-544222755
1007465764
567310366
381679042
1783009895
-638458244
1976432842
1513527617
-326600777
-345147708
376055551
761760995
401306274
-365301180
-612198975
-2116510878
1187021407
-323597673
-1709861663
-446008336
1455296617
1026412227
1094240641
1980641897
765044394
169808009
-608023850
55490251
-1677433899
-528790787
2078295855
869498853
-1664101869
-1101193640
1595372854
-718668466
1379337185
-179391220
-773794442
1602063512
-324920521
-467360232
1990428701
-1397385786
-2097635603
2062821533
-1940931838
502561530
653869658
83913905
-508824600
317280114
1582564158
1977888115
196492036
118589877
-38944287
1576652895
-1148261956
-1322834680
-343754885
928359907
997925297
-1546983897
-263229738
1170939698
-152489985
-1555974351
-1245830350
850333015
-817798973
-703115549
-636442264
-1651098228
-219019555
1156028168
1440565073
1601242827
231586806
-1682733520
-759751321
1515822245
1438588100
-1807916896
1338050221
-1619772589
222659980
-667708280
129241804
43876618
979538664
-223304325
-657392002
43288723
752380618
906615579
-188330449
823367962
-300609088
1682810643
-1022693663
170098501
1210536057
-1183975862
768049487
-903683192
-337777273
1830936916
-161041579
1069298103
-1728430235
1397583916
-1115206770
-1751521828
-2106893636
1400202528
-1735341250
-1940762038
2081906913
-1649392884
-136983950
1795240690
-1811107166
-588971318
1094546022
-1114201612
1447889730
-298112024
2132785702
-1136115335
755025857
-1817754469
1603684727
-1861570881
-1493115297
381275380
675161590
-137981324
1082804835
1082538321
1132760706
1834869320
-304746472
2128257045
1499179223
1405822909
-1183040232
-1923608933
333047163
-1410473919
1765542092
-1115244185
2064727516
322194045
791705906
-1291813986
1486467258
-175885073
-604377119
2071943608
354197698
-1882611274
-65387702
-1387988109
-1494943365
-1096068180
2013579327
875254026
978468453
1146263737
661057465
-1375873114
1783294047
1630856550
-986284843
1555968277
-106121911
1403196848
-1889626336
1886257849
-1115697687
-1446287586
-625656557
-1792847934
-1533286894
-1223131115
108452576
-1664367969
-1027818750
-240576405
-1977742993
-917071439
-587885556
1413551929
-1589003869
-1555813567
-230053514
97401332
734285792
-1793772364
-2027317852
-1230530370
1206023121
1426286844
1676948597
777034745
-1818716058
-821038510
-275016468
268252957
-1189969892
151771937
779411730
-1583448885
1451770240
-603352507
-1404805093
1847320610
-1832873995
1239809652
-1778059577
-1865500848
-261600076
1300944124
100452875
-879045781
-1637637100
-529324114
-374937616
-1017626240
-1967310069
1528192538
-15459654
-1125152532
-1793314572
-1888678404
-1662825909
1774910186
485620113
-133798155
1595150281
22341485
-887270572
-94624387
1643929470
1751370544
1590681049
-1552006889
-2049676032
737331978
-1235741513
34523591
-958780015
-610922362
-1907772808
-1827034943
708844744
-285221966
278577125
1473984610
489760624
31743543
1508627334
-2075924637
-1821515601
1339536298
1771455848
674650955
1151690090
128092960
1501780768
1398851109
1290703336
809457159
1501278224
-2073468045
1139568053
1786449971
1590582760
1932611682
-780996152
642905399
690202991
-1569705154
2083491047
-875448586
-1874380925
-2111936985
690686538
-1848637063
-1326313890
558536965
-1473200514
308123649
-1336088806
-2041372999
58793612
986363744
1676120950
1061837204
-957078182
-1399559804
732593114
-858719476
1712466768
-1964669356
-124552808
1462241964
-2014309314
-1631511106
-1996517004
48752716
-1526335620
-1616353520
-438873498
132693378
-855267758
-924855929
-1639195491
-457436584
-81218406
161221157
-173091641
585005374
1556342692
2040072903
2109720463
-960264638
-1033359527
153781878
-2073181849
-632453762
-306737758
-185186564
1723080327
1399170256
-6909942
2138984378
-1624910028
-1300200240
1237925793
246012345
640339013
287728894
-1365988573
-1764131586
405198818
1716870971
1726771034
1493441313
989505167
-1459132806
-28974656
1528782624
-724919192
1200422071
-123682457
-1292900752
-1040692562
1879626791
1978634781
411723605
201275777
-1570254928
738723274
814770291
-1498543634
1777604251
-807004131
1539857827
-381602772
1398353799
-158154649
1935293962
-713759197
-690334048
799628742
-604575896
200787501
215712529
-1652211322
-2017336659
872455711
1609617334
1003682755
1815764433
-1486540150
-1028703466
-489206190
1205432036
-172963267
599061136
-1904743967
1340666980
-1684198898
1326357715
-1842325156
326608590
2033780953
880957331
-522207342
-242995337
-1137492023
-1381999496
-16626920
1740789915
1030896341
-1744535206
1370719341
167422646
-1651282547
389220267
1661262430
-2127164654
-1553543146
2033086260
654708907
-1158926431
-1372149645
-527745020
-225217301
-1132135412
602678277
161611684
2010643884
-68543477
354780500
1036961167
-357582882
-605589769
1465575951
-2102320416
989406832
-1173348
-881136303
-212446899
-760580037
-1346942125
-1372018139
-782049965
1399437343
-444522672
-1428626868
-1947189325
-1447732373
-495908040
31739197
-1138353636
1419563650
424464887
-1224649876
-471987415
-1092681798
-780928561
882358735
-1138995827
-482428793
1343299763
-1123745379
-1223256436
-2143570728
1830535637
-263159720
1462101932
-916418368
-499629956
2126148622
1754744748
-1539521447
336415771
879859675
-2095409483
254522852
-1602031201
91159729
1741550031
-1367848395
1053879816
-902813093
2111265173
-1417767091
-293136837
1661193406
1885704236
-144466616
-1709971435
-400723615
-1861459343
-1441453703
217749699
485038384
1610600561
214058963
-550816688
1163895420
1811204381
-148969846
50635391
-1196863674
-2069533378
1993052153
1404151002
-1653871683
409079206
1516527302
-2096160246
1710643460
368531624
-1404530621
1515934313
760447031
331705033
-1906419433
2094178773
-1905593937
40548023
1177346077
-396862777
66434181
-1071581063
-908033141
-879333725
661785173
1494853607
1366019158
65072976
380185412
873111133
-2059815979
-1797321205
-16368061
1609753515
-200532060
-1446726792
-332525164
1814746703
-1108625462
2030372090
-532981875
-716037403
2025618206
-1726518461
1476094875
65093342
2120005094
-1402081746
1489232777
-213165456
980041408
-1923810869
809070850
-436666931
-115073595
1835131067
484759380
-1976384105
-677576214
1620488126
553318774
-644418926
433399978
263661194
-2088156085
-282345318
-1952932895
1756621278
-1081607896
1791736024
124316155
80626389
1483218067
-1966574800
-1987593139
594018175
-926216882
1903393533
-1230377022
-610776915
1315833747
-1962652928
-1137634374
-287866612
104077472
1682805908
1430483758
832668020
-1327675787
-1692187097
1526270999
487507586
-1398673445
-1183447835
139860240
-212180125
-1915377496
-1958736459
1530007865
710135282
690296385
-794119832
867451487
387504133
2033619040
-2137858001
-486708903
1063610884
934119959
1191606350
1093135540
864801466
856491797
-1631892465
-1992385134
1912717423
-805986010
521933560
-1453055282
-275040459
-251665920
429308479
1550021220
1733171330
-314837701
-610613123
-763101936
1324224511
-966003039
1181599906
1610772532
351926686
1973313704
-2048462807
842609150
1267799282
-1423810756
-1836944244
1871838153
1597479354
-1909978432
-1655684104
67909316
41386430
-319107242
1011422532
985267921
987995102
2028242014
382731039
-833622097
-170902425
1823209533
1272325769
1577197658
-864674136
-1299581857
-394730364
-492113743
-1922479163
-493093506
-1907694838
1893633369
-1248388406
1703695395
386062657
22564321
177970690
-1936000659
1196076781
1079857446
1685066121
1890302992
-551772379
1216478201
-1703338208
297374112
-490515895
1408646654
-1055585472
793755663
1600987954
-1554595626
238493553
497916788
814875563
1212114304
111076827
-364782579
460239904
-21122052
118426141
829870215
-1697693035
-2121785039
-288296099
1469640828
-896662311
-1547088112
269446047
1798673212
1456177658
916237048
-1738282918
-655896881
708247291
978062940
899106888
-1822047430
-939089212
-634108510
-1185932675
922801665
-189176487
540057934
662028987
-1846566419
732708431
2009855327
-1078915324
1927323407
-1305524614
-193484040
-672656785
-1983854844
710852843
-1360017341
2099009855
-476989063
-741392615
1862079122
-688928207
1038034161
492524637
-1774932282
-645543660
1092319173
1834257571
-530127884
1589341855
254287212
-1421829538
-177937339
-737482370
1825426428
-345575492
-2113507
588995757
-701651472
-536725733
-190781570
-918565111
-1082379221
1496080058
-25240145
2067595300
417561661
181611443
-1804139752
-1881721256
1719252708
577669160
847223151
1780898334
-1609667884
2081489084
20145689
2109731488
-530059334
-1023531707
246060746
1605097356
1017617790
-1267089217
434818158
-787370966
-81056823
2134776963
-2070777781
1222277040
-1582955066
-1237925193
1375844198
1231220436
-862611925
352351240
1652946982
-1408220509
-1830826118
-276413290
1781675575
-144537455
-6589309
1327436848
-1202059087
440209360
1307960622
-1509042751
1548893816
1775122405
2015523703
-1988470263
-798169883
872782967
-25459528
-518024817
995923109
1746971241
-1078066386
2118613461
-729470751
-557649365
1120658357
-1870911027
-1216461665
1552993101
-437599274
685289868
-932296089
177741140
1128260611
341557565
1814735401
1748787665
2124087840
625560407
510962014
-1743244370
-1581918139
1523029522
477628780
-577241141
841368514
-1212714986
-870109106
-2127123768
-1818404765
2106489973
-2008631436
-2038546396
-504503308
-1862940197
1877247207
1719402119
-856087033
727591172
-1829449040
-1401399973
-1119305740
2044655213
-899037062
112764832
2131304736
768297805
178293622
1394206720
-1031277694
1236584902
-1996953474
-189767135
-1852945309
223508568
2101017724
1971995962
270968164
-281714539
537165581
326616040
1775952325
731637018
787321696
1637145922
443999203
-548404547
1068450660
-8510678
119568130
-1416892157
1939081506
2077954534
1381863757
-274475564
1042090598
-1887580946
-139578854
636125297
1665985189
-771664633
166682737
2117230501
-1380755686
97291152
-1357836850
2024482618
543338801
-521038053
1811996966
-890251090
933985065
1606843710
289943079
-165666009
-1425052940
-561183317
737909956
-1826926941
-1114093727
1850555006
-1686158096
-660461965
-1914899588
-1486415402
730481320
1367906025
-1228846028
127224998
1862338103
645329488
-2086421442
711194317
-1276255051
38146332
-1200248263
-1346636701
-1487688496
553697634
-1771428589
-850126763
151929806
-347588215
448295594
-1965080525
-793669934
-243236286
480666806
-823701176
211233885
-1224406091
-1259825179
1219654379
139444759
-2064326148
1755644231
462494228
1605690063
556348628
-1069126164
-20399567
1277481152
1876960913
-199894838
1681403706
-230580202
-1865345454
142129892
-1810877182
-1004438096
1107220854
1342290345
-2033483824
913710630
1055889486
-1267509351
1966557742
1527617804
-382123501
665488174
-2112459776
1081029752
-221459430
476143609
-956936489
-780475199
-1571180474
857212426
1064194951
-249920375
-238657859
1400173461
813137142
-1853880066
2102499037
206765265
1980986422
-329501092
2059131761
1186891299
-1521010218
-299001675
-1441303009
2022782076
-849405835
-2105555724
147897893
-1804746754
1274457239
636429855
-1704487356
-590099227
739841467
-448406821
-1536272901
-1994527068
-1172659028
1934255925
-2081320456
1136277838
-728851689
-115261793
-1129351221
51381559
1192284253
-1280415177
-172183332
-1869887269
-2042343510
-747319473
1587544223
1433677053
534070086
-1337664983
46993925
968474387
1599979819
2128908546
586819637
-1473976863
519195862
-520662191
-78403973
727448675
-1592515999
-284440240
-699686016
-1166690577
655662801
-1776629829
-856491077
1080702619
-875144787
623520727
-1297311961
1643605723
-460471345
-780995659
-371009994
397656430
-1058250883
1738151607
-42837499
-1739328389
1732175291
-1149246893
100441040
-405281034
-1195905830
371318550
-24639577
1839441736
-73014188
-1907916308
268078690
1539362863
-437487141
359804318
-1839799599
-1092726814
117881775
51202203
-1938565576
1868758392
-1890022353
73624314
174622713
575250569
1877686963
-861280065
-547398509
-1161605355
1125799320
1841577052
-1406341173
369575332
1232275867
1819612539
539457063
-1752851025
-2024168854
-238350342
-527547997
522487358
221118584
-1141680329
-879207009
327541458
367073296
-226707060
305952278
835548292
-1401238099
-642125795
104037909
-1321340563
1093714824
-1499849008
1272629609
1837477448
665054321
-1002778468
682724762
-1929789866
-1696335902
-1763249145
-495387112
-225923711
641002320
-781542423
-4360268
-1675872060
1417968836
1910212725
-603820207
1471391945
1094845098
1584577657
2133989338
1643557587
488967401
-770465052
1284305782
312148958
1302068019
-2032039799
-1469791238
-1544234493
1868375197
202141218
-1733194081
-173191135
-114662287
1862956694
172402420
1562329017
1551900739
1476621694
1717105942
-1031414502
2078677826
-1316462107
-1855526115
1865839037
-483808561
-1257721521
145087961
-1328490254
-231858093
-871112964
1428141245
1441309371
-931562419
-1298816147
1592206619
-1268580105
863026857
-65036249
-1367872367
1860428482
-1130862504
-432307274
1908129475
1063707163
-1654455780
-672339468
746838601
1070000072
1281408163
859470986
-1798145813
935438710
1497398743
352982967
-380727541
-2127403485
-1018957964
840169296
1995411042
-653163328
365781722
1500327943
1503010798
-1669531375
-1446535644
-160827153
1428293931
1189581528
236250744
-1466136257
-253448064
-1211393231
-30155872
700288597
2035479804
-1524669377
2048784601
-90735106
-623882943
1653649160
-1639133461
-237090572
1201168832
-1502213219
873483129
-831442521
-1721002458
1924372350
-1708023398
1646054208
1626748437
-1547518405
1904453543
382690530
-1875822313
-1461526434
1371192918
1183999282
-847851057
2020803720
-302803705
-1296082407
1643396209
1087567577
1324441438
-250625848
-1295679373
-1825801579
-930000879
-1047344644
-1885398652
-1469353469
-914723582
1334091395
-676021315
-474603368
-1527902064
-2068387843
-187980011
925166421
-1609651159
-67984921
408567322
-1853146259
1396154403
783775445
-1770138658
-451320022
1582972108
641543678
-106240722
-1330002672
1644249279
-220205827
-1215614710
-1349956286
-1763874696
812143062
-1094687664
2096000292
-2133662933
-450057930
1299795129
-1898516159
1906884816
-1776761602
-1120745719
-53466769
-2013745790
-1099024638
-1076044670
-1606767823
-770798071
1080488973
825213849
1376605787
1330434485
1698734888
1401141228
1806794748
-559706771
-1219027685
2100944242
1690068855
989180935
788062260
-1040997645
-51881485
136904665
-1165460410
-1799792709
183642101
-1974312561
728382196
1158146186
-601501366
-449181634
-1427273681
1271461838
1202686761
42948281
1850072828
-843594477
-764115815
1507220003
-677429638
1776850874
-1098314480
-2086824507
949381923
877633768
-896532132
-1960560607
807239762
-1468036927
61448902
1938165063
391747076
-274261290
240532596
285459046
378437346
962119131
34814735
-1319940443
-1996889474
1209918109
-1765827931
-1337092813
214906845
209909298
1279184591
-301230948
2140824629
174678897
580880662
-1445546146
-1083768330
-801226844
-847380078
-545973828
577147918
1971142268
1320134100
1402198225
-2119161495
-1864242875
-54504955
-1113669913
-2074594121
2115540314
-140019634
1115021577
-1496867727
-236728870
1671289466
-513343018
-1557838052
-1983765349
-983385638
-992359017
1125492687
879468126
113877353
662389652
-448262413
1916612164
-598200785
-827989853
-897465526
-1558449023
-11699735
-259432703
2052269874
-104778674
1491274729
-1049747612
-1348243927
-2047134428
1580299323
882741072
1963173523
-679574746
1713435913
-1405476695
-1602085957
1957053150
1181802048
619095689
851661847
725191723
2019983218
-1211749549
1035349967
-1204354950
56546301
1146786824
-1467159680
1980174388
1905020269
1968809176
821889852
1904780151
-1008967650
-1258996996
2036625877
762518023
999732774
-1349726270
1485973595
1673778822
-1929237391
-1265919767
1322621410
-1650669341
-1267073492
764926510
1423918983
-1772311536
-383794585
-378717146
-936757067
370207479
-1677910027
-1828373426
643148708
2095866030
-768451690
743311968
2034944546
1282238440
-1828903848
652306151
-1316854122
-158274129
1496662585
-231581931
-562363072
1998027599
563284753
-691945004
-273697339
1102867349
-1779580498
1448561178
-563838742
-510738631
668877632
993852033
1252355743
-190954344
2098505463
156341782
1881237568
-1557723483
326480874
-1129405840
576355094
630208289
1426018618
400326404
1060716323
-1338832886
-1312729993
945823160
-1012308450
842082384
-1557507519
-1861013323
-1279150404
-1259743282
2109625650
-1351556735
660207665
-15219081
-1756913925
-1861327540
-1726639627
143733456
-705701940
-1709702519
-1458445365
491191197
716328953
438328256
-1177314818
-1900635937
-1652672550
1931023266
-2046918163
-36818947
1701442034
1948851805
739746506
-1954465984
1774642002
-259632079
1531551390
1061117060
2079811135
2126321987
-1256218737
1197908780
-2082553070
673853105
212555109
736423254
-1008905377
-2145910554
-1613838518
-573807537
-1278659751
-1892546770
1940585937
-1293847479
-831117963
-2146039668
-1648309959
-1184870581
23432268
1576294859
-127850511
-2120012952
1415683781
732784850
-824241825
271691827
1431648882
1642867004
-1127438116
1716864881
-35391430
-1834863064
-676717309
685065488
710698809
-1320960692
1410119467
-818341288
2128122339
-831617200
44621617
1360922719
1308569967
76067161
387061626
235996610
-283495566
-963056669
-978307785
909429649
90011081
-1268559149
144267498
34028939
-1031611204
-739036468
-1477154007
-1122459254
-913365153
2053853120
-494919262
-306554304
1172645435
-109346614
1914097759
-1848501981
889403438
494122299
1455917897
-1973830746
278999439
-958810382
-979280910
1659062185
-1448930923
585645553
-959082610
-604259535
1823943160
-1112331989
-1247649470
633250651
-1380148008
2014703778
-1278770015
-426266995
1366906078
1078895793
-1101376398
-800150033
-67839071
-948367706
-219698761
642628121
792703562
-1522350445
-2043830550
-1428656371
-926609286
-680897947
1100465033
-1729727641
1958686058
153657909
642548693
-1128087853
-834373805
-523928098
742574293
968119230
1759927569
-594757681
1438848161
-569614257
1161858562
1164130593
1546100444
205585048
-1369320396
-107463957
-1243400831
-1501893624
283503806
1870676181
1208935907
896548900
-2010512786
1110223083
-1422216722
-892564874
142323364
-328473421
-197274190
771954629
-1061378947
1684778880
-1568186078
2004254341
2029218355
102225416
-432526824
-861650287
-404503358
1759863604
1566268059
-541425641
-1370506801
946030135
-1323098268
-1058483758
1965837253
451331554
-429704546
-2028149121
-1826401215
-532982475
-2015658259
468613513
1064181935
815963448
427849394
-1031429370
984266037
1810550795
303086476
-1367231770
-1542989361
1445894460
1076478497
-1919546519
2017613242
624115544
1509367325
1475718865
-1431306986
-477181244
516129402
402486361
2101048518
1728660941
140706306
-602400667
1828573338
323578364
-203271150
1574345722
-732860496
-1307685201
1298080159
2045421423
185318167
71101668
1453956734
-1252531100
-129914188
-1675522984
-1013976353
1208779507
-2133511063
-1364038192
-1783088870
2069913125
826804595
144852661
1425413038
1325233064
-1036892653
971399654
877993861
-273964354
1535244144
1883077065
-1478375812
1956963959
-1651336261
-863920221
1741567523
-524910815
-1233518444
1080083497
-483819840
-1882800385
131736491
129807703
54206106
-23171526
-463603286
-2085837441
-1460306573
1699740180
-1644085422
-634941532
336993365
-1954159773
-845039388
369102088
-5079663
-458940356
1532658625
1011838979
-1906505468
-1488493331
873487956
-1611188203
-2130874212
-1285781455
-1113585105
-1229114561
-886286054
-1551796578
1586375796
1995956366
-1902490856
-66164383
-768978826
1174792183
1225142350
-1538960338
1829564575
1210366826
2110251280
2133114481
-235755117
1323808032
288851482
1358068681
-1837827179
634537784
-1585261936
399833014
1145257513
-642969471
1645042239
-2146891632
-1467700741
676784793
-594966488
1118666170
2050399487
961561910
-1043596993
-1745036009
1340636376
1414554307
-332185744
-1235156035
-1754735747
-1743173074
1788498146
-699163159
353223194
-508001792
-311679106
-893801935
108807731
-1599084371
332616882
-845710337
-529412849
1348681261
-1251439247
1021178173
-1437359789
-1612959030
2037346942
837341005
1332723436
-272625861
2011240682
-615417028
388233522
141511154
-1502079269
2067300662
1892605770
-1594319438
-588638066
-950296773
-1598029109
940471651
-206093922
-76200174
-963410781
-1547255511
414703237
1153289086
1975454779
-1193637710
-535483805
-969560913
1557433561
798740175
-807260930
-2082228229
-1855881914
19765830
1683354889
782823117
999777712
1945319397
-1829195095
1844930781
-397088815
-538375718
673805876
-1344756319
2012521807
1542092866
-2072340677
1031995650
-692475802
1494079231
180291530
-897237165
-1358482748
444093646
1283659758
-1718983554
-2146691405
-1281800297
-984650377
-1020835200
-1016594819
366832135
-709020674
-62477546
-2083305973
-555753892
172935465
836735160
1278757583
1109920383
1869637933
1777164998
607606243
585146711
1748541332
90177793
1123845234
1541762395
-658997185
-550657476
-1109306794
1145745513
1663560878
-250123694
600419074
-1118163754
1765435775
1783425882
986096802
-500225083
-1397929932
1042941465
-511227520
-1176759108
65546553
-1794253384
-71167063
-661034380
496310820
-1644113226
-968360240
-2077802257
-1062874050
-1597327073
-1893968783
-527990576
428859201
-327565827
-1778739655
-1513583642
1105304675
426618895
1818634916
2063406857
1357806995
-956129352
267759592
-151565015
2070998273
1865484858
-666494703
1915391907
1759815908
2099840035
975173996
-679974954
1212454775
-1705961721
85697065
-522027530
-284993725
644400750
-1229523397
577022239
-1933176925
1192882192
2140805251
-1109955411
551372165
-1740408001
-1007265748
-135498038
-873482131
-1409610844
-121831592
1566307399
2097646527
-1897223379
1797384188
24300976
91373629
-158687419
-2001208569
966730137
-957857331
-1710826170
-759956023
1167691838
1803095424
799199787
-1731964526
-1767953333
587543503
1181053322
-1649243750
-82238217
-18891994
-1845313600
-1142031584
1145863510
902080166
-1936241811
-1066619948
175989999
1760208167
-1843574238
-515751303
-694745716
-1160631173
-1010152359
958586310
404871761
2043970809
1090501797
1946285453
677372944
-543585991
929537578
-1453610465
17256155
-1950147044
1199193678
817440237
-477537063
-947280114
88133040
-488180366
-1369658787
-1443562866
1911821400
-1335985840
362749748
85039854
425047344
433182393
81076542
-1002817705
-1466583885
-321123824
-1915691969
2122955024
-209897756
-1832058929
2116399863
1728733439
984787072
1285805994
-566678161
712685935
1652213622
1405597173
-1404831595
1758027795
-1751302506
355583810
1605028619
1257565258
-2025142135
-1832822194
2134917947
-1123191388
-363983359
2124231709
-2072112466
1407811236
1118810928
1561559650
-1479210338
653805511
-1870051203
77336612
471391689
1958203077
-1505095051
934715551
-637162617
-738918890
292281599
-73821081
-433412066
-782184265
566578644
1195588819
73823829
7171629
176843309
-490569320
-103348666
-736984375
-337427523
-458113869
-907539080
-1471653842
-2046033695
1713959052
306736173
-1543671280
-1770998763
1645919320
-1388309513
-314395842
1332393642
-2040417602
-949664880
-1163505951
-747865419
687470269
1716071403
1299581445
667158602
-448970036
379671174
-987393703
820746730
1236647490
-889961214
-56760526
769854521
-914471688
1696952820
2064068053
-125561613
174916908
-1901774083
-1293004299
1768846624
95393704
1372034071
-658744966
1850251911
21886498
-602618830
210590339
736388191
-1870924826
1116543743
936468142
1654587212
-856220494
1997647882
620869270
-447869815
1193876960
-1766752498
324632989
1769703521
-1952113206
-1531218556
1915252202
500507619
85501289
-882162308
-482151243
281740757
-936443841
-1844440656
42178241
-2136660248
-177195402
-1360443690
1568988458
521518381
-1307376311
1374107189
720642656
1203923655
-968132189
-230537861
-1738971277
983901154
471208197
-726349875
1613805968
-473890845
790201516
139514910
-50992181
1488349664
-348675342
1840032963
1888200990
1837458514
235395828
1152748615
-1233968463
-75246583
1442602612
-1843270788
-1831215525
1266222687
983367169
-1686530862
1289185640
-1792088400
-1840176299
-2126833429
-947063908
1994168073
233082365
923498606
1752503927
1557487647
1451800127
1800804122
-648917829
-115200895
-1966147017
1469074462
1309597227
-2107964655
-533333693
-2118835288
-490126444
-1938213712
61260192
-1815927364
-2139863280
-189648584
165983317
273626694
-1625135991
-973719633
331170639
-1596136847
411577980
-575842888
1458761165
1692249913
-205931777
-754947508
-961470723
1010711871
-790405884
-1918689366
-1022569753
-813607461
285093343
-1628499828
-789568118
-1361693321
1988438789
-797995878
-1861406652
2056824602
1094183958
687910947
-816391818
-1484864189
1816409372
-1935949046
1262778983
815887352
-67114731
-300543234
-1643151511
-691410915
854663342
481737965
-1519884743
1749012489
494561617
-1931798086
-116212053
-872877738
1952280673
170443308
-156364410
398741496
816225988
910646826
-1024732756
270021264
-474453855
-1341410523
-1865368706
-489973758
-1806346902
262186452
-2136848770
1635316292
1643381788
-741203161
1325862197
768686713
-493310011
1718166644
-739553450
1057206845
958658630
1892106999
1445524002
-2066749886
1790899034
2044956281
-16473330
-1474509285
-301413930
-894330035
629670052
-1958156968
-1104517838
-1458111613
-941953626
320158162
456716615
1528993624
-969117064
1565322055
1217934938
125606123
1650315455
560072744
93982552
1413275446
485010756
-497011791
-1398243229
-1245631429
1680045086
-2045533894
505164173
1123779197
540367632
341045453
632902114
-549165647
633185839
-397950729
1894327979
-767298891
-58191160
-1519449629
-2140747023
-398458175
1617071232
1217369508
377086784
-817050148
-71921477
-1031788079
1396853164
734052496
1221256257
-1786497450
390329880
1461942496
1572372255
-424469111
26388149
-1545920902
-496512309
-1459394181
-688845623
-2074441176
765054602
-666664304
-1171291727
-104468340
-934132202
-590431406
139626537
187368460
-2077254022
-295254655
348757449
-960183798
865461569
-1031347090
1602429138
-242065576
-1739475505
-1308135288
674385450
1108084715
-1732669171
1346207799
-1276601435
-130587187
1922730828
-1003763224
-193727867
856236888
-794332062
1512296
134712900
1478483104
418373145
-1239301515
-1009941616
-1028115407
1666622666
-155753838
-111463530
813760250
-1940529596
684340251
-1243402366
-1309557881
886592241
1097996440
1856196678
1597294710
30336315
429748309
11929243
-1915089373
-2018866389
-1569080015
-145086651
-2053238875
1430896211
-1119674698
-1825261670
-1227057410
24282606
780598122
860126788
-1425706867
-740262075
-1462277276
-1384686523
1910303175
562071635
884095009
-984763845
1152976678
552202411
1412924823
-1292347931
-964188832
1656706201
-2038859637
-920527899
1803090396
664766088
820997663
-212059705
-1595070879
351349410
992778414
2134377537
-1392847856
-1051072323
-1432152612
1721421244
-2016409196
-748922763
2000277992
-415340269
932032663
-156890219
1728891971
1637553305
1011973751
1632197306
-1793814170
1293603168
355021881
-2018191302
82509280
412379832
-1025152579
-1628140223
1253088942
1626403318
-898541517
-1226349251
1786200782
1556525686
-1464313907
1003842427
197890582
1323360738
-176618314
645512978
1832959297
1666945203
-739164350
-983736065
-159474870
1869586167
2001566565
-124895087
1048823804
-1954367147
-797371543
-1282397689
215128010
-1781816754
1251250651
1192983415
-1873218341
169561029
1446127302
521651184
1532000617
-1252031296
1757920291
2004791523
-648717493
427573104
-1194762865
-558502466
-238551857
-1805339794
114681662
-474687015
1970681549
-869408697
210448431
-466274155
1086763000
-2056768454
20325281
-780386366
-1536043657
-374973633
249986501
-751065023
-2089203533
-1376552373
-2034950220
-1243568918
-1899506062
1281055442
1283927714
-157228113
1525762853
885738125
-259558828
1374944513
-1943357315
280671101
-1842174257
-349571726
-1526136765
-831082450
1030403409
1270199707
-551765912
-2065948608
1892681860
-1865638849
-429933477
-2097151709
-723554319
-2073391440
-86376550
821956385
-2142878030
366750577
1411937676
874640033
247845227
-1813576932
837427852
-2128642647
404359035
969014150
-1480283576
1599258020
2061974381
2123252000
1559424844
-1874270875
1744131764
925067935
1801820121
-748727445
188128407
-234376481
-1566143493
1448491110
897788010
530017540
1546502362
-1786207751
315726590
317527778
182904143
22277569
138980186
-716329570
-745749574
-27989866
-2096329046
737355925
-260543214
-1816060400
929459063
961101436
-422608579
713497677
-283948008
1565448391
-1243731807
-112676880
543900775
-1760503474
287216378
955145324
-1511473480
-1051126226
1530466157
-1547463551
-912055289
-789139475
-916123171
1912567558
-1580248208
1504912865
-1270564482
1788220393
1435213027
1381616849
1524214951
1651146100
593769239
2121108444
113991147
-692442671
-128431938
1468203929
-1272705431
639527120
-1913172741
1995670399
-886365853
1040773606
-1817117936
-1392545401
-1504144115
-1653813640
-2115358372
1522337807
566670503
278209625
-1206664317
-1566929407
977557453
171943057
1092598766
1443458356
1367032589
-2094488992
-1903902602
-1873163502
1472429498
-1617750398
549883483
-182155398
1282781439
1379340979
410370426
-165952026
-132389834
-509253260
721967807
653812944
-905893254
-1328050673
1192212951
-256047279
-2120870534
1368322265
443022890
1038980363
-47644272
-1751688265
-1505230072
2045006921
-1211199727
-1019997470
-2015859935
1415316068
1363664102
-1892172306
-1150587078
-1445425560
-512141221
-389849849
2077647902
537811446
-555862474
-1012347266
-1039586350
-50191253
1636952331
322021507
-1844509173
1855587393
2085234894
-1546425548
627536868
1895436981
120676266
-479834410
-2040716597
982363562
1731891216
-1828441503
-269741380
659059661
-997914606
-1408668095
1361537970
-2017960200
-2064157200
956927835
1830991449
506765531
1386164723
-1876541875
-261526521
-83155495
551145849
-833169670
1716195821
2051596847
-2061740207
-15502267
-1712237687
1893158235
-510880440
1505653787
-1265053601
-848580677
-1244228861
173258679
1520210151
-1435818381
1727073807
898966560
1603229384
-1028619884
-1105107146
912271094
362626119
-1974509447
-1547661036
1515209583
555964153
-1740492684
1749537769
-745608293
1846694336
1017573802
-1891272017
-588174865
-192138764
-620173765
558284143
-1601708288
1685896159
393449381
1019575504
-942696562
1206856303
-370303383
-134372624
1945714372
1490759206
-188696593
-1082704522
-191549251
-2075236523
-522373466
-1538284313
-276926134
-1317613688
1190611055
-2095233735
-696513806
-496646588
-1376972997
1710152613
-907355591
-1649756945
769370098
-358597183
874662181
-295731697
1027816342
130809293
325762813
1261448119
1626898088
390234188
-1467692973
-1349873347
-626769206
979654358
-231982267
1807340592
-629670235
-1270418388
1660083198
612176008
566784012
-999813748
-1165867645
401050655
-877806495
-2077934265
101522092
-1488179872
416985911
-1099777392
-239877265
-203609795
-1965877447
900020885
-1239336348
-658236314
1522733385
735071955
-1092047228
-117046345
-675794453
-1199844186
1601502516
-456538127
-1994480412
-947369441
-1981331326
1875857580
191593246
-498918375
-44946003
1297109644
-1744359730
-903265906
194207722
1935887539
-2061908520
-1243105242
853912421
-326342282
-401852815
-1039223279
-530471803
-793823662
-324472314
149267733
-683440268
-1974507744
-1929397668
1427847914
-1053750306
826153096
-1311824649
-1829879099
773992695
867452339
-1837600576
-400495566
-482589245
1236428100
-2069327391
-1378766042
1730064785
2139644295
-1993631757
-1250806444
-1542111032
854089707
1661850203
751143103
-1516504603
219810733
713053937
-782964848
-1831027005
738940886
1009569505
-1151154903
1133461021
-698946457
1778298326
-128868231
472381777
-1020808495
438712148
636823441
969630310
1633957290
-562301339
-929464201
-1706666416
-922499170
934382455
-973747398
-1734510734
2031789475
119993476
888942918
1339632739
-2075555728
1711911795
248190457
-1010022668
-686794449
-1831504194
-1792525195
-554723471
1330314608
-1381750700
-534251849
-1253248985
354053729
2050328255
-1271942680
588799270
720080700
578071689
-727419917
-499215288
1332770560
1875126748
-1551163817
-249831055
-663215773
2059375720
1013549629
2113868567
467385094
-492064376
-434843187
592456452
-1149764374
364682919
-720741700
-1083517094
-576959710
-1813275680
-1145670103
-2051475496
465603274
-980656924
-1729844823
2090447707
149807927
-2022964192
-205326944
-1452940890
1599463023
-566088673
832744658
-374682267
-1672045349
-320953556
-1321815751
1656787566
2061635642
-1039876805
-1296553448
-2022597558
-248942119
1989107720
-111671472
-1162016524
650995712
1619471744
1106568689
1461056480
132550319
1988522080
-1166923245
1730014526
1581340554
-430133476
1032217063
939073919
-1604094703
77465857
899958280
1916728600
1285571859
652788125
1073933078
-311289723
-1058738588
1651351134
1543436421
-1760077680
356263373
569244280
475527346
-1439519022
-896217533
-869485300
-1133898185
-93956486
-799676324
1677548934
-1934239105
661121356
-587365122
-403750330
353157532
1446758636
-1347440807
-414694014
-657279145
1038571612
360022550
249404521
2016530824
1632553411
2084297680
-2003379060
689888168
-1342471056
715417283
-1102447751
971147172
936666909
-2051872830
442836137
-1782294541
1386310263
-7600018
-1731884645
-2001627414
-808949795
-1407577948
-1637314496
1099689806
222890088
213861175
-2120809575
-1452246485
249176107
1652871647
872426142
-100575773
929757627
-374301584
-2026575519
1254693513
-328247823
1771777870
-665759629
-412041361
-1283120146
-750602977
-2086322554
1257620989
644822367
-2018586686
722663507
-795361852
-951028991
-939225984
-1813718338
-1760463406
1942443367
-1284970623
155814711
1461940039
423732730
-1245474175
-910669214
-2135268056
-874722239
-44371261
-176861959
1532362098
1806117731
1063094853
-980926735
67172210
1314608105
66863156
-218802981
1718446931
-1510601273
-721666910
942378893
-52629768
-1827373412
-455193739
-1331620351
-1801079796
2098720824
874838690
-1497314948
950203222
-1377764513
1830938523
-1663404046
-118474415
-1815340340
-398069754
754536616
-1523292165
-21632392
-1032373842
-1013285093
-574979603
1013815067
262882750
1685590048
-1662807381
-94354957
-583892180
624592204
-1755428803
498097347
2080773234
170244757
1933971966
1956135454
-213926781
-1963195848
-703276877
-601387548
1089414908
1956420318
-194010146
-1738606067
1660878746
-1131355142
-2037923756
-1834564699
-435188500
1896739956
2102344717
-1479025641
-1001143735
1613133707
1498991419
1406167725
-1109852925
-1505561610
-1322751331
-787455402
-2056199972
-1128996531
-79998188
660811690
1425541048
798699431
-1788669322
-513293525
-534021996
211101059
-528949855
-166167602
-1981146698
-1138051093
170618835
1703458233
64918054
211796182
1207634745
-1624899252
-1621012900
542750669
731672261
-802732443
120167482
-95039278
-1019947708
45373408
-2023747012
-223894148
611209647
-1779123364
-1810647571
1104596070
562371776
618441028
-1204382308
2121532106
1617143752
-914650867
1214105935
-1297822616
384600255
-1392546372
399249144
300854700
-638676068
-1512745301
1930261990
813261839
1462809831
-309970805
-321008258
1855045820
1942512011
-1553132884
796576554
2074937719
667332592
1348637820
1360927632
-305724486
-327848375
641668940
-580201722
-621605344
-1675703766
2094788698
1381822790
-1113920505
-17867428
-1857462517
-1660883874
644622191
-919882764
-880895113
-870025495
1939811624
-1326473310
-1893873365
-997132925
-229538004
1044311110
-1522675159
108222329
375314761
-1533785656
-1412927949
1033651904
1572504579
-90931416
991615560
1367270184
-1475997257
-2141635885
-260307857
1434680529
1480512003
-400026568
-1679609934
698810845
790579045
631214747
230052973
-709422233
125258530
-1649586903
-1915240248
-368708174
881331048
2067626059
-993084031
644927397
1402947510
-893029314
-1169212690
-1220153993
-1342214277
114307299
-1373582782
-700450138
-1999075587
986479315
-1448777970
396781356
1727002236
1825211830
759485707
535981045
1758701462
-875083819
-972450282
-1604623733
-749267731
880376556
1627962491
-274439150
-18927610
280843844
469638517
1001415547
-1024704140
-629582335
555395061
1996568308
111093557
-1773689928
-677715038
-828816226
15308123
1364522052
-1483219935
-1744910718
-1141949202
-320934182
-1914372971
1872419268
-2028471024
-1924566695
1492229993
1285410073
2024899170
-1454160410
969758284
-197827978
-452921178
-1654121032
953822845
-1183254519
-1685343578
-2003376849
1957197128
1429916780
-966267821
563135787
-13909809
-936586728
-791344336
-1014602341
-634306291
1304086039
-999489296
-1577171628
1811651864
-35488259
-46746530
1763195683
-1201086299
-1553030888
-151284612
1784640549
1850424785
-1048100634
-1212106257
1183679317
602253086
-1160837945
241580697
263607910
-318143045
1819991283
2004194183
2122195922
1231228935
1950183597
391269646
-1250449870
-2041183144
1337899960
1452162352
1893349584
1571081207
-756314358
1834290243
2074388858
1698187887
1324345535
-1812406316
-12921960
-587277049
-1721084080
-891007032
1020876928
1648184972
-778707964
-908850748
-1977874167
-468401325
-620035931
-679688498
-393685922
-5447299
-1836051337
635991860
1020940308
1268889980
2088485989
253741228
1390554493
1984508630
1152156285
-815568196
1603088446
-648281816
-1052086114
1619703131
1226275358
-204839570
447791728
190027224
1863925793
1212497793
1328990867
1774839291
369179861
1619538912
6301466
-1616211607
-1391234070
586803634
-2088844998
-855036596
1750604552
2114168075
-1186425794
1791288883
-1303397411
1792131438
-1852936258
-1312561098
-1191255180
-196947822
694167823
599434589
1345647309
-823959191
-1514278915
683056705
-451484503
-265243811
-1027753289
-1107652364
-1238360924
-969090596
839318794
-751554019
-1395092599
1232278550
1928732370
-118369177
1642132705
954424581
-1646500436
-524246500
761954765
-1033341011
1911047664
985812236
-640037611
-2090075227
-846377250
806574259
959489152
-650107435
50472470
-213294438
-1811104923
-1992330880
1490961997
585305341
-1488065919
-849461884
-1857522371
1794731949
-1304422133
970654176
-742251299
2115842872
1347560198
-260187785
-1918159918
256358982
1881428181
1705010195
1063043365
-2106917563
1934504980
390284460
510723893
78707784
937754020
-16334872
-1799786002
1126558508
-1412914936
19939045
-37526470
76971004
1397709039
-314656202
1574920375
605940630
1984717073
-601075412
-593131093
1400222862
417855805
1704694102
2100145204
1356008529
2123105715
-1676463542
1054886595
-365130099
1166663854
1498630564
-1775674677
-234571056
-1756155579
-1157940402
195865012
-1011079057
-328672397
-446174719
103226645
-524774231
1237343604
455470092
-30981598
-1652805877
143732306
-624179116
-25501597
-1743075307
1585508798
801931163
-1210678361
1634780701
1144952099
1695737348
488059191
836371571
-1593202184
1178243286
1993194573
-598409019
-73100971
-1908188032
-741970490
1256258245
1644514505
-991375652
1479996183
1521216008
-637400982
-560539209
157796477
-930124239
-344739284
2055848337
-1622306184
1151999310
-1323683210
-1623249760
-1545987463
-1730882431
775100914
-1556439525
-1340874023
-678826270
1416419492
1467998644
343836173
-1311865181
1844302398
508177253
1280136472
-1458822027
1388831665
-206639249
-1803753152
-942964437
-1784271353
1799861919
679976196
-1205387876
1644968559
-1511099694
2033459276
1792521420
744147865
1766594492
507288546
1814514765
843051076
-122586140
-327149536
2133911267
-1770181868
2142160370
391584491
163601766
642237352
-1151473108
1606398175
1313284588
1848939755
-879166402
1319392715
-740986586
568454314
1771919673
1136947295
-1070942710
1101484135
707325405
-1476635356
1140196274
901528428
1848581403
-350878549
-1484142205
-205247966
2065107668
-1305798391
-2066471534
1941931683
709709543
-13396350
1822390594
1363561100
1141855338
1541706627
-1623907279
-1628804584
-84481738
-1665340459
-843675308
686644330
-248462936
-2075299056
-1742814624
-1152035543
-1917782874
-38970803
-568220309
1529086801
1264890848
1457700127
356712659
-1137055416
-1232026536
-1810724414
-422891170
-493968849
1635810083
-775276395
-85166430
-1357404037
-1583267216
-1696004411
1304340903
-868453949
224586441
-321542070
-588432950
-867175461
-1443541863
1846060311
877499363
1937041184
1920990701
-1765616243
173168554
-959227371
1492721790
1833611824
229769046
442198574
1334610927
629303964
1910365574
-1917176340
282384466
-900466759
173053285
635657257
-1053029136
-443572947
-1685491448
1944231092
-1393428663
1672252946
-704890343
-657560032
541224537
732080360
2039707834
1525521625
-201980387
-1156612403
-774030173
1722763127
-116656300
-1421338133
-505883508
271961174
247742346
672937777
-1528948782
-1658160026
-1210237615
-601430203
377300564
-2087114946
1482181841
-1546401096
-1212169570
787469431
-2008209277
-419472005
-484201911
-516932041
-1031007687
-326367855
-197685087
-517611252
323684449
-357771003
2050662280
-531843846
-1139111031
1296191262
-390552935
2034361302
992131109
1756647634
1813725328
-883355435
-59656048
108551287
1154148072
1317406047
-1322200240
1344909504
-939504699
-579610839
-635070050
839168742
2081532436
-811607166
1161361956
1828062245
-1256907792
-1814037525
-652854264
-25101719
1080276807
572604397
445654569
-121081783
-1742778179
2057609255
-308619609
1245716532
1838614735
1053652646
-2087907672
-1438908695
679806779
-856285063
-1975257511
-118077140
-203290465
-1829460861
535862579
-436455242
-1380867488
-79531118
-301548929
-629369748
1207197901
1012372912
-13077989
-1527607340
-65330301
-906307399
1357062526
-1671778876
-500605934
1783485485
-200443656
969316955
-1352002848
1165284935
2102879550
184561717
1618335309
1277693518
-96432858
1597709530
-1920600040
947685418
489842606
-623388554
-252461824
973655353
-1928909246
-533601073
-192388434
745684579
-2137575618
1285457778
-986898479
1923971947
258622640
-1184861392
-1277656437
990735240
-297569437
1135088840
1888014603
-572409036
-182913512
-872450331
-1225699206
589226818
-1670694634
-805572278
1048221211
-1063842506
772901349
402593611
1989428909
585918672
1237024597
-1049388674
-1084692461
886753002
1943166405
-74838350
996845878
335515011
240516001
-1807427552
83510314
-2061215462
2063919660
618763488
-615031153
629268288
1691870847
-358492002
1249643577
1068885608
-1194010928
-1159980659
-1057269741
1535141633
-1682057225
-765916773
215283519
-200726074
1600462638
-1081028891
-1154577790
-1431275692
-675892200
1218367340
-334163489
293776636
1897219844
-671480823
1215264385
563071706
-1883789454
-915732834
125128413
1273319206
1317576405
1922584462
-796180201
284816073
-203213926
991188590
-392648795
1061165875
-274622360
-1100969476
-2063573966
-1886579349
9784233
840127311
2090912964
-900698521
199437129
41850960
1860026144
74972317
388399294
1545040232
200828524
-1148031271
-756397753
-1363736966
-2027901162
-1618250671
-700957065
-589838573
-1678449419
-92679690
2045862644
-344886816
-1798105171
-978781940
-1818486916
-1974886560
-1481514666
1267528444
-812647383
-2018130983
-227773601
-2115455384
1244144117
1093065871
-1480061520
727464320
992497791
-492422093
1245135886
-49228397
101344270
-34723174
1925297604
26202089
162858966
-717206610
-809690242
-700965937
-630370182
29819305
443469687
444967410
-1377240366
-1334952321
2054894550
-122824464
863982317
234059931
-1938121899
1798953772
-1512896679
447985358
1281464356
880879073
-399545183
-1413879932
-421210868
544423289
209188118
-134285512
-1126245162
1883337503
-953098030
-1980736983
591426540
1601070994
2048158201
-1922499251
-142972863
-1009621188
2065166658
882102918
1977219950
1803613059
-1174868299
-1041339373
-1153479907
762121566
-1985893706
-837461176
-2144904278
-1720773334
154272577
-1268038015
1316595974
-618114115
-495402634
-45684140
1076060639
376275131
91112280
-563906043
680046845
883087912
-368476719
-166587586
2021046511
-1911971522
802462457
-1570621185
-1446566426
-374861695
758560919
1583516115
663779808
661790480
-339965209
1945773380
2009888520
1273668924
-217978979
-739347313
-2045752228
668579422
763002153
-1095742821
-628594544
590234596
-1317520835
46567207
-282847439
-991011411
-1582159477
1348200771
-990163954
-59071593
58115539
-1881662207
129712339
1470020693
-236910052
1388646507
176998645
-1372461691
488096321
-1781879881
1941012437
749203713
-283975761
-812906311
-1606208225
1814315892
-455420309
367240600
1783839604
-1515870160
-671988134
1352896196
-1352827576
1341853247
-941984580
-1982221273
-2049082356
983466679
-1549313543
1860689306
-1391354482
-1416299438
396380064
-1228803430
1004235680
826723389
926313132
127699259
-1586386440
-735197136
1080733192
-58658724
-2038208938
-1938587202
-1353662124
1624975643
1169778411
1449860846
1861568489
-1603697781
1769315065
-881350647
1959359514
-1136864604
-1467584074
-1398219083
1293324989
-51156101
645806966
-1905921470
-1507833111
-1236769870
-1799554808
-1575049917
1422169600
330548017
691879263
426817632
2094314479
1483709717
236651892
-2034717078
-648896588
-1174322200
-355095957
-18727504
-1183660000
-224064238
-725855756
951976592
1325011166
2079217552
1359380724
-328775856
-846438477
-1462449693
118535267
-761400018
-1996473850
1552087882
1448027255
-1247411531
1863333539
533330994
-1475930622
2088694610
-1626650693
-849317395
453074455
995834918
2091983151
-599049822
91159540
2053677596
-361218291
-1824995708
-647828197
-1149770434
-1622192038
-1233670330
-1194156095
287526212
348391953
-809230642
-1723816084
1811475310
-527063445
984554536
1129027543
1160160659
-2141612959
354278845
-376100328
-9216392
-2093147282
-259089468
320081924
-936259739
1834416025
968070647
1495603666
-678500619
-978832974
1204568202
399938045
-1553546962
471578587
-1624257448
-516754577
921210064
-607618486
1509654111
-385983013
1292038641
-676196276
-1039496594
-139694998
-1189622327
1501571468
-947624676
-410365287
-502310966
1113935765
849985788
-2005703839
-1261435916
2062662548
-1252545778
-1289460073
765572710
1998013538
-1942259081
-1482399595
-245883849
879732930
1479116660
-1065373670
8994182
-1842955802
-1733042804
1761388142
1171430607
-1208079816
-1992467195
-583074359
494958464
-50789290
-1801912424
-356396555
1309670347
714673757
-1744030617
-203030734
-1489074242
1735957865
1887864622
1288506201
1575306640
-1750098596
-347076935
1888943427
-1895712452
-1290088225
26418837
-23345557
1094783827
-846688858
188602378
1033839313
-76718834
859732215
1291957832
-1987570911
611897762
-1317009300
1576575455
1829983508
13957336
-1896494346
2129172340
-1098220010
898127580
-950944219
914820529
1258265641
1297007956
1082995623
-1497872771
-114851576
742246836
450956046
-707395731
-1041556593
-1675133744
660685782
130823545
-76905639
-326379598
2016488357
-1533939726
-1313695062
-577668691
-522867500
-1485879629
-1055888753
-478397518
-511737554
1004607382
385588548
11085025
-1518383882
-989978838
-1975272747
-1803774878
2142365230
-901224286
-1480455161
925414518
936594454
336677135
1217152888
167742152
-578088206
21322193
-675123964
1533360649
166545424
-472308149
-1965788310
-2119415621
441913865
-10059563
230861871
-630259381
540971334
-636112138
-5897791
-1181335707
-452868922
-1712522030
821785568
628047492
1597536029
-1957423135
-1493141959
-1187562041
2093578175
4239585
-1675356845
916262155
-498883458
89918733
-680852050
-836380875
-1459648687
-222212465
-236781271
660848079
-1298756522
1408699442
1277433508
-1178461738
-1786178535
-1380044709
1151651813
781481425
-1262688746
595284793
-1936698945
-1168992987
-971913348
949945403
-2112103824
-1631773529
-337495501
-406538558
525025867
793489523
-568154080
8865303
418013846
-1510040837
1110539943
1501906079
628852405
364597602
-795935119
-2063693235
1564035975
-1577293558
-572800146
-1357400489
759992591
2131939947
619268381
1684510764
1195205207
-742429402
-1432883446
-1321356380
1152382864
1909016921
1710375320
1162892409
-991086979
547760693
665684736
-1351359243
-1748478702
1485839820
2016669849
-253461523
-26639784
1455177263
-1159946151
1657132525
815774099
1108602808
-1942302053
1913466292
-1696980059
471019683
-1061903326
21735394
-1072977228
-1199321629
-1675686819
872891887
1237427210
1240895795
1395422188
532386911
-1310673859
-447169430
-397430942
-361068493
-1828105841
-166369773
1200448076
-2118565982
819431575
186092348
-1278079374
-2074371576
910681888
-721753458
889410396
-1530078433
684044624
470219933
-1805180393
-1977430676
805618956
-227500671
1835264313
-1523836933
-938750053
1511275429
122223905
253868877
-772163191
-173826082
-1308704637
381610385
2069589197
2036310719
-1619898077
-855527918
966089005
1210540843
378060000
-1878386703
-516531487
-1272196566
245498611
397728787
-700455050
-2144360448
-193698440
-269901220
-1127635723
-1675028869
2123157294
392458780
-1624977596
1604045965
155799930
-633015863
-2113531957
978788121
737083057
488992239
243444570
-1834128623
-624122730
-2094605469
-1357370807
1006044352
-110089439
-159496002
-154935584
444876900
1141676930
-1562152183
-912134663
-2142789633
-1131736219
-620269131
-874398236
-122056082
-1633605514
1496690125
-2141720694
1476800442
1525383206
-290416530
164906452
1119121069
1404280751
-662776714
602152781
753749928
1794390102
1517602682
-149920251
1016191156
-1063291921
-309213698
1680873912
346832598
-295762522
-1400418593
542562352
2092552358
1128137467
-608957932
24709095
135296546
-366425842
-2008842603
-1856665361
1652283839
-231771620
-1883327590
-355528682
341544641
322674505
-1385615096
-69365691
1531758795
-38626657
-527887576
367154728
-503351111
-2088168106
91235737
-1246774765
-1954553171
-169998763
1845967239
910134307
1497039207
1871080696
-1258542307
-1289642332
1888832218
994835476
-1278850504
1549669042
38840827
540864823
649861724
1797081890
-59260453
-1349805005
246455787
1864477090
-61747720
174086877
-1539465069
-549619170
2051257295
1391004946
-918309624
1689366629
179837365
-1222818566
1484773875
-653763572
1181849318
-580995184
-1130235351
432535186
1195856094
1469165921
-2024883168
-880087100
92117479
-2000579693
-1205185378
-1462166430
2062640371
1210162473
1538347186
-1361646845
-1922653525
846890116
-1400927513
750289717
-38347833
2098832684
-285950025
-1725615384
664706207
-1285634608
-1976994498
-325464565
1119716866
-833504629
287189551
-811670409
709236550
-864458904
-549847029
160559628
-484997728
1539434280
-355642225
-2029064935
684537013
1339546178
-2103443859
-403056895
250913904
-784653782
-942005953
-1828834534
626255894
1017875669
118607032
-1185642536
-902301034
599143549
959896348
-805548502
1029932069
1582471073
1119470321
-1113918685
1051452682
2129309007
1138839542
739692509
1172019638
-1642497627
-200378540
219102105
-1152496617
2116019860
-2115192045
-826205141
-1423170003
-1614289689
1870713039
-33974124
-1385219620
2003442051
-236027990
128897520
-1271459324
1900714736
1290398084
-2081372526
-40124210
-1798995176
-1336429719
1516421997
-143458487
235690317
1055048011
948963253
-1081134540
-1295935344
-41584400
846495429
1797875741
919590415
-1720729555
398242883
296002730
-2136060945
-1030608300
-1966184831
-85324490
-1491284916
-1867904790
1541233446
1568852639
712859773
1043420061
409360909
-175262627
26351772
-481256588
1352954476
-386131753
-389427388
-1574929080
1462955576
-127781135
-458300004
2020296562
1699780552
-883082007
800537492
821479109
777991608
895082595
2045044846
1919512254
1099194639
-391912511
-644122752
-614641414
-1090578012
324541624
2030415159
1567004647
571980989
-1990733792
-1767630753
1929017534
1455833592
821393162
173863840
1769918640
1300554350
-2097135337
518658891
1218044255
1854115348
-1017845753
705305430
358408335
30593893
-1435522928
547723685
1918586653
308485437
602174576
795517067
1215056687
-669029624
1985982917
-1468822129
99766700
272164635
555948956
-475551630
-1621548306
1009450849
1310169031
-840980880
1245757110
-833231814
1338381810
582524358
-1731744928
1082626463
-48837640
-1029427852
1121320023
-1146501495
718758770
1517083972
1668139978
-900886893
704507025
-11404790
-14869601
-533511715
1252502061
1531867692
1241010600
-914874572
2083523357
743601764
-968637676
855696495
1538090184
-680533308
476447527
-179631845
1357267708
-1837779974
-1876694739
21266266
-945069826
-1686696747
-2117959253
