-2140911671
1788969604
484545892
-321811038
452878106
459155866
-188579069
1159828259
1261291633
564179602
1928481352
-928601636
505262090
381276207
1554509268
677855729
407630040
666660833
-1748030177
1677104813
1634747029
1287802949
-1943588179
1677169317
-1335904997
-1559954446
367096191
-1045999074
-1638134542
-482005902
-1840486964
1386407851
1478743337
2098649486
-543347472
-583907558
-216974743
-599230258
-1297733468
966556304
2061697862
-1677708993
1199055216
-1498970637
715930072
-1013840010
-1076978595
1822989447
370956938
-1212267051
50288621
699370715
-920970191
-264788724
1647322191
-2069723418
1607476576
558168290
-803894578
718119020
836780794
-867539659
145750155
633060262
372175879
-1136500929
1789157483
-328944607
1242324683
82771738
-1943500718
1561785829
1151664916
-1592760955
1078621584
-1153375526
-418791981
-1116390936
31304859
799058535
259781102
1485210773
-1227868162
1487370076
890432084
-532649648
-732648815
-1907943407
1150077265
1738376721
-378695446
1445954767
24025379
1888680455
-46529005
-2047612818
79450572
-317237024
2016042877
-35320002
2110449705
1351552583
641672243
736714794
-683951549
1738339758
1675871058
1870185498
-1554912028
1191062093
-1978024520
2036670361
-590901651
1459901289
-121620742
830358200
-716074266
816967897
-1441848933
61502257
-1503724201
1336961989
2015132283
-1812269874
-997143979
831516593
1337280397
1071002635
1747808223
1128091577
-1975824947
-406358278
-575928726
1771731997
-573328784
-870434714
-559911111
904547328
2135030620
-1132097221
-1106048014
713596780
-1500634406
173954084
1088674670
1416895897
239841929
221036406
1149374416
-356576401
-666691179
840231244
155087320
1649489480
-1868713431
-2123413006
-753916551
985419513
-1782044127
-500103034
822649768
-998108910
-1371127036
-1334186532
1110244726
-766926235
-101835471
626270626
-1153975200
23566021
280003159
-1613752892
-718801946
1661166607
427221802
-848739311
230119513
1783730798
-151585709
-1891196386
974810873
1040854233
-1847109977
95678314
-1492440257
-944294432
1996428955
-2124463678
1078955382
49226920
-690041097
-55020569
854791823
1296805428
-844674358
-712615315
2038637878
2116902629
987660957
-1851792667
-569667552
-815740861
1603416299
-1208647362
1804734886
-1782429955
-1549092400
49909608
228874391
793355566
-212313601
557613881
1366676041
-1565057823
-173027079
-1224991084
1313309169
951025367
1026226811
-1649214008
-1415218892
-559054457
-2062218441
1470638133
1621804541
-1240826779
187786439
458524468
154528145
-1665068185
1181168862
-1485936840
-905630497
1454413508
1093358528
-1966512336
-2074909156
-581952770
201659891
-1522828752
839058319
489458979
1495401782
916315983
1710124969
1820149582
-659049294
-787794990
634528344
1892608372
1311908975
1374290825
1169552284
595360348
857761801
-1536853127
-1929346215
-1716841233
-1380416350
1709974203
-994522513
352101809
1894169114
-1670988381
975644935
1651670159
174828413
-195576029
-1303869905
1698739930
600840893
-2060063631
-2036640599
-673200749
875309984
-631564569
66556160
1320784873
774595067
285872171
-710931237
-1583083009
1721093920
-1096991601
-1966302315
1546856433
-2026233196
656500666
819065868
1023956248
396071429
448184199
-1190831176
837189517
1669450874
-1051977427
-322474240
1974777836
783838412
1055319199
486709960
1459811674
1211014996
-1595117004
1780423502
-716173880
880733925
84373130
1865913398
1367371384
-1947046660
-1634813784
-1804167710
1726568639
2039589174
-973015454
842441735
239904525
-351720447
-646280447
-1241280132
391994922
1263429782
-1958620126
-315275947
2461378
525163046
-1763716898
-1815528144
808078115
196493395
1677301547
-90087218
-1749895868
-528077087
847330177
-1952187675
-429692664
1767662765
1008406208
-1113461965
-1213217084
1280941533
486430288
-1700436522
-1145642498
57005400
-1855528311
-761474086
-1875240840
2022451576
-2044778667
-948262636
2075628908
2095306750
-385828076
2015118125
-594328296
-579304122
-71082049
1775707649
-203621252
1645429435
-162465201
-22206167
-689251999
1508444300
-128508833
756902614
552279709
1229624991
-97188848
-2020533280
1442910357
-860032827
367998508
2042657054
1890883075
1218505263
-4188531
-1151498761
1890885881
-1543277535
1567564479
639065145
-479681498
815244261
1108259556
1793205545
-1278371754
1282843649
-212179752
-325251110
1272927807
-78576469
888051093
1039194306
1855408249
528490365
909348055
718714505
-1433028146
-2028109212
1616723714
-1394556892
-618970188
1227986398
1015728451
-648404958
-1555291882
40497764
2099186678
-2098812602
-284202662
584784164
-2095184057
-2102484907
1501067167
1717076978
116448795
278712111
1925775942
-1440137088
-2052283600
1006777636
-1812027724
-57767219
-954837886
122939520
-1815679659
267721435
-278877968
1206713703
-455013917
872487332
-1337551841
-1358461464
-2002461721
-718278322
166700190
415039307
-1243942016
-137728867
-1019633589
-904937299
76127842
-1886070360
349504244
-586924337
-2028519135
1381114831
-1722268863
48904490
677544111
990517484
944243152
-1637669819
1635057699
1716669895
-1588558175
833905995
1484633787
-270772785
-640733005
1070150359
2047615524
-1367129593
261143535
540094226
-581576456
-247620802
848527685
1436946176
1222918535
66603907
48960788
-1267473642
2124443865
1253190358
701818831
-406530801
-519080461
578233122
1675873500
-1819644161
1475450201
-1638588566
-1608348737
-1446264920
748370132
1096038979
-1821646985
1589702667
-24733835
1495195522
-1976006616
479862338
-888579623
-560081611
336220921
-1487367796
-1341538643
1033330646
1956985919
1476303785
-1253899404
161478077
-155840549
-1781810328
-1436478073
413021654
1268263903
-243280771
1983369053
1359680916
-85833353
184127640
-52804084
2134014501
-1938001914
-1842266702
-1147475185
-129519385
-8423793
-1294811735
457541193
-1486587111
1497413462
1389255439
1047546954
1052811477
-1728915002
425826110
1003590864
-908378306
1064228501
-493468241
-2024016497
1395541493
1581685285
1413974155
280675636
-57157680
-411768531
-761167230
-555398489
70025933
-971740264
1007276508
-1088480112
585139012
1254228397
481044685
-836733667
1587906140
971818863
-2117626100
210337281
1635622847
-2120717754
562976934
-261105473
836462225
1564259550
657669646
-1660557529
-2119012963
-1279822514
-388169351
2068813857
-535131439
1660166525
-1499800
-1009730391
-795106836
960421312
1617754246
-849532647
-94443915
-1284585016
-327320909
-655153490
1407043822
-2089961541
-1213046944
-1978861244
-462027959
308392351
1893456157
1046379876
-1613924197
-148967169
-1204397457
1136665216
644340751
-355521336
550606822
1062782332
914051868
2099601779
698161007
2049716080
523273978
1698920296
517857510
-1119077204
441309521
787049377
-453630993
-1085870084
-2079018957
1927011982
-1834948858
759952940
705891660
803876152
944837587
690511310
1998251096
98203816
-1920699198
-1042315462
-273423148
1996767113
-1596950573
-745238315
108243704
1187540492
1299696302
-1125661802
-973894685
77596683
-1363860486
404734918
-1780846312
-1284976271
785960430
-844199418
-1662748887
-987129640
471582247
1344170134
171525041
-1157756813
-404453700
259236051
805127814
695476525
-1134113649
1741901057
-1894163921
-1717320686
-649531675
-1257725366
871856019
1357573614
-275866567
1183698695
1957327091
-356546253
1488064588
-1370621635
-572397542
2075261471
-1311631488
329916777
-194317358
-1463170786
-613649562
-1667043968
672213146
1561857900
897676437
-1398431696
-1581582187
384928254
-797516355
999997548
1691852484
-788760926
836592635
884552999
-354154121
1599905636
-895655826
-74917538
36665344
1762277428
-1220245751
-2102670244
1449115562
-2029620539
1417131690
-340393415
-591369239
1089137847
1713976939
1439619235
392637906
-1233167369
1768223800
978367456
602623693
-1965875866
1535744162
-1487476717
739580552
-1123120712
400458737
-2140507459
-1681558482
1342846110
48498815
562186374
1990527704
569932327
1119647299
-929809603
-47324861
-212861341
1122093996
-1036010467
714677443
233571145
-800776272
-1091830190
1332105080
490846426
657594659
-213434950
1976611262
-724046971
-685635764
-1045615121
1507458793
-585059123
1062170548
-304687739
-2066093774
-290778584
-2104220351
-1718199920
-1208198933
-224623062
1730755716
344292712
-519574790
-1144969245
2021749070
2041961135
-1402379644
1736623236
-1813261943
165549459
-1374158361
-2013399224
-2060074684
-2039508656
-1951269138
-629777519
-1939821553
-1363908360
2087683647
-572965552
837875592
-1949454218
2055078424
504392618
698420022
-546946608
1010604090
1625100760
-1264811627
-1150379349
1173230372
437041742
-636168591
-1149596140
1560521348
358146078
1480730231
1117900412
1348951786
778285727
-1510484984
2135987204
1281612990
826994505
387851600
1233511163
-399304076
-1301023261
-505466985
2077308580
1444685309
1354922719
-1603886122
1949930556
-526658176
-1935836156
284774541
-2074850758
1587236682
775707469
1830972627
1332862936
-244146942
1223705617
906100910
1059846354
279232032
-843301277
-660013404
705114477
874900895
-2016373573
-148577646
562575034
-573305104
1604612053
1789258171
-1119117541
282359346
397593816
-2042087389
-2086385914
-1593213024
-24235589
-1581678819
-1371785720
285583946
-1890532380
880408867
644894733
-922146296
-777738991
-1760506139
1642026718
1492264106
-939869573
-193381980
-1205272598
-1328083340
189022776
-997263681
-681434552
-75114039
702929632
-711597939
1636778236
848948773
-1310662285
274841710
986117496
-125429168
1452951930
-1386172900
699530854
-1861290544
527717227
35360838
-1422461276
2005231006
1608697169
-1142582689
175896719
-1965541347
-1443395156
-1364417614
1078505860
-1114698681
1675614357
325735353
-461919836
-902825943
-173519066
2044043183
-1311915050
1857331857
421566744
-236223132
477837841
-355810300
136155308
1156411215
637114843
-404274443
-1880950577
131190249
-1842445044
-17670348
1366046072
68448824
-1846330665
-523853660
803055188
-593920599
-895668982
-735871695
-2032236635
-64029917
-920377964
273672704
-1003127449
526808408
-1639530424
918047719
1493183668
490806877
-808043297
1117158174
964724584
-1229038468
1985932611
459918903
-989811192
101044297
1173537802
686841931
-1946645537
-807196686
690997056
-458094987
-5336726
1054561243
-957060247
826321028
1178546421
59240554
-774890811
-245829397
-1098055291
593426718
-329356075
-599160836
-615142408
-489023258
-1818242530
1085689429
-238680469
-1018025040
944420908
1580223130
413794779
-451361473
373058009
1081228900
-671396338
-1130180287
-1914622002
-811788680
-413411405
-1154178912
-1428196022
-959534533
-1288207160
-1313802216
97121570
-652181915
-1776626885
-2077101047
2019111688
-742162699
1283603924
-2010393203
-588462833
-1916214172
-280982703
977734861
-1088867986
-227035107
-505910318
236983440
-200317821
487697451
1896351863
-168758508
1123484443
-69125581
277571911
-65965023
-685433616
529939877
402969939
1366847578
749536114
-1969914578
-867659494
-1942374955
-1956558646
-2060265616
1312530223
1285645806
1094134555
-1491794187
2034984728
138861656
1935601674
-1770180256
-1149344135
-1921092748
562558080
320583141
-830713742
-1070417435
1894741166
247394042
-437371068
-1063064220
1631932497
566221646
981326906
-703738160
207769398
249291258
-876305978
674046856
-1484805632
963257846
619355113
735541245
-782771415
-1932649267
-507098408
509802370
-1198195642
-202351468
-1958376484
-1984074394
1097937806
-291384040
738307193
1843053379
1018295708
1348266070
660540370
-1000566632
-1251008652
-1290070481
2025516619
-429224043
1386425539
-1859309732
-2093979792
1138559798
1167199850
1701790622
531070485
-2091410797
-2098698947
823181114
477097661
-838615691
1515005191
-1665373276
165359679
-864014804
1933304785
-814528646
6266534
-560792417
-694265501
1932028339
822669401
-646330717
-822095093
358310936
379083131
714383760
-442654820
-1278093070
922288532
-2099410671
893630393
1516779524
-1479299216
610756412
1427449427
-100870469
810995527
-616756766
-1588333201
1089984419
-1946798307
2007603495
255107884
522556701
1077431659
-25599148
-1358601468
-1748991153
-790858241
2103120363
-1246646447
-1595753125
738257184
-1552507909
1345253139
-1905872430
-1716758283
-1714386506
-1729678352
448897642
-1585313498
-1587192512
84104315
-1311118609
1823292611
1330787529
1170597560
-1954135177
-2089083291
-954402339
1832705760
880964057
602441362
-1853902342
-1381509536
-528933281
853230693
-130038686
340606759
-1115045958
991218798
-1898755789
2069432097
749523510
1969648086
-2128366156
-1358729218
1506266670
1133350343
-1226933776
-2132336841
90542529
1285568778
-138845303
-1655068079
807350725
-581338127
1025104325
1242178403
-1207147013
-903997322
-856996116
1734175190
1246889092
-1300147548
-1184742698
-952614036
1901609108
-1331471563
-416329025
409174403
446275684
-1741078404
-797093283
-1246316903
-124330387
2074642821
1011145268
-805683182
1703619026
664723321
4142888
-516315079
1430223389
959473991
1700317012
-1672764284
-552408530
-703742591
-1003761639
-1679477733
-1875292561
2081197699
-1777720968
-1243503973
412121676
-749964071
1219304100
-775851242
-981473054
-1896645662
872997842
-2130806946
1432206582
-1173072720
-868683436
-319580286
-435205080
-83209422
-1974918171
1291521433
2051713383
1840617877
-1627383226
1481513405
-582884697
1724126694
-1207662583
-1503825318
-1814567471
1440364027
1795204524
-838208344
1208631547
-868715117
151260648
882465141
1580872152
-2018956612
261463115
-927272408
-1884112782
139736181
1508647172
-2001948159
-781147882
1372352403
-455213571
1557202853
84720014
-830138904
142934319
-167097639
-218651243
253455264
-1399517136
2033762957
-1942354297
516120302
892958992
-1954248932
367192664
434896360
-818545562
233620690
-2072398394
1981474480
-934943579
-2044058962
1097334226
944510419
-981156173
-544583320
-626850709
336967413
-1034844228
608634549
-1390162836
-542778452
-1210686398
-549787448
-1606944567
-643154772
-580111240
-1829032420
564456196
1016097061
1840421328
-1232800400
339334373
2022639720
1755988434
-853960173
-1828408983
30347728
-1582790097
-690648991
-970368774
-468312353
-1780952554
-1505667443
2056856800
-1614726233
-1368322875
-992664160
1591530999
921819499
637823330
-379416896
1275703970
-1413167227
1404576778
-2015780683
-1508503553
-1954195831
2127287338
1713484201
-514803109
-313718358
36162574
503777583
-1895698200
-1767736740
-1212588617
80389766
-529274707
-1129295302
-1215424272
-1779325155
1896614589
785874730
471619235
2093355353
-318938709
502138303
-180837016
-153942122
363850300
1286477278
-216208546
365078380
-293618850
1206863267
-1008774850
1889802547
-281921191
2055083653
486820524
-268135480
-726742972
386148535
163074000
1705924752
-1620332103
481673425
972233765
-1400050756
148320716
1067418543
-1332771184
-1083831090
-250618056
1975094425
-1686092108
-234146980
733930203
-191675996
989543300
-1465936876
-1994804636
-893547945
939132697
936047103
-700956086
441404560
1896354757
930201609
-515382529
-1724230744
860051047
1947162305
-772653723
249890261
-1107926528
-917028260
-1881988480
1591708624
1451729030
-946934529
-1487986067
-2066657609
-1310538504
-731829955
2076712595
270921779
-46216526
67199197
1816939287
-321969955
-613149182
-1198756895
1622102933
-69011235
-1824814598
-135179325
2009372428
1899280084
-689395833
-1400076543
-278089960
-2071983877
-1128396350
-1102823204
-73943449
-1818409844
18666373
966601051
-310312347
-910741664
-1497046463
-332762730
-1887419334
333529049
-1234904561
-634589136
-283687691
402093825
-887726332
1550385700
1705160969
-442550029
1716785097
930296772
-1417173257
-1261254791
-1464068759
-2094008833
958332236
-1613282570
248208492
843244514
2000319438
1779914118
-1897215195
-1443996575
103760882
5958755
-504821432
1538028630
555009168
58106762
-1651462977
785810632
1117590745
-753678435
-206315587
-1035937424
1289290376
-857992693
-1945906158
-402373767
-1667784873
-882736275
-845441087
17273991
1730492852
30736435
-1685381425
376915451
1026862260
-1541893249
-1356294563
1299828852
2063153991
145521744
1488671993
-380405864
723937965
684615907
343211056
-636187117
-2081517528
1176274005
1944231783
1847162335
-1318058509
-1583859059
-733412374
1129570502
1401699186
1354159704
100421189
-288811740
-1658645334
2019253716
-923488046
-450282767
-1017099022
1298616594
216461203
723514623
-1133522710
-716820745
-2143236799
-415315329
-1194769492
1219617890
-959007324
-1905908535
1217536834
1579977107
-535742171
-2036734629
1922646103
1921913290
-633459295
2138757154
-882541264
986370350
110266495
-1553037832
-1275263012
1023540464
-458799612
756231022
-1599503446
-30307920
-301141531
-499787830
-1554983461
2145324063
540452125
-1000540077
1782679960
467369956
-2051633919
-1084632117
-1630732507
-297658173
1288916881
-730351044
-1376200105
489718268
35578127
-855118601
-600546237
1555640305
-282288427
-1116372263
1519768631
-495540214
554550115
-218313520
1676588014
-1859067172
1159235511
1842740893
558224126
-663475064
-34634271
-262463526
-617054827
-1744099487
67383510
1571653951
1739319908
843306193
-584551037
-1881181664
-1672277030
-469645188
326162725
-1427484103
370962581
-451024475
99199191
-150791250
-824295659
-793352495
-88666516
1986629964
-1395697486
1511505833
1533091454
954219796
-1916420145
2048002340
-1500892217
634309370
-636265136
-2011443227
-413193297
-571946006
-1418944184
1020673249
2146850853
-95476469
1120664311
1855742020
-238339407
1640148806
1342200819
-1627273579
-1949147958
-2132620535
1304705700
-1211974633
-1853761180
-1059394489
-2128754699
-789912974
1860201421
-1131519293
-1985983417
-1625490285
-596240455
260170382
-1657675863
1915819215
-1072251237
-1883860786
-1267207866
403464526
-30394827
-1130194752
-130002402
-941061466
130724978
-709915393
-2090617096
-1787414330
-2063358861
-1838737147
318367127
463538709
666384615
-772094222
126288171
-1032234790
664162207
-1084498548
1481419274
-1926597922
-1390445983
384080518
-178199393
-232118449
496189691
853822725
-388498526
993578726
-1150095205
-915139489
577622409
177680972
-408777635
1611810597
-1091676866
1229583033
-749751514
887015011
1147407889
899176670
201363119
171098406
1628369647
-210850300
-1229316124
-202200003
1553268948
-1339391115
-565281682
379679300
1812022398
-1831236582
282644878
-1826086946
1094536034
-1487279003
-495566804
2142605377
2029793251
810886257
1420289583
1917705718
1707979969
805107814
-1145329393
1826200545
1199776719
67369762
2069796263
-654239105
1517741032
214015765
-497751729
606092655
-1646069213
202109292
-394192854
-1520196301
2055334469
609182577
-1960549188
31994167
108571255
-1240512975
-1093083970
-1195237871
-398483912
1065344094
1181601589
-480164855
1798032532
1905600119
1590497216
1243363804
1150862742
-437269211
-610231502
2030329789
-1815680262
-473707032
-1680510624
-1832839524
-2021060570
-177549838
-778979269
-967792727
-1223187109
1594767186
1946254368
-579756005
-32579033
-554466219
-474046098
-1403017939
-1577016546
867654952
-1177691303
-591723416
-1185288503
1248488386
1584643069
-1121811417
1927763421
1749879296
767701429
1367029848
-1438473553
1075129873
-51378770
-1118150785
-1960342553
1803303187
-91148362
1992395776
995384947
-578253826
1843401561
731749789
594989759
1524696769
1672804910
1551716156
2062844194
162977194
332029806
-620995347
-480138853
-1934348022
-1144921915
1454147116
-831503684
-1843072232
-263788436
806744162
-145980443
611854357
1693017207
-352539215
-1241817419
-1719141199
-367255701
-676238351
1671601086
-1660440915
-1285059053
856657908
1625919095
1179476928
-946133357
-567590639
-1088646026
1554516671
114595005
2111187168
-1330850850
768584439
1205165987
-414586046
289991957
-1711225379
1419039852
380869283
-798846022
255438569
-1098560917
-431248254
1304445654
320535998
-1428089747
2103063089
-1241939888
257588877
2009379665
507468249
-944807002
1506428091
-383705634
93617089
-1187359782
-856964158
-236310064
1660565455
77672617
-1021242796
127050292
-898865330
-331523326
1393343429
-1389889803
-1958942991
-2001579850
1506984873
-847875659
476216599
135712619
636731324
-372904991
-992386992
-1852263722
-1918555134
-1036123649
380051999
-1882979800
1679318319
789651529
65798657
958980297
-1135364792
2071151743
-746066771
1118000707
1012399753
-564492039
377072542
591602048
444993673
643091707
-863827762
385944376
-942201957
1721699916
-33232189
-1370330204
-172198280
1365264393
1320332494
-1132275849
-1398724070
-424482122
283916178
-1731778546
-1034717206
-2025504363
-1870488125
360469221
-867654116
755652923
228802863
825738317
-352231846
1106918239
-505297918
762720603
-1475720545
226071541
-1172747707
1913722147
-512811931
435032955
-1537093721
-227390170
305422851
-158981487
-505506432
-587167480
-2117153201
-628114737
888597778
1572241797
987027082
-1994164014
-2049252847
-2055066970
1972488829
1386625944
-1253471899
-936880849
602917599
-1225464563
-660146131
2101113691
-476036615
1278414821
-1362352377
-578587446
264290956
-1804677460
853230990
-1072435782
1723101426
349751322
-569949661
16055669
-1983358334
-1653521236
-2098886160
-786388982
-189046984
1694499183
281888042
-52062401
1101566357
-1539974114
-600337515
1961850565
475869380
1093971055
-431452851
-2030280787
219259134
61529769
-1310651454
1488520986
-1072757202
-1502239878
1813348100
2024055864
205612247
-141178618
-119123136
24691052
1079012661
1869648195
131771017
-1683985203
450319522
773265795
-421105956
286096338
-654941893
-438032558
-653197218
-1854810549
1828654019
-1083609471
1105331175
-892470123
-811213882
-526211966
-1024584253
-1415234296
1999856129
-1175063306
1043686582
-1002746700
-203426559
602844036
-1700628160
-2109327539
85726217
1511532268
-1206407901
-642065821
-616459208
-148084389
-1973545182
-1257676843
-1303905301
-701834752
774958858
-763204729
920170592
-2011100194
-1781748235
-1963659182
-842671717
1622711780
1125740237
-1709187012
-1733222260
-1053128646
1358713615
328346600
266185585
-1544983843
-1277956143
-1723415217
50003065
-1382436499
1189086981
66165168
1869387434
-2105040827
-1584066305
-2100447547
-1536389885
1658363596
1088444980
-921956553
-760913948
1547064074
-982927036
-586837422
935447726
-1379442050
-1658052295
810191612
1295479718
1806887981
-1534159855
-1428915741
-1770293218
1821970430
633026937
-1774264587
471760598
389814085
613064155
-616651243
826257055
-1774513507
1714773402
-1026086133
-1784899775
880279802
-295780196
-1857615685
1249780382
1808847869
1395591688
2039883673
-769592298
1383327114
-396591024
-380518564
37345837
915255959
829321585
1268400113
-383961493
362213190
-1368017031
-1670228558
2082111363
1097287734
271221065
1753054423
990593463
-1834851050
1494705052
-984623060
-1423490694
1935278202
-713689529
39337732
1747297366
1595484401
316768706
361281132
-1731378161
205127510
-800554778
1483786660
1100255241
-1096251802
-171050248
-37718582
1326686438
-1958062189
-2623003
-1553883944
957440627
-294891241
1754833103
-1514064944
-400623676
-1273720501
-1003247928
-322920395
-1857897059
271078200
-1116063268
358283453
-1486450925
-80052114
2018741844
1402019139
-682413966
-1596912620
596155961
-1712662014
1799160929
1648126784
-1978802921
1577748992
-58429628
-1224884600
340648962
1202973895
932089057
-294813479
10770909
-1065475238
-1128195003
2132660102
1198037977
1903429735
351716840
1955635108
115075644
1885689784
-579919857
-1937017708
-565764765
333338863
26219889
1742171104
-103799031
-236781198
906269213
-1613385141
-363863095
2112209315
991861402
-1203915230
-1309343519
-1925090988
1646342479
1943775960
-1475806664
-234811526
-1132941787
-1854197295
939029666
-2127083232
1932422250
-57459587
-904890271
-1747780707
1649341176
-117081175
-613003282
1442653705
-171443562
1133834257
-151515398
-656409108
-843712867
-555978695
-1380973137
746462008
628032478
-1211680900
760587322
775679865
-988585533
840618597
-1229286771
1143798858
927586739
1455619133
429588577
2019130634
-2041530181
-276479516
-673943174
-112691248
988954474
-1882489372
-1987671506
895838619
930458619
-309231166
836083751
748159437
781468345
561217687
289346407
1305977050
1695283359
1587547872
317436812
1558941244
-1981832130
2085211025
-1502825131
-1172039254
1206835427
-1620965777
-485229468
-1175970936
-1316106248
1713829791
1843445061
-139097952
1583875242
-324707207
1124449198
518720786
2071881164
-1292464735
949922056
513532553
-1094958598
151085656
-1786878163
873354671
699159041
-384469745
894972787
1821945570
1804174718
-1340236483
1998716393
-359173593
142439876
-1868582287
732852448
1165175390
-593976573
-225645398
1029794989
693842871
724492197
-1102613018
784989100
-71419548
-519795205
980877560
1897464454
-991929712
-1755343848
596605342
354169015
813312655
-103208451
-964025902
1574499658
-833945514
-1896094218
-1887260576
727415783
993806636
1317776194
-571521864
990508559
-614804831
-1911857415
1413694469
-1995656027
-674873409
1726908202
-583371906
677369263
688266623
2308163
1997202427
623610462
1228360318
-394070859
-2121170230
860633419
1635493360
-1484823849
-378117181
1237582083
1044462036
-1354105589
-2071783271
-547135803
1570067561
772022303
1278650738
1301216649
84624608
-1133044747
-1337457990
937750852
1896197970
1588210277
-461312972
-1964776854
145533939
-1616482207
292085073
1155198388
-1345706616
337079641
2128102085
1670462499
627649302
829979873
-805172906
-629106877
581707995
-10072431
-217415178
-1049723468
471415938
-1330284500
-2011172076
501447654
266016913
140346884
-562402514
-340210397
1349004069
-1789252196
-1376933718
-974092078
1407777761
781878927
-216978714
-1181949959
147977508
-1221562961
-1481654131
341782275
1186204793
-2123336080
-361683156
571467715
-1702166957
-1210773881
-859467772
-1104373832
-821620487
-92424242
-968614367
-350646638
1186697919
-95585174
1714074027
2140727540
385517430
-986054354
-2017553285
-1083112581
297351461
-728835518
573758449
-472344065
-899637256
-1006696961
-239954940
1173296920
-2010655368
295219741
712640409
-588523548
-406452484
-246567152
969652761
-350787578
959224671
1292187054
809690685
609090033
-204374030
-1840127212
-959539669
-285565083
-1474506572
724635338
1354606790
24053305
-838053952
233234213
989157441
-244073125
-1689100282
-212025363
-1477372427
-14072299
2103277373
-1583472834
314822517
-1491962479
-116376808
-1687579469
-968888098
1302653598
163691959
478860992
300726386
-1723556940
-694121120
-418110881
29667176
173785397
-536179858
1037301998
-1860019203
-728719371
-115949944
-691120041
-906133298
1815017468
1269666838
1397674353
-2131985047
804461450
-899726095
1151017125
-1182620640
-574557605
1240420697
983837908
-1629644511
1756458283
-1333311445
932024440
515968707
1686449531
1492274515
-171831032
-339643614
-1506581099
-932834433
684566689
435380973
1329083598
-327860972
-1717828126
-358681219
431358987
1074944101
793028119
1003697706
179414661
-515249374
2088496536
-1851302182
1441350352
-254983922
-917314957
-977492006
675432472
-1613827596
795176264
527220976
-1429539922
1666011867
-969849740
1228818352
353381058
-1661581704
-62003854
939118350
1246801010
479404259
-1562361731
1783581748
-1105010685
-1868393843
1495988856
-962265962
984793965
-323891599
-2000262894
-190441150
1628552732
124084106
-31871707
582544252
594172917
-63610492
-27226273
1240012425
361116822
-320335690
320865059
-565433653
-768310558
-2146376370
1151693745
1806947854
805580988
1267314125
944455555
2011317536
-307471599
1329487030
1308558842
-1985312090
2057998876
-990151295
19704634
-525328595
-1420928540
276464854
905655889
152424063
1692249865
921071607
-621351522
1788716599
-2030660672
1506174845
588666224
1891678615
-1223825124
-1780262586
985527533
979291801
-366208882
-426197587
-2042559180
-2129442749
202133935
1213201404
1604021958
-885136833
1774936124
-51830242
-1107052255
94572970
1302290016
835380120
-356921171
1802575660
-1058945223
880743354
1029818076
-1699459512
-1236685419
794824465
227012747
-652892684
-137618693
388941855
2027816622
-1234882964
1718934258
-72324275
345451821
1361688642
921319037
2079182368
105055240
-1031962439
1869767652
1369316779
-1545197888
1931495252
-1669747015
300515396
-1911505415
-115562327
1392811033
-1421369734
261752667
1424478842
225021746
1275676486
1739716538
62907653
1516352006
710648703
-630695050
75404698
1631135342
-1064915821
-69527261
291169902
-740113568
235919987
-1993115029
2104362927
2033443444
461716687
1387568947
897365464
986775971
-1706790013
-1449427204
-909661883
-878953134
-153863600
-2051859317
1740303114
-1996298610
2057206734
528863180
-1619188993
-1416119911
1145315233
658426355
1742549791
1983608997
2074281963
-1948436508
1278063634
518909663
2067395073
344762069
545466119
897425326
-350409120
-452161744
717418695
1659676220
1701471201
-1874122307
-549555705
1422231861
274256428
670429952
796315901
1510147789
971425642
-150699809
-564443083
-1076224760
-201573058
1583910536
1344081572
-68824523
-1327116043
-665296239
701574397
-1960279622
512396027
374797152
-1345727421
-1974554345
-571332208
-1032884788
-568981090
400273700
198763196
-883949052
2117057394
-1129803875
-379006592
-1756751185
483234734
1453464800
-788495795
-1308859820
1817123681
1295714804
896619193
-707970308
-661716078
1792238285
-644376464
-878539754
1901111120
1386670285
366592872
-626128231
-969204985
-1276636786
-1338314920
636706671
1537563925
-1731875362
92313706
-1080045551
1469873052
1333099786
2108843823
-1314828946
1405469593
-1136775073
792086482
694488337
-1605612235
2048893677
1228554384
679743618
120224091
610290062
859880295
128335595
1796551818
-768401626
196818701
306902270
-1420291349
387551531
1307218723
61878038
-1823565403
1658400871
1459317674
352301468
1779976560
185936380
1724397493
494654379
-353747352
-1961374551
-1458430112
1692127223
289044771
207134283
463256832
-1063141398
-1825692411
1208993189
-2086126181
1429382415
292909010
2146421859
-1928817510
1830495411
-1286289788
640351579
97498813
-1032726071
-247166114
-746986730
-1905520562
-369991410
-443705024
556575375
377203353
1266320237
1507469373
-1381405126
-576211814
-633003356
-2011699350
123055431
618881784
383044646
-847159304
84505383
849632050
2000295491
1567749509
-2012286130
593108503
780151685
-402057298
446274875
1238181243
600582237
-1948878616
-221516619
-1469732569
1398943487
-1022206320
-1240237482
-2015019247
-1987226231
427974207
-820572083
287165132
-2020224406
-1185145757
703252318
2028171329
-272430335
2021449739
-486903763
387874207
1964861572
1298534401
-1789211460
918388879
-2005002461
-1847857891
-248095182
-1953039700
1152979820
1761943000
-1827484962
-1202886350
-2121258511
96395039
1962418298
-801139724
1860422951
-2067599767
55801523
599414675
-1048517232
41517323
-452807192
910188268
-1892089828
-2027758390
-393247182
-2096136238
1524924108
715744689
-1803834716
-1571639555
1220849561
1428567333
1575046355
-1528119487
-357175917
2133823030
466484376
-1264099326
-671076276
514442039
-2031654892
-2039673113
1217834358
659054736
1347751924
979103949
92106954
1786163409
-119899147
1591133694
706088491
1044114955
901886890
-578261598
-897396213
-954157989
-2064777348
1215933556
-1671293939
-2090825274
7026162
-533714247
521768940
-821326004
2085493043
-1913987730
-2113673062
-429281481
872319176
765415104
391166380
-550380365
2118945701
-711034431
-1802904844
1866283171
641562217
889138520
-1414088081
2038902705
-1584483868
-1051252104
-1002377119
-305601113
-1312823846
-819236461
1196126654
-854621699
1364102150
437482321
845153484
865218994
-1326895263
-384690051
2070731781
1191572063
-2013209693
1281545535
1816558401
1442478728
-310148855
-886555760
142625556
1638716213
686968921
-867385111
11566708
-1653508416
-1917627613
-1648514243
-1067831649
513870065
447595592
-214738646
33739067
1393556551
-1422594880
960059754
-1515819842
-1144342376
1815971991
224134543
-1961873649
-1823140132
-1374291912
1753781231
299059821
994395716
1067041261
-1744317220
-436585328
-1442877807
945629093
-2092232936
-1723800563
1205380004
1809175800
608546695
-2028992514
1077739088
-330176152
-1400520666
-608750111
-656544137
-908139798
-303539653
-1479796288
-743761324
458632356
300320718
1835316370
-1180082412
-421702154
-112572329
-262925087
-2115975508
2005153214
1055042744
-1964542548
-1043101978
1737194968
1976122989
1209788302
830299579
914522851
-163961343
1495459871
486268648
-1072481206
908313795
-1735488615
-2030729541
-1337999230
195671481
132390078
2044634669
71614864
1260546517
115234553
-526877643
1753796046
1725289318
1284939459
1507332186
2084067565
808899793
-329327544
-897080694
-1632972483
-1346869632
1351343177
53396522
1504527659
-2063947751
-1626711229
-124096914
-225223413
605769971
1553407697
-910186007
1656204568
28849093
-300629682
-647455897
1797301176
-1125529184
1107301310
2061830650
-1500538877
812054558
279853550
1123332690
764656774
425887451
-1089608487
-1162675374
1502804547
1992685604
-1487450292
-1901010977
-2108229636
-1653294866
-475209523
165880314
-976432720
696114186
1516804793
-1210574064
1468679269
-808332139
-923749460
-49693296
-711765464
-1284185164
-1833958108
-1269457986
1309123154
1266560385
-998953112
-420608058
504308236
1472112960
-1018849370
1303683348
-2116966124
-2014682923
-1629510565
-652221726
2008917696
-1210993798
-1107698697
886212626
-1424090301
1373605804
990038464
1730467901
591421742
317511782
-1778397963
-397594101
-378631366
248015249
-1989724617
165045956
822827588
651587514
-1498130652
1256700711
-2039935080
-887027963
-1707448251
1506517370
1657053041
-1252043423
1856334121
1952415970
1113786304
-1541958660
501636817
-1729618444
90623788
-179061767
289051726
1550547083
1221587034
1403505248
-1428962903
745157339
1400419693
-1597780138
2074164482
2095044038
-1090107440
-2051326835
-1390896645
-1173191058
-957614030
-439474435
1541299030
1831862538
-66288942
605581267
-82470180
-1807815427
1651823612
978716841
1395116928
-959914460
-597684014
-164968712
-1471940156
34772847
1651304527
-162563382
250031708
1459446451
1357410441
-923976525
-709503216
-1174040131
-174910411
-1551161599
1040734694
-1065386839
1015567472
-763236814
-301255041
-1770679947
-1774558532
623643814
-1435149887
866076880
-268511416
742421909
-253917258
621941816
1555695475
875627330
417464243
-775251645
403357843
222631024
803454652
859688507
741370609
834407701
-213318618
-1509504016
-1107175144
-422924723
642841726
-490772278
-353679537
-83789423
750565033
-648089315
256790370
-1562799320
-516962484
593203393
268883112
1040766941
1064124013
-276807200
-58446782
219486705
-977546406
-1489873647
-1340734048
-911623853
-1610192183
1694426790
1694553929
-592311538
1627151168
-1996892863
-622472230
1986937858
-2084105289
-33747539
1883679567
-304096554
1377896571
-462405654
-1934779263
-1857710804
1626606164
1898860937
-360277265
-131156970
1331915754
-1835065030
-1388409664
607122377
596154724
-529436765
-167123704
1992053392
-1150351791
348782962
-1744560566
340710147
-1438214709
-1116057931
661510461
-2043564680
1066524889
2049069928
1877451731
-805133128
-1031274731
1313232207
786672758
870019573
1698149774
-1248152826
308864404
855669755
-2089537553
39129174
-2065277603
409423270
930195424
1785951177
-713175605
1502183315
-1686462805
786377087
756590818
537921818
-1953723101
-1353023678
1544234297
1462643835
-583717439
-1786401320
-2042818888
289567318
-1376271089
-1455914087
-1257742430
684157024
454298696
1312007232
1249502677
-1174071468
-687955392
671445509
-1449101232
-997235674
729097857
1244394474
1465614582
-1414737794
-115973450
-1589752491
-1763582319
-561754524
-1056364979
-1417831714
-1857658088
329784119
818067543
-53065622
1875866164
-763439645
-1649933391
-1722272648
978027520
-1888795566
1548935529
-1430440774
-1931177968
681999394
-2013846183
251318247
1620092085
-792239463
670650648
1616199887
-1101123970
1412282325
1451430163
1614223023
-1665223680
-2026495673
687859702
-1368258874
-1361376806
-1619007646
1429122128
-742210776
891831027
1239702158
2031795317
1505422033
69525765
-1270148253
1142557862
-1060018436
-560330401
763724307
-1592036497
9095605
-734739994
-787513050
828561488
313557421
-1073251748
1211752301
-2004408161
581367629
-188455452
-1994451664
2036348588
-228595955
310732997
-1525573463
-1915689179
275221765
1677631086
-550074954
1262244028
-1688177213
-1287341127
267816137
-516247034
-1607792545
-1994337933
-1508221662
705520038
238230989
1098855196
-1308164544
-1163977558
-902874766
1411352042
1440861332
80762676
1749169913
-293061613
-1381298825
145060701
1948877158
1402994764
-270971298
-1444478379
640624490
-93071988
-923860148
-970820658
-952606471
-1327960299
505878663
-1929652326
2059295257
-200964940
-1142133874
950506898
1678268157
-1590941882
2006671177
275595194
836470098
920213886
-397672574
-108862814
-1438249257
1166766310
-1286183020
-979208178
1282425139
-822541533
371875937
-793681959
297262850
536503164
-1557239415
1642857237
-1626935760
-582028131
1374265815
394659191
1150850954
1069503127
-16825601
2010228978
1114893202
-727082710
767140998
-1895348319
1141743762
85281351
1716386305
1592788969
-1828774413
1799395535
2028028033
1413820126
1624402126
-445572191
-2132144307
382186725
-808991293
-387044141
-166576175
-483786597
997401609
-374638274
-763977513
1528818677
693937606
-1903262657
-1185797900
-427329624
1353767329
-1214110788
-1476043708
-1830891317
868383124
792148069
-1656628903
-362640199
-806829306
-652073412
-2110963344
-1132904644
1029880856
-1204235946
-1362235419
-473968921
-1701250497
-1708317982
-2126039832
-44291134
27049490
1360812650
-2054027407
-411939796
1432123492
1223405401
-1531288976
66163709
-1963783019
-250673476
1048101193
1471089130
1677222949
-639712948
562196351
-31260883
-569432183
-1016207956
895655854
1181158757
-2091601855
-215864594
-1353089602
-2139386182
873826346
2036574043
-1445089195
-928385980
1970932240
701638515
1865416077
1548459693
537130887
-1295355598
842532583
2106793236
-588310534
-857344108
-119779202
225441332
-132893436
-54279589
1064765311
-1719443515
-166787074
-250507761
824982488
446597154
1096608984
-2135398330
-67272401
1554601515
1446211116
-1853862875
-993907947
2103100268
-1456800112
1655866150
2112526459
-98945922
969634603
-2122658277
-2023210396
-386698323
1288508298
-96232846
-1652850212
-1694682662
867848884
-1689663559
-2101133016
-1842597469
-1379170949
-2056732316
-1090909122
1468760256
1100425748
283635918
848245879
-344693841
-1245276950
-1323381891
-2029913214
-1243162733
1638405806
55902634
1204812187
-1546793383
-1703612494
1469616383
-1087950083
2097711388
-927816585
-1919172702
1335857301
415544522
1199343492
541672306
-1471762441
1883974919
-1090810759
1088231823
-981188971
1444645201
824162403
1110757919
-1760799699
-699344796
-49298608
-1494068145
1819836547
-1341379105
402177830
-2059903336
-25722800
-2075662809
439408560
-1049082045
1158598010
-12532598
1396539385
-1019428562
-77037948
-2066722905
1065263325
-1554667312
442181959
-2014965746
-1404724004
-1769661063
192986338
1476629795
-600294095
856582878
1787594478
-1619434425
-1286808542
-1769240875
-656418826
945894968
-2001837927
-596236452
1667234597
926164664
-1163141388
-2128759585
-343444159
-962479508
-1631522024
2022939834
-975716648
-1959338233
1392584652
-240400389
-1603277384
-55424601
1342308163
-87606675
-941620829
1490409342
939815162
-721740335
-40384445
1314575541
718794948
-2105098898
1976274011
682184076
452875042
-1683016244
-644348865
1817234885
288957144
1228922043
-1462619259
1799565890
-1658963012
1247454618
1418146813
884502764
-1663385903
-2076965419
1660623325
1638693591
422097811
-368435793
-818583744
-94987101
-840111468
-1168168639
1142735569
218890533
-1858603705
-2005172799
1695212995
1911896645
-1430370533
1052481287
-690162428
-1424427991
847827915
-344786611
1813232049
1136408210
669040372
2004151094
-1478857525
-1757751162
1720578279
1457540113
-1509815765
1954613807
1235854528
1524370014
1953128115
-1032251133
1438860215
1237712528
-1674492474
-1722887644
-249093707
321793556
1100204537
1453074184
368832298
-501957999
401874186
229177436
803533853
176226673
-684549360
-2094912731
2065983620
-1410551904
-944288524
860515368
1327136213
-1201287788
-294871521
-454474356
-1498223140
-50919540
-389858956
409168573
-266591537
1796584987
1575108992
1941003922
-12563297
-1597412633
1017534448
-1080567887
-852887664
-298252882
-1320867773
1658292018
788723723
-2021288566
-1466799680
-1421859454
-1426735182
1637583477
-448885591
-320018039
623275957
1546058510
-1674148177
1001311759
-59098013
-899677540
1942975145
-1811199653
-617023997
1680898899
-991955072
-428057827
-1812083995
-377186090
2023008878
-83290995
-852912461
-827578627
-1595154329
1260125907
2103071500
-1429573417
2006491862
502203305
-1483702958
-1532029966
1054063500
-1355105218
-958102077
257049561
1016925173
1515276893
-1388602426
-506248739
-765549684
2074812366
-1886622841
-813691624
1543915920
1785616380
-1170628411
-681996626
-775852553
-388003881
705774314
267896406
433239459
808790011
-1747108261
-521815272
-71854637
674561297
-2040353007
1841640536
-565726500
-275438987
-1972191128
-1643741422
-18942441
-40854759
1535718967
1442890598
-348221667
1639550120
-1633553632
1476111959
2044744753
-351172370
-1112535000
360936399
-1204079107
-585987722
1102469513
-143889178
-1288783231
-958824076
-450214714
1299961443
917943112
-1471305243
491238400
-234916990
-1234722084
-785519628
-326296952
-2114578185
1128760699
1889537439
66901685
-469277646
2090725642
661882010
892982518
1202266853
-1282293687
-972811405
-94187478
515190466
1679408455
-1094281994
-219102418
781894025
-1003946216
1917622738
202530743
1333953857
-2091454778
-416170884
407346786
-412293947
617490308
2049953619
-1432503287
-1983487871
1380754985
-1228584700
2132621400
1231416189
-2068644900
-1716808913
-922703457
1738904731
-1136166901
-1575936182
-1318815255
-813301732
1269661088
392521157
-1014177460
-1412336280
-337610890
-171756689
669036930
-616856306
545595401
-588781289
1770833592
-909735160
165351533
-613641866
766325158
-1953984188
-138163583
-606080692
722890463
-25340321
-1225543068
296678856
-659931287
1068203187
-1447777498
-356834004
-2100758896
801056147
1072253634
-2041252431
-1339469578
-325288747
2038094156
1833578151
812525807
-1668220784
1783336806
-1894336544
-1401775093
1156731174
-1972779016
1346927438
-1095076365
-2056882812
1071126815
-1811071765
855503992
1392508840
-66484123
418090200
463812841
1460596067
1836076595
-1659488311
-1804010844
-1925340833
1215356035
198957471
-1072476433
-1886490524
-1577968423
1504343638
1525979656
-1655816490
-1948313229
-1187431136
13499770
-2007698814
-662862401
-387393070
1741936561
171228313
-1883252212
-1920141185
-1476384560
-1920630789
-1594820988
-573055134
2052452546
-1232480327
-830308007
1640710912
-474752369
775913941
1218868287
-1172326258
953534704
-1413139893
686787865
1724279439
-351659996
2115768916
1018926582
1606349761
1075357956
-68456471
-1327122370
850756665
2032601429
340877701
510545704
-931416883
222711133
-1691131345
-1062670993
699444401
1644981944
-248632905
-916944316
-1475117724
-798735253
-210483905
-1859319419
-196814644
316434489
383726589
-90926289
2087421343
1450089781
-1687221186
-1526305263
964769285
-1002533992
-1901007699
1595167170
-180116357
1130882516
205831636
-1461034027
1545607930
-2099164440
-935393309
-1900719030
-1959933864
-973440522
1739317424
-571912889
-1934784531
-145642734
-1136380417
-522475001
-1815347336
-947576484
1639380994
-1127438063
483211076
61033040
16508962
379424173
529993862
1554841180
691933184
1162011795
-1576911351
-492652878
172500150
-1916149787
1940890380
-472986529
-1170384287
1455619680
546978922
1905005724
604859363
257126861
8124411
-806785436
1572526821
-2075002692
698228282
-1300228794
1366731802
1391140724
1276391975
-1747202692
990192587
261364773
-1863685266
1664171323
538134158
13810271
1707028169
-1559230644
-966974888
450103751
584132770
-1199342886
-1442765898
1379058695
503442939
1441655950
-1990395049
-1393975802
-1964554350
-317190952
1989466061
1870461017
1828948799
-1850814577
967702420
-718626056
1876928417
1442822333
-1523460270
1403365428
659015161
342663859
1390379104
416240360
-1567250859
504189282
-767247479
1245570030
1593973232
663119597
1886465040
1450486485
547962840
-1652388487
1922143991
364410320
-1769773103
-206312889
1969347198
2007403760
-1790001287
-2129580539
-179807767
1784917141
914632108
-1553803680
651551110
-1684294878
-181141463
-1737853731
-644790546
-1310591505
-1857204363
892800745
1067862410
-510824061
-862110465
836168494
142833497
-97826558
436301700
-2117574617
720050671
-1672132380
-652512844
1569748982
817328064
-1973329689
1569249046
-2131264139
-2083342946
-2076554938
-1837216984
1356383882
-1796750208
-687814869
-1193152823
1282691006
827869060
1863861345
1491314651
1711668496
-1152266698
1983426125
-1093122268
-1236298745
1957379858
843763742
403089524
-469777658
-1345819065
1148427331
-1117507315
-1951282717
-1990599491
-1794762467
1378897982
-857303111
380298073
542827766
-650844591
-988712451
-2037330305
-1526233808
-1351895642
1893693647
590458328
-2065763135
-1004060129
-159212398
151116884
1388848606
1608499903
1732106430
-1614576526
-821138698
699074957
1274660852
-851204930
-174392607
-630159938
-578427566
-1690019685
751174745
-1973894126
1050414856
-893621950
996213928
-1022750339
-520020437
-91198710
142824867
1715086346
-109664311
-1888883991
314386134
238480892
1692351292
563441722
1172592128
1132920630
355971523
-1793567040
1374804673
-907798308
1276994382
599508202
-912410223
1440274233
-339585896
148521560
936554996
1299486178
-1414679941
1871819421
-1762518037
1209463324
1169698431
97761350
1735633069
-175730822
-828829517
-1242905573
1140062871
-241368374
-1924001088
-1800776540
-1434433440
-99875023
1125472314
-521852434
-1524858992
-1923194475
52566073
-651398769
-1721460174
1603868218
1556728872
1267150566
1476467656
1611125935
-1432815652
-1207868505
1135733118
2131344875
633069288
250002582
1144123811
-1738413902
-982992082
-428554606
376002132
551635005
-1398912839
638382036
1082855289
-1686775527
-1105282358
-961619592
-1995032587
-1274726321
-58954192
1577565501
-897418727
-600373052
1401875676
-1427379320
-1914548392
-1179268382
-822339916
-2082757202
607979329
-726463880
-1343585369
444913778
1544407465
451282654
934245121
105347788
1031014439
-1257621155
-677651457
2077922540
-277540156
-1118478899
473002918
1301033853
-2106211341
-491593346
-2059289648
376884014
-2096203842
1494015067
1241935751
1605029997
197837378
1892218956
425975957
-1191999627
1602853213
1092741852
1618680411
63590539
-1337334363
1349281052
-1111826975
1853617283
-1837453669
-1931436602
-1845769426
2075637129
715478560
376428964
1025854426
-1745344483
-2051303641
-792750542
1973293793
380770399
-625329237
-640009598
1520715193
1832255372
-101925405
1623159391
-1093229915
1425329608
-1439872844
-587425867
-1560725429
1654721565
-1707095193
-401093073
-1231715708
263297731
1126044827
1763620130
-843120525
811306913
989210749
-61615191
-1102932008
493680915
385566261
-2096880880
-1005037146
1070237934
-683847517
876632949
-95126574
921594816
-1430155702
-456399188
1280154733
350670939
-1907166068
894279011
2138808820
1966531476
1026519575
-135482746
720620774
-521845688
857402527
474378468
43765399
-1657850977
582477261
1615834898
1131870532
-871889516
2089876342
-1602282097
420339046
-1845455436
574469904
130798377
-484317109
-1398094811
-2000658335
1390263198
-1948002335
-1287045399
-1260271752
2139344005
-352512044
-774104220
791362017
1683891310
506026972
-1600191461
1248728851
-85428152
-31519921
1075183294
-1832142803
1911780099
1801081341
-669905304
-1691902239
509733749
860351036
1055340068
2132352944
-303491967
814347329
-375283789
-1626277033
1507920758
165834417
1587538571
1589287816
-517642060
1744053367
-2049644765
-102242595
-1914980715
-1950080041
760431213
97640457
-386927991
468914883
-2115377756
-1972927408
1198881922
-1773734803
-1430254009
487038264
-2011359085
-1147980771
139223652
1385789825
-153688365
1050020164
720536857
-1245462191
482440583
138381520
-1874399401
507500979
552948095
642250689
-1078914839
1933282114
231651520
1765815035
-467665484
597811233
-1270000797
1587560542
1896229696
-1086362323
238819004
-1895473901
1897202294
1514502774
1448195773
705830184
-2055648853
-1259159830
-1516484196
-713527201
1491446493
1784652626
-1248788044
-2065784766
-624371141
-958971774
-2008866392
-1043489925
1088495850
-419066676
-1428975923
-555212191
-667463674
-1462342475
-1419991607
1301260502
-1498980378
-60253461
968111479
-636157617
-742572124
-1305306251
1805108238
1843406131
-1760519973
-626577876
1333101185
836480617
-609055822
-1098255255
-1891200473
1797641772
-1267943
-319013377
1964343454
701631777
-1228889774
-1873464981
1729502701
715358378
2039256243
1549255498
-2015227672
39461244
-1808808791
-628346613
-759181864
-2135883922
1363685120
1940517604
-233843878
-70906220
1457614176
1650088201
2035700103
-7296628
-764302566
996886555
-887775403
1636656407
-1651920092
487377118
386933308
2082146539
1198086754
153837359
-1110537188
-261242426
-1426470361
-911975372
1555141469
-1363484474
-255627526
-818896940
-1868265128
-1416578057
428707740
1219853673
2130211573
-327973843
1018286153
-1351436364
-1304066156
-569301996
-720492994
-528496623
1051408944
-253002619
-584843397
-1267079957
1000681665
-1753640422
781951690
-1368949903
-466760222
397770756
-145814529
-1712516983
1850552500
1796621339
-26228608
-1036337915
1673383681
810661942
-1953523705
1037613332
-734130781
-1691071300
-1349790298
-1024677126
-1581745369
1302419579
1624763659
-1426543357
-857567060
581439928
-1046257659
-2018492748
-1735647983
-1899592570
857481286
-1416719036
-2133344689
1077221979
-975814294
-1013121206
-197718750
-458586401
-1603385545
2072989623
-326410514
1085353479
453743654
-1119386619
-1854520863
1151620962
1421655074
-2144265808
-269281452
1174192818
-1224753265
251119333
822440054
-1913032258
1080324749
-500921735
400429355
-1305822362
425170045
-1754839268
-1718436559
-1523385353
973691843
-2029888051
597898116
-1351518528
508197325
372308880
1430780932
-310297371
1214700372
767037023
539880276
113192306
-961173278
1784485213
839614724
1437033139
-183874669
1627209809
1336640497
403415234
866810399
213029457
-1378189077
-1557554848
1965658647
-1977877571
-77918311
1354832136
63553902
716742511
-2099314279
-2085129919
705152058
-1382697168
-1153310741
-304696268
-117556548
-1164850323
-1725736306
839685501
-157688931
1114583593
-1245278613
813040709
1298663034
-82114251
-1106950798
683790992
744323746
606936991
-680225534
1833303507
1720399390
385385064
-1547010418
1925737673
1569964273
-691298184
157972093
-2018167162
-1508677472
209336790
-705104560
-1500920117
928133108
859475475
-80447735
2078110620
-272730371
-1887273465
-2125165365
2112182288
-1575248038
438867135
722855101
-1831171993
473968824
1440230325
681864244
1250358113
-873250408
-98099647
1979904017
-1095858995
-114218924
563003472
-1583227034
995056991
1796978787
-848229293
-1630727073
1678586822
-1504014373
-395428743
-5060769
-2067188994
2096380215
-1294056673
-364638103
-1985418782
418456922
-1434134905
1683069633
65282052
10863059
1825440712
609054418
-36002879
1301360482
-447972091
121960018
-546282097
-1315808069
-535685407
540319395
-2067827560
973965705
336472369
721993084
34910348
-1850182219
606390003
213228488
-1977269069
-530333465
1500316031
470469326
62406721
679231052
-718034180
-1031526511
601939949
-60342118
1094929429
-878890887
1050369219
-1232526768
533283051
-1974365902
1785156665
-1510633918
-2059718324
297797843
1503141249
1136479316
1830770725
-1248653757
1321508893
-372926843
-506638795
589616856
-2042265673
1481718319
-1369158653
-880106688
508145970
-886830708
1418663697
1393391268
251055356
1722638716
75304530
-95118327
-712265051
1496237956
-1879373352
-890724870
-1781444171
1738531866
-384957999
-235170716
1032760249
-2107548385
203206836
2077093056
-1821219937
-287026004
215262390
1305809014
-1892323773
428118032
-557157245
809209216
954185801
170887961
-694416598
917022030
38851884
257096594
1901543256
1320642025
-709096553
-1859024627
-849991224
-161238693
1055412979
1013234914
1021701881
-1875519667
1224349249
692022903
1059319842
-866409232
546689065
926166977
-238512285
-1486352608
-813181871
597130761
643183420
1868618439
-1659971086
-1706181901
-778726078
-1739331713
-1179903063
-1989070405
-1531877361
1361313915
-399171446
-822301502
-1898155910
1238849446
756056699
491478857
1820208647
-458223860
558384574
-385407109
-1197175135
-1392937863
514954703
-718639952
372287878
-537210017
-300745873
1615535599
-1826638462
-1339358980
489644032
1438160053
-1330598305
-1362229572
1781363219
2102288372
1111121307
383291099
1496858431
1115306846
-779306405
327874382
-1179707596
504608482
1442043039
938487523
-1761080305
-880258442
161595319
1082835110
1609147374
281481751
464007158
-1740852857
1496682439
-1115501043
-368984156
-1961028551
872905589
-1575828621
-1833562312
1337489244
-1572320493
2091722998
-1272761146
929534429
1856461197
623889373
-2044055882
725209501
533761139
-1066993336
1738755510
-1029197744
-724610800
738408380
408603121
-2045054297
1861998267
-1737321250
522516352
2140747185
1976638060
-572880002
10276385
-373330306
1876924306
1102824919
-1793673178
1325613061
-889605598
1536770068
-696460113
-1692841145
1240739315
-1802465514
946428187
-1129456205
1227245384
1751732084
153492923
1620025804
-646299474
1652424899
1887527368
-817744375
-1650951672
-1639919338
-1931418985
-186069509
-1161534232
-297591608
-1897045494
1742160309
-526128609
1305388664
-606922679
-837144729
228529303
-997471404
1957366962
606933836
34542943
-912246886
-1569945075
421493190
1481700615
-1603936420
537207300
1423486918
-1807645139
1150435203
1395192785
238785905
-1494389417
-1297994987
794044984
-1092454656
-459714045
-1679906630
-393091912
189075431
552832253
-1751931781
-466878467
-1902568391
8513519
1566144973
1336570264
870325322
-730643906
-2099340850
1505766129
396045973
-534368493
447664589
1345238907
-1312283680
1664278711
-1387661808
1888029226
-1135005283
1893201187
-1565264688
1263611426
294315667
-1819346985
-591096440
1752420016
-1651358275
-1568232214
169699438
-723531139
-1571345550
-2079426206
-217011647
1109870080
-2138218299
-320897851
-2060705723
-33885900
834732334
1709518831
-876138357
-953715573
-1324280215
-101671642
-198985098
600324385
-157446498
803112299
1453683577
-2015231948
-2107903807
1164576530
-1399075803
936050132
5796667
-1335191147
-950623902
904751830
2023708873
-1999277404
2046705148
-1026768370
174372772
-1027102593
-399806367
-2147148612
314511074
-1101027960
130332840
1451188806
631983643
813809939
426889941
-57917657
-1571343537
1561137536
-397991589
-1119676633
1142498055
-171783284
1264499681
-1096718644
-1639260487
846447331
858596937
-88455152
1420737904
875356153
1287386093
-385020333
1650281132
-413884647
1188354859
454372754
1219719046
490269885
483130659
-241901351
1553435160
-844238048
-1874827841
-499170314
216930075
-2108445423
-1961490445
1316869231
1065144784
270619146
1566358085
-1487368779
1006988836
-2043482239
1410070415
-146336616
-296791794
-1144601731
-1514969085
203728381
292154171
538782827
364672624
2028453071
2129107437
1724334641
1708750275
-883317965
-294964704
-1088590717
-335340849
1561944831
-622814738
1733855862
-1574089136
-1946629780
-1789193164
1616740178
1072208685
1266250249
1075454580
-1477166933
1706409213
-2095379214
417341692
-652181070
1512379083
-1702144958
517210440
652490696
439613981
-1327799099
1608107684
-367545260
-1795795405
-35295758
-1713133291
410943445
1723516812
-1337397993
142082681
-284450246
-1648601171
-1642928171
1002858989
1957307505
1516018980
1703598543
1734910318
-1558997187
319658955
770984350
1234319810
1904718668
146990409
1352677639
1513885848
2127914632
-264913442
-2136415120
2064059630
240575148
-423605922
-295336562
-1503412814
-1417182949
-1555037059
-1169486493
-985481556
1525911532
623906382
1556744551
-1469315174
1655659593
1601177093
1963534341
1406765468
-1719398919
11829508
1784614984
693354194
-673830854
948591892
459636950
-1034612669
-1322073132
2099671794
1420487196
1243821568
1991104106
-619746034
1202124746
643560840
-1441981678
1271383694
-1142309502
-1742413202
1432383528
1030370968
801405643
-2130442951
325172831
-1416950831
-1104795061
-2040427382
939769112
2111126560
72699957
-1139741564
1194862582
-352179018
-1093420033
-1153298329
1735080369
993490514
-1336921768
1847689854
1991999531
-741987903
458566745
-612848069
-355312192
469457060
-1767688966
1057857695
1286786017
-1352014219
-266832441
-1114379553
1763259107
-502143541
-1041331758
-336164028
-1134531820
-968227363
489862635
1004339282
328022799
1603523652
2045509902
-1731466708
1147332433
818665220
-324673508
744742454
-2122799349
-609041716
1498245326
1397182716
-2039410119
-1814212227
398082022
1633335890
1358028019
-68387608
-837044570
1772115899
-1777634302
-372760100
1813367686
-165465842
-1230680395
296898399
1709244960
2105230166
-914552331
-928397766
-59029905
-1750141446
-476864361
-1057592134
1713852216
164904477
700798193
-1339901259
-1671744569
-384428985
1291722671
1347510731
-115988258
1760108612
-683296793
-938560019
1621137642
-1618690228
1878755434
-1749968349
-1522988168
1164167267
-632543652
576189833
56856550
1927459586
-1620108026
1858532506
-558325923
-934870025
-539680022
37198512
1399564798
-1965677431
-933491689
-1331927093
1066451803
-1017116705
1411321278
-478865776
1269572136
-1576779103
-573626618
1712436885
1535993649
-1908508449
636011292
-59332901
170123151
-1280227790
-891754355
1831285915
874001942
1240794144
1047890391
-1103830459
-1597290479
-1440607548
1582418748
-11691323
119607600
-970684498
1672499673
1701008647
-1501961535
778135303
-1587351561
-852759619
-1817486818
1343474425
-888651103
140520799
-2131899802
1816829261
1863128182
42821747
-171307665
1255524181
484481472
-1380124658
-1671499781
1476131851
-265823804
1768527002
-350966487
-1916764038
162388315
-546149160
675818797
-1005414820
-728540479
255347496
-1478558909
750152964
-619034964
-552514808
2085627616
1649523838
-1080683872
1141105370
1690141738
2080665331
-1664370559
394413545
-75759702
-1701315502
1654723433
-2031394131
1931540800
-673817555
-1851476548
-1457061554
655743574
-29117984
787778680
-133773722
-149791912
-175892744
-1415912495
-177332725
-1779356573
6891473
1541316860
870273803
1532622140
1262040704
-1518549685
-550742407
-1342775165
-2055452685
1015975545
284031848
882583079
1756970839
792774727
223128310
1629702428
-816849991
-2051660985
-1814965108
-1892746164
-230528017
1454875894
-576086429
1918886602
1150049464
812877072
-1825531319
-1832411315
1288766754
-138671072
-568229212
-639441189
-1795140308
490555222
-260881481
-31028540
-247117141
-2009487972
-1841834717
536784337
-965980047
1993003498
-19880015
1013946557
-902960213
94723801
64334670
-393551388
-945005686
439555958
-1369951914
-1125983174
-164032732
583076185
503000853
-867073666
1113658781
-155477003
1424925833
-989377618
-947000191
365185328
410266477
-248925763
-2055581580
1829882677
2070868594
747649923
-560925683
-1874537591
