-168065430
991831112
213744893
-1551379354
411421437
730869541
-311881897
1569149925
-1811418682
-428452726
-458341213
1167615124
1171645762
300026789
266639731
365570913
1390338026
-1280037167
1961841289
-1535948369
1789994220
1880381501
2004567722
977618078
120852509
586081483
-865144393
-661087089
-572608211
1335214394
-824171267
-2015078170
-2132777445
884893062
-1421612853
205261841
-1676400405
299475598
-1815977148
836473801
1374586006
-345496073
-1797138313
1719146904
992044354
-1732716464
2035881900
1770133402
531642291
1017936246
-670373376
1845257607
216140800
1055661882
489772596
1078497776
1210494857
297171520
1759038913
-1853289528
1457451560
1413612841
372807471
-448929754
-448296282
1626374644
-629732954
1019809864
1992904304
-479041119
-1422037563
1003733978
518566025
1673474583
526948273
1616763768
-415646782
-1582199225
727748209
232105841
1264385065
1751452816
-126692231
-1674721586
1532824510
174372709
-131062396
-1497140590
-1777617300
-963601364
596098470
1262991682
-1820792521
-744858519
-832078431
2063756967
-1030954831
190262555
1833533558
-1997679663
527583922
438823014
-1081280961
-1718207649
705974087
-2019682959
-1056876484
-426168834
-4213526
-561050991
-1679275478
190042927
1077253107
171216294
874757339
-217537972
-126792370
-1374906683
1099638275
-289366068
-1018513298
-1256187625
-742661809
-492000571
1966652545
-1653410304
1650855611
336567986
1007143141
-1948418430
-1420262876
-1576907402
278585562
229779172
-660367332
418289056
-1761268105
-1902620530
374604797
1521424624
733303010
204426807
-1916540096
-2011867366
1917508027
-191166911
-309206513
-59756343
-2025738792
-2092050589
1311939863
1288247014
807812407
1585030024
-1928631133
-1423021543
2042676784
-640932618
-1605315354
-557461873
-2811926
-1497828942
-37365865
197752830
838305807
299225379
-617758013
-415256091
-741404733
1307854837
-905209634
1231824920
1881654225
-219316672
1181181466
-1007766661
-1397220313
1573118952
587405051
1434169101
1135525508
1276131142
32351275
961943848
-1220165521
65393159
133998474
1416889606
-1510763414
-441163692
-777933175
-642113401
2057377383
359360051
286383544
1648579120
1053780859
1300641580
-1374963300
578138999
-1139824431
535643183
1475356870
-654939331
970552800
1073996725
681640736
362949787
-873652768
-1391986652
-1159150967
214457824
-683621255
375068791
1196697764
574827482
-1488997955
-492626146
1604316653
15142229
1310583128
1227506466
2020199948
-2123859232
-1200520954
-1195040884
-336231059
-260120874
-1452905916
-888713977
-1530162160
-889716324
150512458
-1812631100
1694554525
-1478527449
-2081684681
-1209144419
877878971
1762773696
1693980046
829388924
87678881
-1848933877
-351160095
-1728610050
214494188
-1119872956
1227060427
2024270162
-1540771917
222664908
992000802
1174309991
831240664
1055229924
1919912045
-202980026
2067551136
409740471
2070353812
1091545787
-1356644986
-1768208483
-1906729770
1744298299
747496779
-1657380707
-1685439490
1103767297
-349214383
-1099867596
-640700967
1093926521
-238224087
-1255906220
-155760414
-1995302174
1181975402
2067983279
1946378559
1382314798
-1030983484
154419508
-1399114768
2142641964
1005931604
395359705
-911093435
-1337761048
312369465
195964571
-1286817135
350915665
-848661146
613643458
-995481828
1251641116
-2108515911
697943657
9577565
1270631144
443443021
712534845
1520239976
1111656355
2075278859
971919749
-869476955
1759327275
1966758023
-1661339807
-1384201534
-511384776
1091750153
1624253526
-1206603286
1013711480
618247144
499529481
788952118
-1969068037
1654283038
1433209674
-1630712221
362402257
1242877721
308657236
538167237
-427803663
-376481585
2034878290
-482413444
139407451
160166164
-678145499
1409658596
465401217
-913483473
2014485092
1623028817
1328725731
851224746
1748881572
1464588540
-592231432
1358521449
926999544
-2061056201
-1095540396
418083581
579928507
-138609176
-1457412090
1666155065
-1255682676
-1304198604
1878523714
942387718
1910150553
-1266943878
-1232421825
1092851827
389678880
-1093461886
81187938
-1912605936
-2011551949
-898256650
-1870754404
-2098226821
-1885695045
1391324688
674648335
1112311099
-24948546
1774311316
-1470528521
-1257700660
-229988892
-425248255
947489479
1519804410
677171254
527462146
-1170777454
-1269322894
-897151959
1561901354
1541029036
-1228383851
535804891
-1500633375
589080721
-2069372273
-2128368228
-1857933160
-1731045372
-2080854616
427345583
577340995
43579771
-625877543
-1392404912
-1385775096
-285793094
-1494690910
1414370553
996337204
1214477757
-47155174
-153087008
-791542674
-689442342
1564058951
380117188
-1227801554
-1665918169
-241090641
304898537
1529809519
36853272
2039338287
2093624929
-372919134
1750828396
579327242
748119692
802885862
-1370619830
739554628
-2006265631
-709354122
534464167
-833709775
-561578259
1725832034
1611798506
1043811656
-912261477
-714727294
1526779857
-1759597508
380918710
745755815
1732652437
90292557
783693228
2138000914
818211148
2101951450
-1282839148
55263529
472955790
371394619
78131314
-881330329
-982402213
1729896909
2098160057
955367828
1665480251
-300092851
-165107184
-1780688586
-145660249
440128105
-92262823
520217926
-1521242969
1618902932
-479186194
1430361639
-1670959940
870095641
785198893
-2028892973
349960447
-1912437133
-1052699338
881066327
-772462455
1047867610
-1616064013
310303873
-882474731
-1767069151
1238583640
-891406122
1959827172
2093256383
721507051
579436233
67405536
12493098
781875846
1531023402
-137974012
1665475691
380275036
-1738426660
2052720890
94358510
-1508369607
-617329973
1939081989
40326298
1997849613
538395420
-1076677855
-1833886943
-1523873366
12330661
-97476505
-718453864
-2129218100
1955729310
719806134
-783858103
-812497830
1042265753
-311277425
-2130577976
-1678741013
-436291409
-561274047
1984254531
797585035
-511144709
1464326469
350600734
276658365
1868094796
1245116139
-284072001
281535684
-2049952235
135187765
1061813413
49009694
-755154520
1830412034
-1092748865
-281861808
-1593703773
-1916437394
-1019859717
-58047511
-1989295702
426487928
75578396
1176187072
1146856022
-316939034
781206736
-1417708929
-927919252
1861181541
777316865
819295845
282496593
1671758579
1956799083
-1501796026
-1913103939
-971905919
1457020014
972554455
-91995217
1621801427
-1724396763
-222585560
1584694944
1329865643
-1576079178
1789013616
-1270395397
1348881445
166410731
-1025529072
1736805835
-1133349276
953466625
-1484430894
-2068635210
-878746514
-1669300800
1703062641
-1045600471
1690023764
748921035
-1382037923
-736311596
1005825430
1784899641
-1568093250
-588193447
1959388100
-1551726749
-1931795271
-81374401
189332328
-358216705
-695738125
-2003811284
-395424733
689513069
1392625491
-1202768557
53216021
-1122481328
-204071413
-1690189014
1013142658
-417212831
-1246007593
978538080
-1759665230
-1840073089
823249799
-61358066
22398231
-726400247
-293316933
-597500628
1930477237
2110700144
-1791748883
-1317216954
-1147688258
-1591698937
-1479521867
-2005059474
-845504388
-932831459
-1048517305
-1611669388
-987838605
1012598093
-825506241
863525204
-1416103738
181655059
1374016416
-479632145
967873241
1680367010
1500328730
226440702
2034787127
-250603275
-325443701
-132817341
1331546806
-1970343644
-1798822969
-787420160
455245785
-2002659336
-1575895652
2018142892
-542141579
-1086318143
1540664592
298498788
-555574378
1698658406
-1902808084
-639044193
1344809122
49701820
-1424176771
-1954099546
-2087327553
945349403
-955119975
1787570754
2063146354
-1862138833
1644285408
966384182
-442218616
-1318788341
2062578755
-990464529
-1290719944
947756931
-1500779062
1832485369
-1172660599
-1643392070
-586595695
493181621
-2132567055
-739942407
1291178003
827692617
716686142
1250533314
-704324950
229724631
1066084025
1258970148
-664390826
158211568
310243976
333516625
-1162152515
-43221429
1412072532
1352420717
646554226
-2144325455
281729323
-155556184
1097013625
-580817093
1403811238
969119374
-1677838070
165913024
-1489490866
-1492691811
-1196940139
-1323224440
222651963
-477783529
-1279035386
1978890820
482791934
1707487514
334555977
1284044610
442014912
-1762828051
673196560
-1977924644
-283731542
1535019932
-1200626733
-1100382159
1185086343
1110610118
-2018486248
1761813271
816612520
-1219425868
382460660
481977935
-573746936
710455982
-309506607
357876218
1367973551
867472777
91482224
-905761972
-1379387302
1845545348
-1077825999
-1181545857
1972659803
-348464043
2146433938
-689693687
1469286846
1332164733
-881092619
1547612432
-1432959571
-1728701212
-406775899
-706149603
1515412245
1086847393
-760292838
1326550800
97688200
2035959320
597829756
1393535827
517247077
463676489
-1558628251
-145044142
-277950667
28534119
37492459
598487594
736296024
-1063533656
450543581
-2067407200
-1472265504
-1920244389
362734923
-292214188
-1777135428
-1695875778
320088907
-887731659
1688715800
-224846831
-720249862
-1614705097
-1344200956
664897382
87906241
-1163770301
765546323
-1525503557
856475097
-171802001
-112711483
-1372491830
1680197904
-493477265
387644264
-1216534754
-43238196
-87889846
1345470522
-856018455
231816784
-11894192
1094782483
-1974229996
1311966782
100057162
1835301057
1506876824
-274573732
-701011981
-2006499724
1897887244
191528858
-710648665
-876058788
1539313022
-226147245
-2008150438
-1113998448
-337914235
-185328941
1831953355
842347313
-1871417962
-1995664359
314807288
-1072249649
1421791638
123595485
-1512201516
974796298
85496241
-978190637
-308906698
-701312388
197231721
185352241
-870993899
1470966998
-946775055
-1280487569
-1772562702
845762120
981576636
-11905715
914840981
444463142
-1705364656
-921479398
1560912123
-1482957880
1146520159
-1324086478
2137127822
-1752044367
-495367657
-1389432377
-133797738
767701234
-676139080
900380132
-345216273
812168144
-1136249753
977672879
996158204
-24346972
1596917314
826734830
-1780809765
881638402
1090309811
-1774382901
-820193319
-1078302435
1104335369
-897993765
722416680
764492138
-1940491196
2043251548
-416306225
1730711682
-75729105
-351404354
1470835169
-6310324
-22837836
1109917284
-818783503
1121364315
-1753505685
-142723413
-1801257532
1794585492
-1927331981
897904426
-1826026680
-714595053
-2135147131
1984830011
-1539970619
-453060274
-1351098298
1988909242
769335122
98658939
-333803045
953939468
-419874935
835598127
-1631248446
2144411747
1821036670
2007211591
1522176736
2004541759
-1419836692
-1588783861
661058773
-1543595465
655727025
-1108804721
-746809705
-85456391
-1117598596
1431098204
1149676606
-66708082
-2100858428
-2075935664
2078888476
-580054558
-951723013
-2143462462
422858512
1622845827
-1251289597
-1277062679
707733531
-1505658199
-2021297440
509583741
-1604691661
-1987274379
627025071
328576414
1661650775
-2114116995
2071252695
1167569397
-1711161373
777480584
-758986883
-555001575
-139126491
590205077
1629813821
-901753549
-778024913
376671010
-1393512938
1455628004
556826606
1717686698
-561743707
-1583202715
-697619077
1400785262
-689137515
1547469552
-2020645455
758752376
-1361009323
485543006
-1545070594
-2104902180
-461983220
-1125233904
487463550
72529473
-214758967
-772908525
-2043255995
-760818529
-925172993
-173058177
370803452
270348105
-1528535505
-929423585
-1161120594
-1141153490
-2017262618
-680391850
-1868556572
1827589979
-1242589718
1334419520
-342433298
-959036733
-1215006800
-1477163753
-1371754621
-1494951358
479085072
-1429229609
-1479006324
2121504991
-1943636421
239462181
-31021508
778507345
-472292372
-1416429972
1795534691
-1352464444
1876410077
1499983945
351257348
-1235366180
1577555836
548813608
-1751554268
1572998393
676309726
1971725359
427064036
963445949
-1070383629
-80493478
145565394
1941726154
594802683
848118758
-543883653
-70875440
-1026396103
-217126925
-2103040188
84179398
-799186203
1428149860
-493774727
1063598198
1565180262
1945941001
1483262118
674624319
-682290752
1227587840
304372773
-2000462826
1447743818
-1691986088
265201912
-749453363
-1692086619
866185206
-290315304
1113452439
768847593
430379452
-1386673522
-589873461
-1388047840
-1894756633
-500375680
1167530216
-652473609
-509102920
-1806071154
1056437209
-978592334
1965838678
478229278
1338614393
-474531232
-1640385550
-1777653899
-13677736
1583048272
896912172
2074699080
-1298167873
-861271869
408143284
-548038766
-1474760975
1238863586
-544089804
817864104
-1627549261
-514368783
-711847059
-231411830
405547535
2066690757
-166946400
-458656901
1108738900
1802412403
1872493102
-1124099886
-2080580000
-1118945206
-1802865534
406244370
-1938532832
-1035592958
1565612846
788830264
-285833128
1185522484
-223742892
1557006676
-485226849
-1286936819
690060359
1597776987
163795885
-309461186
1394093681
-872445894
718565593
-1066342346
1512929398
1996786734
1506885596
1083914899
479837081
-711299246
-1763984166
-422807851
-1474805666
405106041
-911780701
-298395564
285884529
354209086
1656412981
-88087693
1806052038
-493667496
1174201989
-1258347754
1419019776
1620641586
694456702
711379281
-1601301226
330110138
-674960567
-1903614111
1034232372
-1402300551
-632711473
-500616993
924718046
-168891677
-1080074629
-453804494
-1269190565
-1336665105
1714143300
580944453
-426396848
-44959766
1935848938
1796728697
1047435690
1944106120
494550399
1379420125
727173057
-103447236
45049384
-1637501796
-1293062726
153268681
1648944420
-1204502346
-1638543828
-1091960297
1405056781
279905011
-149042427
-970353846
-1070296738
436814611
1565973679
-71800304
-572250059
1467139657
343594862
1053382202
-1262056359
1730703082
-839113973
-981468274
56862077
-445799583
1840203958
428676058
1932070085
-88592282
-1616577752
-2105262516
-257373302
578525807
-690356984
-1678839807
-1237400998
-1110207898
-1835759217
2034588123
-218694590
-854294117
-610458770
1932482454
1148154446
1615094011
888860142
1157413917
-1928068272
267210626
-1950747559
-798650598
549168096
-253846546
2026111896
-711454773
748292772
-1115146828
-1120208355
1738772764
-2065081135
1508358455
-1085427198
1856799473
1189322481
-759329993
-781260430
1128742082
-1461981722
-1456228473
-1167602361
1310481773
-792476626
-1199077630
-1338635788
-1512909754
191418216
-1763573569
1279231653
1080616819
2021399062
-1130706301
-614191452
1709624183
1765510563
1893997687
1645767934
1844092939
-979169112
-543835110
842612326
1228334644
-828717718
1824010872
-1611334312
426361745
1189883047
1724952988
993152129
-460019979
958410897
1677811010
-1785674915
-573496779
1107581978
-1759974703
-1867169502
1885932866
246792818
736611463
525208028
905266809
-302753075
-1663017995
1532563929
-768105415
1198117993
174765998
-2013717690
-1096160330
482027215
-307476421
-1697871335
-721100532
-2014551464
1208885329
-92073422
-1331706729
1561494770
1573694533
1553834940
733598081
-1832429788
2140038335
-719963687
-2067492453
160404815
-1129940819
-429691010
1642011248
1722018101
411279995
2032533146
-1826650217
1855027135
152738944
1192004989
1346979401
405735162
1293871291
1180462711
-1050409422
749731938
919855038
-1185663552
76571531
-160509085
912997097
-2004399721
62168680
1100774428
210079195
-1080045396
1265431374
-795135387
-1648598234
1122411202
-2024773368
-1381595885
-630919103
-406380656
928262074
1154180474
-1120561982
-310439960
-601576138
-2141788365
-1486382900
-1282869989
233665166
-687163362
-1399726395
1800497818
1467799273
852661418
-82805684
950959584
3892122
816200787
-224891286
-1164304241
927645038
-1695045012
-1730814713
-1440802599
-225323195
1338349342
-1763270242
578425889
-1027524125
1852212400
1500120372
560381921
1655928071
-1616847609
452585861
-341111602
-1036317251
1089004400
-848244352
-1368326087
732986864
-370835811
-190612234
69318583
765991235
636034797
2087455629
-377847036
-2141132000
-769899280
2135939834
1203714084
-570760688
-1595184086
1642632303
24847818
-158081971
337796629
-590602927
-1972090883
1666214293
1564160364
-1036624083
-2020957447
-431073728
252148134
-378332436
-361240493
-557034604
960391872
-1892336826
100780639
-1313648296
1038284095
988568180
1668522453
-463250266
-1910432139
1560309545
-933606990
-1016129531
544348418
468112578
365385051
-166846282
1087037853
1434657467
386860296
851440974
-1114545132
-1703311515
927374431
522072452
357592209
-1321231915
-1862336673
91632460
1508043038
169072415
756136319
-1817215708
-229425302
-86819132
974443286
-108697172
892582605
-853032344
-529786627
-42990468
1040275081
-905872184
1295301234
-1727980495
561145938
-705174550
-88972993
1278730697
1118236431
-1303418219
-575461350
480160048
-1907848734
288572675
1456608079
1982570266
-1794876571
-663075628
-623513700
1242990611
883514679
-666304442
-1595622565
-1872569132
-891689034
22198435
371326438
218027991
-437816819
-1667386374
-825183946
239945772
1817955952
-205062639
-2089311795
33111437
572745382
940360857
-686724906
-1018175056
-276808505
-1222262109
138372233
-1924263204
36025415
-1302368429
-855026988
2002031551
-1202100430
-1914444846
-718704073
1599005821
-1326085192
-693916535
1417628911
2084968716
-1913803284
-1938884213
1950454358
2048540862
700367304
-1500716462
808034953
-1213058273
-1354772108
1389801645
1801039947
-442837504
785959879
-1790417159
-1989632728
17576147
-1200015603
-1084820082
-1861422115
1071374649
1996540939
1987040124
1905435894
-1974876967
-731366081
1728900727
-119707207
1091366003
-568807829
956507663
125038914
1171532852
1254400084
1096861219
-1456587793
466541899
-16952121
-644565865
-1646016259
-502815556
1475079900
971916868
605846131
1537495923
-62532738
1913712432
982602558
-4508773
1594363434
1274429950
712536989
-2069932240
1711128054
-255069528
-966133825
-1098204206
-204353836
1638060138
107060393
1084643292
447513367
-876680447
1396395869
-1763875659
-312372938
1890080533
424086072
1474984549
-1170482736
-132168206
-328031077
-1092464533
-1346373136
890070142
1598978253
191444941
-1047577199
-1984318105
-2095315936
83731055
505984612
2049137307
409199953
-1449964632
-1377928496
-1598356995
-1484595916
526374418
875647289
419031381
-848054896
1584591521
-1759163516
-1211060857
-317312441
-306092810
407246555
-1294509817
1989243066
1374386421
-1992686675
-137665140
124934507
259833236
-1775302152
-1249925885
-1660090397
535566582
-2091037238
-248691258
-374190891
2105575863
1418651652
1716807181
-222777726
-1750062711
1851062113
-11670876
1936362335
-1932245761
-997311050
-2003333922
-35568906
2019990696
-1989948038
-1543613495
-2131785463
-609672352
-1088124023
-1302664030
666584828
-1831154207
-961509084
1574344331
-2033602700
808535968
-5146052
-1964599942
-1320785862
1358471382
1340984303
-694722444
981003877
1035422172
802692946
-56623365
-789997384
625340347
-195744655
-901166651
753523784
-1716515325
80630163
-608435538
-2125875358
-844412453
-1857596734
-1291585554
-1522637141
-406787495
43126153
-1572493682
1478281351
-1507458540
-1625086721
411504663
2093748926
1760828918
-709432828
-1455179891
301710941
-2126672554
-333052982
1578039707
930205146
-1483368635
-658662249
-1241041905
1584714106
-1655295705
929502920
202338439
363286007
-294516091
1176997400
-907245972
-572495524
1463484962
-834688734
-557979616
1743258164
-1754113973
-860324060
-501641358
817534179
729363059
-2035116539
1435876698
-44330157
47006718
-1214759784
-1140686622
1854083794
1902555229
1906623778
457193825
568194105
894007898
-1605999591
-1027635217
1483074129
-68283212
1744353070
1619682324
1103692403
-1320556562
-1399703411
8210370
573477742
1970921827
635380323
810722949
-199117140
463363998
-1358395744
1318200312
-1169707113
-577171480
-1138947
-711443078
-569711304
-1571647199
478779712
100817698
264852001
137818067
1574200255
-1474921489
-1667264883
-386576508
-1376174558
561836356
-203958075
1602245963
246420075
-149561966
-1533624380
1930569637
-1321543109
421227094
-640330723
1926240136
996971597
1432152390
-783088868
584533688
-2132046265
-1083288378
-400064468
238870362
866649777
1013638048
792682616
1730261190
1452043077
245408756
-2120987437
-1348319839
-1845708952
-664383123
1738272220
560580393
-1357990152
599513781
-1384712611
792674770
1019031880
-781628886
370929651
558505746
-973848472
-1655241263
-1957712396
1531177081
-1737140055
303405707
989301388
1352312835
1064682591
842696325
1282396713
384334257
-641558552
-560285963
-296550120
1348084309
-161390099
-1681740542
80000880
1189593005
-1001055257
177700355
1948092206
1407182260
111353573
-552918292
33751201
1987493171
1294737547
-1082012924
-775315192
2098198429
-1716945827
-1758648869
1052018553
-1458328548
-2040574659
276682875
293671939
-645172761
-1374151886
572166621
-185936617
1053182934
-217636502
-1949338978
1891002147
1712798007
276459649
2027928562
1251486335
699105250
-501845757
357497304
-768216180
716374922
-18314705
190192783
-1882121958
-186237354
-1221136130
-1735641784
-300382966
-1759859025
2110776163
781306396
-1921471692
1179635291
419091411
-1937181376
-465991030
-995367222
944916743
-1936473226
-250012547
-1786685776
-738888193
-701135418
135452319
669654227
-487797174
-1962210707
-118807927
-871318491
-494069116
1377366294
-148901890
-1994732267
2069418272
-835809721
558744912
1679478817
1905768295
818876957
1294660098
-793504337
1826164416
-738597316
-1154431058
1668599581
-367734223
1564899072
-1809515223
1368890646
-1805334491
592894968
20160484
1126117159
9858159
1458049939
1600927636
-1068250991
1549989519
-1308768741
2004549653
1809038944
-1960116174
1158857699
-593404533
-203078980
-1410887681
-216616260
545189578
1909002622
1725598864
-1936417107
-2039553545
-508374522
832887742
2011521506
1465085807
-1559936437
101233185
-619964444
266575591
62750515
-1492986154
722079754
-298992941
-858128860
1498275714
1868231471
289609228
2101283802
68069527
-165605212
-2044196948
1449387130
-1533440554
1637156456
2037203260
-550455065
1093936916
281753750
-209329391
-282643116
2058325312
-803943394
1228927730
1668570395
804481955
1332287671
-402974466
438554572
-1991089814
580896276
-1466710324
-761672825
671381345
-2028795819
179776723
-822443890
413969921
130330560
-155803124
226134549
-1030035540
-2087190608
473391573
1140695132
550220598
1809678541
310756376
1629870079
-1581532505
462242428
-1038003284
-1253637492
-1606624706
1818181529
-1198954757
1624704086
1305945017
-1514612125
497557220
-1506987128
1864389075
895591351
2142498785
-17820548
-2011664370
1918951809
1564350828
-1414396083
574798514
-897021841
-1348030562
53656234
203291413
-230056730
278207257
1204058093
-1307581413
-138858695
-442617048
-911106965
-1609878784
-462657768
607082020
-1099967475
-2123327404
155537990
1063789593
1798564127
2116463943
984705678
268615592
391265639
283474214
1987446519
-1912293074
218447993
-1753855195
1698049078
-219084763
-1359710391
577825886
1554018403
-472533302
460056833
-351572455
1525343728
186000384
-723712747
1394743374
-2077343274
-1401094284
-1623239021
837893223
93368592
959407104
-193423169
928182345
-1404825268
1590473812
-1269235489
1810822549
-1369276192
60628435
-1338912430
-689221334
82803194
-1016404550
1675200999
1838175982
-1477251813
-608115577
659704171
-12898866
319229638
-1123363944
-897829757
1814433794
-1190605708
1052397841
1485239740
1077791637
-1272570678
2036186627
-2139968800
-1464842460
-1148936435
-1463526710
874632075
-1822945563
-1670496811
-199408203
-1383918339
-958059029
2040056064
951402476
2054350640
-1713121369
1928903401
-1076798322
291667756
298165681
316579034
1331887641
-204305766
437939656
-1524515138
439600655
-1920626537
-344853481
437401114
1827560149
-382268469
-516948551
605509694
1817389021
1793167801
-365918337
729752503
204897287
91200343
2041718000
-2091496185
2027399748
-1420311839
-1327969391
-211295593
1123487868
-262239511
897289829
1509866476
-1525995343
868549299
1695813047
2062690329
2069039204
114088895
-489775338
1546293108
-75042249
-2131770202
-1037667936
425852044
-1311908397
-1968104151
610873987
1555021914
-1045882357
-422684794
724694464
-1767004747
1089826113
-1996252402
-861706446
1257793547
-1154263032
249527283
-869955633
-474717874
1782472203
2071583846
-873759956
1272619819
-2118813396
-2020652319
-859166394
1268903809
2044009200
1573089729
993048702
1067074576
-1482334183
-1142789097
-710925339
692645233
-1721410924
-2027809858
-888180294
1652446533
-1186556523
-1746821968
-1434563024
-92405839
605698048
444010901
1758465651
950299657
-1883018998
1937737116
1797611501
582864074
-1806116064
1210060686
982198212
-1594111282
-719740665
-1695358432
507074215
-844642374
-235425469
-297986680
738505930
-1097706566
163363773
-255920558
-2024609234
689425008
-34327137
1564077427
638600997
1654475561
-686833790
-1293658722
-316993259
-1645707183
921258443
666161622
-1299163269
-991434199
-65496238
1643379012
1621267763
-978804554
935861827
-300127158
1063428598
-1550728964
-1408297143
637445847
1265088547
-1697842836
-527062296
127869948
1791726273
1447487898
-928426710
-761616705
-2051283005
-936818382
791590781
-1018840017
-1003306354
-61076948
-62398245
-663106888
-75791687
196733502
-1403751381
-1118616904
876774163
-1334302830
1516458215
139052113
-246829847
1476938937
-679239170
1849970304
-809731192
-1749661730
-690129158
131648366
1354904576
-1095483074
173558629
-1442345466
815093035
-1251416873
-1760026519
-1078422329
-28081171
904663903
-494924618
1061791194
-1859553348
-1477890441
-638359896
-723937177
531802978
-102927328
1602022567
1206804259
-845359615
-702800531
-166359087
1993910317
1713074263
-1570163590
-2017803050
85009946
532138563
546788764
-1205960924
1761138254
-473009016
77844441
-1766245821
1378277517
-506264881
-594552678
1017689473
822324177
-1333827086
-1628649825
1816937937
-736435107
-442204553
-1174632398
1010426351
-997609711
-1532668070
-1650014049
859131080
176272896
-201352946
966162658
-1585118695
-499303873
-1075909434
2111483810
-74004138
1379563263
-623237136
-2103372706
748688076
-2107530786
1658644481
-229684763
1409581833
-1172693895
120104567
-1146876917
-670084997
1854450501
1636075803
-153095015
-1036888234
1132053919
140735111
-2071913595
-1362622533
504910625
373036775
-316930462
1518572054
-910005706
-2084103933
-745563367
-997395001
1783817200
194212732
880347609
-1677928956
1431296280
228700757
1118298700
205928701
-1982112634
-2051358539
-274610166
609916224
256181939
390024938
-867665326
-633941666
149956236
830018737
-1884544265
-967960113
1697360776
-1605930060
339681431
-97406702
550903036
-2104148397
1296023571
170073624
746140333
-1566726490
-1702913734
1680891106
-433200474
-673015358
-285769017
659551592
-1085081524
1075252028
-1575857779
-1007870788
1127057583
1331950826
461887216
330450031
489412642
-1852371216
692376215
979549235
-1745320691
1362527226
-42742945
1534740929
320146433
-1754978874
193332114
-95167747
680524044
1010230757
760937560
319206999
1356618318
852334273
1217936493
-1556361869
890587084
1267874017
-1356181997
1513297419
424776835
1096767595
2013472842
-2008347372
-1235682112
-1061863702
1304000319
-1764046817
-313694802
-363266735
-1561364479
1666267394
1039139376
-1723100608
-945857670
-1030584393
710111472
-283725691
433480860
1303815811
1716070328
-1656690204
256325082
-438664102
384417792
1469268507
1588527577
1005027713
-1803749177
1559653920
1469092711
558566005
1073709478
609108908
-410820437
-1580040949
-1965956319
-870441732
-981197410
1937619928
1543313472
-953600810
1352106425
1499272146
1882107230
-2115092791
1726428400
-1061857225
559380544
84787129
-1869867042
1575966893
2113224040
1268705946
2092456768
2139493802
-1614752085
-1972435589
-467199321
1920554773
2063576833
-1436312890
1071541865
-738162387
-1269782629
-319292731
1923885272
1368654761
-2017871301
173199720
93631158
-786358495
574418111
217633861
518961895
-1717584724
-2070910467
-68301601
274574696
243672009
-1291922474
-916094166
-1803016832
1090673282
-1993203067
2117749838
1770442548
-1095869490
-2114149064
-1049149013
1675324415
15126583
2019096545
1939891229
-695800126
-129880900
1091764813
1866674048
-355409159
-819962889
-1189522316
-1342283146
1556189999
-215394942
-728271853
1054342759
-613178701
840124311
-2081493128
-1432042551
-847704436
-1871759626
514738588
1706340001
1826277801
-205178613
-16641162
-1020512440
-2097584036
-1573409713
856540813
648698738
-1509388535
2071401198
-1705036593
878162796
-817489894
256275369
1971888545
-562358364
-1112988363
-546675459
-1172645833
1148492398
-1680568399
467347076
1459213092
-1379411452
1021013061
-1833669476
-1046755020
-18157873
1629328898
-672939450
2104210297
-719357468
1852667011
1832953167
8757411
-957376560
-334532254
-255344460
630483349
-532628584
-1489579795
-1369118398
-688022732
1602926074
1588257304
-347225987
1963043201
-1914606343
528136630
-2069290558
-1539063831
-1721497704
2018831587
408796591
1166918363
-108228123
1752956613
-1750825022
-1210427749
-1291363016
2041017715
1839323712
-1409810603
-311844676
78432820
185758807
-1967804811
-1668080082
-422926100
-918047098
481972533
1778306789
1277440722
1954595132
-80857993
-1140663023
44120166
241457599
-1686744620
1648389447
-1841062238
1194965327
598661620
-2088240068
475095919
-172184950
-762081249
1652511952
1958081882
1280022802
-1453733100
664953422
-1342909817
1693742956
1240018713
1493721842
1462936293
-691036373
220034387
116080299
-361152094
-1671033011
881644631
-7928287
1387162081
-2033013532
-1628185088
-507257352
1476131498
-1843107336
1998644866
1954339414
1239680546
-1753123157
809912511
-732262750
1663705083
1592385694
-1724113959
1818252687
1751031597
-411417453
-2018562552
565679448
-747649307
-1208650156
1304713388
36996172
208669374
610681554
-443252315
1120153997
-1493179858
253276304
525786594
-1750346220
-4399294
-985898431
-1638643400
1484632567
2097085581
410517424
-1760049292
1697118702
-314026403
-925906721
-335707469
348559635
1130021680
599766899
-444409104
1378405096
925499238
-2138320306
-1630577955
1770508702
51929143
-321939587
-1374181897
1862028436
-1453899290
159359061
1090040788
-770444515
1965270326
1176429528
402320575
-255740026
170569757
2015050588
-1756234874
-687958442
-2132212297
1163595118
-1360566127
-518941225
882059645
624968435
638276150
-2133214763
-448503370
1761798800
-251144628
-891490395
991218989
-41406901
-2054618883
-896846232
328114211
-2080342158
-1617668896
-1906997359
235256967
769793211
-521650105
-936623196
-1277945500
444815020
156046292
770778943
1118875034
183121468
-320450990
598019165
1618858448
1100835258
-1892920895
-690357287
-465089112
-1701012498
52680114
-998878415
-419986379
23370109
-1796625707
-1621228915
-1429310551
-1169823599
-755063856
-194828545
-1038320558
-1348815175
-399984815
1982825738
-1888607545
1960001805
1182510950
384608104
-1837809314
-1222763883
1785526795
-2054642169
2026855648
-1075579670
-822382844
366074197
261099647
-962277602
1932336877
-578552387
-1519270648
-2143375655
1253212047
-117077136
1291724628
1870940099
-257980044
-1858320792
-1927081468
1754019113
421567165
-1127462231
884989548
-746083878
-954584270
-1836771127
771903695
-8799662
-1040196198
1559520946
-936799283
521577754
1344264780
-2142324569
481883928
-593183378
-949592315
945424004
260793710
858709023
594837500
1275523401
986957251
-168658245
-652995021
1680428248
-1608139844
284286186
-2049755376
310968829
-1452967068
-1456149478
-1540943572
1116769455
1194632217
1321838942
-232832407
-982607211
1767724743
138369427
-407897271
-1261138485
-1206125736
493211588
858424189
1238624229
507210091
-808683057
1273033660
-1929846477
318662723
689115976
1835743446
-2115981242
-1827882495
1540891292
-1227836408
2003715507
-1203165675
-231758727
1228606609
1319665686
-187091214
-565278355
2131494533
1903762521
620666625
230549965
662270688
-130816458
820869335
389223384
-378565410
88206586
-2100701527
492296219
-341092216
-1849376630
-2002103041
-811550698
-721168750
-255722837
774153383
872733471
1878139236
-525887363
935608300
1665527174
1423296374
-1862408120
-1273315577
-877376007
678688480
69472122
-48463914
-1237439190
1023757873
1732275440
-1334602549
1700692910
-720411010
-1654760588
1906192166
258671144
1434741438
1380391046
-2075330458
1812881318
1635012693
2117849951
1539903228
1907272266
-96434962
-1584191438
342923842
-111837652
1023157645
-157512780
-1714148950
950683263
1840255715
-45061410
-1645325510
-1477645071
-2065991964
-1350827279
-812497609
-270427304
134123414
964965818
918896416
-1216056438
1418122028
-1546985961
-1065212450
-1788452469
-1169112749
-1888065351
-1079662792
1661103085
1902441930
789820715
565485708
-1150474636
316362808
1686536978
-485114693
1890986744
1344816441
1513942965
-1166901915
1181596815
197504185
-1176582209
1032004438
-1304495894
594125189
-2030456509
-573822401
-676250625
1947420191
-1665699327
-250917976
1613339112
1012826833
1522259431
-1568850651
1315934986
-1358098172
1931213274
-1224434233
-75078022
-2017171503
1379466933
-1043478827
736011931
-605725224
-849057647
-124619844
-1510345717
1515951184
-1227575737
-1319406269
282395327
881852256
2027207986
-1764891646
-1358279316
294330284
-947817159
1593083412
-35513560
-1744256719
-334208756
-766682101
1806351185
1174950741
-957665620
-252802780
2029919149
-1048433095
-898651087
823462587
1263017170
1872451922
1224494279
279114496
1043548360
-1556699337
655718905
1496980203
-2083008532
-497337669
-1978649295
-1879343251
-1427967978
-1193948866
1707265407
-1782399513
-1666504194
-17093056
-765153895
-1372036129
-1517819685
-355982282
311330338
579667440
-1777762228
1224947360
-392406993
-614837758
1578673276
-926727845
-825809914
1799786683
1775419520
-686943949
1583628328
-1663415755
-445985022
2003302844
2098502801
549388785
665622820
979792993
311326269
563691018
1144684446
-1444602691
726679278
1730104749
-42192343
-1935827415
-1674330836
640778952
1823930655
1708680853
-725309299
1724896001
321811810
-889900389
1924023862
101979113
464976509
484951761
-70792799
957826673
1058072330
146172510
-1904247393
958113180
-2131321006
-590547249
1172371872
-2135135114
1044188730
1255182635
-277682382
142575428
1342230620
-204644284
-1175643193
-30104580
1255697780
274256976
-326104390
-112175625
-1381612547
1826116535
-67972204
371802340
-1607791845
-1530568403
1923969162
1172864767
1210322619
868585219
-426194614
-1872906621
-1160869384
1509807034
1589030390
-1023765923
-899955776
-2022829095
779091568
-868183519
-378023497
-1315244800
-252214824
-1205377727
-994106022
-1667674564
1334063698
1202799995
287131495
1307560347
-285343476
-2025454445
416376188
-101151997
-505129345
-1681604286
1568380414
1018556479
1776669428
2026338158
-295700932
581615194
-1777003703
43179930
-180681005
-831041488
1193180660
-1495248481
1003809363
-1711105471
-2036376504
274112156
-1355322846
-1223747640
-1711356937
-865987030
-180034144
680064267
1076696279
-1989465388
883724172
-1529083147
-1799942424
-1351718459
135962021
-1888124959
-572144491
636467651
-230076780
-713154120
1467280698
-76671652
1669458440
-2062037699
-604152858
-1558432674
-1200939229
1882814119
751410785
-1594500981
1878287636
-370497681
-827914128
-1181699699
-251379196
-1755806357
-760893609
1031998503
-2104910794
-1555319012
-2221666
1865007277
-538019479
858241347
1199286040
-1606806346
183292032
1846639033
313980192
-1037859825
2024558948
1919175552
861651750
1007723762
1964656425
1215924244
791288681
-627729546
-220530577
-583503353
1830470661
990761033
-96065014
-936825652
-443859920
-963518819
1826007013
-1591812654
1272302016
-242619040
-426837981
-835040556
-316777744
1148184495
-1705796474
1833404783
1835352162
-1550301044
727549460
-1869704204
494732136
1175416269
-1293050121
-799549569
1519443070
-368794025
1888784036
-589099192
-2034397669
-1491374196
-1829757889
-1986002632
-99178584
-2020698623
955372350
-815927361
1485731024
127413620
1188613708
-1457531676
332864762
709661692
407030895
-208618851
1555543827
-616172414
139916396
-1426799520
1035490704
1751186543
1817111145
-332874247
632573619
-2052933466
164174804
-200588386
1813136652
1114295733
-2087099004
1254610752
-1235897278
-913014970
1266382877
925726499
129369619
-1722008869
-1621320009
918522288
1403220888
-351888966
472435649
1388917385
-605931827
1352732197
-933162973
-559389474
1718145104
-1610371122
-729816925
688342782
1723229545
1220467593
9555337
1980742449
-836601270
1444321859
-743468924
-854711868
385322135
-103218382
-177171250
-1380603804
-885108185
1610353997
-1053074033
562674351
-902324212
952271870
-104108418
706045960
-1293992496
1458508566
-1634034994
-1378692438
1857169665
-1668833791
-1219109305
2033318911
-224981776
1511675450
1097082034
5210674
74445493
228148480
-1157127303
1843471106
-2033685131
-570934198
1695066511
1843861465
1501808359
1124360951
-1184691827
-1810981092
-358420461
1823199305
-1587707363
1604536004
-982369700
1432283796
704956571
-1498297299
-1259660095
261913906
964303352
-1462196946
-669611681
441760185
-1541442078
-1922070935
-1996449991
434018415
-458627039
-1854899485
1754694715
-1359066115
935625796
1830969558
-1076604036
-1305297821
1769273212
1496178630
-1321759805
1919630636
-635644729
-1010619439
817945164
-895094046
553713488
-100128181
757505484
-1257595965
-588065003
1567345546
-831087183
723300276
1062013898
-655053315
-1115328083
-1931801739
1412446717
762207875
1617845621
-749561067
185185914
-440808967
860792005
-1853048920
1043409904
-1145392107
2106825640
1075391544
101707475
1671776114
-1142753547
-1090578951
1041181572
-468970774
286859548
249500607
1706578607
910166059
-699295966
1606711476
-1186633739
429477764
514429417
298481221
546641610
374932736
1739423669
-1399492260
877703583
1061237429
795218411
636483284
1162903362
-2063492003
1023533850
-1059192023
-601032059
1768763429
-849020609
74486127
1152509982
-1420480315
-910710716
-1613847163
1154639565
-1943769904
-1214080822
-695712374
1460362691
-1759111348
964556584
1218123406
-2028737214
755570053
76943026
-1948807028
730973568
1844041246
-49818307
1137769880
310478801
-1371929240
1037839074
-781076396
-1637771772
1082045174
-785329662
-1494196824
-1171262452
-1403863952
-1683332213
259646897
1211244514
597987751
-530922632
1185929209
-1115159638
922985962
-352593506
39390953
1492739604
306389655
102142628
-1281966469
-796951291
1627172596
1437232466
1540796979
1426228853
-405315265
1835669519
-1479084465
1893567386
-1054593789
937812644
1469997117
-96947642
1923244716
-1169881018
-1064261044
678215821
72619101
1790645714
1442584230
-911690070
913536001
-1359548327
-1209414274
-1237540062
-1676181856
-274907169
1591306885
1870337321
-98072333
-961002912
-660378207
2069156165
-333283015
-1255978221
-431652128
-1981240271
-1556612533
-1902611983
253154730
-243552253
360600558
1097545592
1259463478
502001552
871535720
-1637670740
-825982913
1693625359
-1549547691
1792380766
1330513398
1588637948
-97192518
-212968784
-18949574
-1538651586
-318895270
-334828585
967558917
1258584203
499465544
377742114
1132123433
-609335285
-309344835
-1937929924
1712758333
172584251
-962459349
-371748691
1146112465
1532038164
-1078691694
-891753562
-888690200
-525480597
82035985
758954493
87304871
-1697667430
-1674037057
1930531701
1616939337
145356640
2097760443
-808668605
-4815275
1706631685
2017440897
1309065677
1675036435
-1106837055
-1664498049
-412068428
1888377403
-1080695970
-323319321
619203860
775656432
1290789916
-976877114
-1166105078
918369516
-1206723884
274328917
-1496152714
-1406889733
97464159
1823671695
-1629325567
-1248548691
439501880
1380294659
1532111201
-1815582138
-1929685409
-1529367829
-1835455781
1711771129
-1683753088
822687356
-1329436151
554729813
460555860
-252166273
1503428317
653334015
-207140537
-562843872
1639383013
2016339873
-332460197
2080934917
-1651939376
-415519454
186153803
2120439970
-521908432
-834606825
1069636851
222296779
60161665
-133059208
1233894638
-1279784822
926391401
516449942
374636161
610831922
1839758401
813818188
-577258569
-1679449677
-1005498157
-2079981451
-29605940
-1400678608
-1549711515
255972765
-1062091826
786492110
-1680650506
1065226490
463720833
-1675873329
1915359175
846724252
557674627
912307422
-717924580
523400931
-602406480
-1410933333
-459539645
-793272270
-810423097
-1263709766
-233735211
861614049
-1628437427
92227704
-1613831621
1503175800
1173799857
-1602725233
-1264933261
-1213742311
-103363664
1835487354
-1948017644
127212092
-497401606
1349961307
506407823
-1437369438
653717781
-191121140
-346334281
-132734589
-104636031
-826847117
154759042
-896109815
-1735709411
-1353024742
-1240589296
1373477889
1996575689
-1863373058
-875521299
-1623364657
-1546297269
1207198630
-1898832750
489435043
-681932682
-1070130825
-1794416847
-1250788375
-1279382648
-2050751930
-219779662
-1268836091
1992118996
1341300527
-1019819272
2130741056
2040469664
161736612
1383239016
517885437
1211373904
-1596207672
1164127914
379292207
553210563
-1837222915
-1716710479
999256078
1233065468
1382885307
922292473
-1208503288
-1592070395
365917603
1383821071
1530138357
989177615
841214675
1212691286
-390508145
-436943650
-650717317
-291720953
-832718047
1729179491
-313219408
860006009
646416253
-1348282710
-2089967744
-89036126
-169744334
-1891399946
1200366405
1876291293
1842076926
-1234613719
-868221634
-223176467
-1745379455
1710947177
481728347
-1751893695
334009907
-685248256
207693911
816423289
-1754725736
1475731588
1669803788
1822400296
1055907505
-897162953
1865731842
-155492645
-1383948875
-918048592
-1176903096
1141472090
-1138375679
794467770
-236465017
-438813395
1923779148
1420934523
-1039557805
-1474834847
366411806
2131513048
-1401790524
1252222603
-724999806
238120984
-1116426939
1663218445
-1873898502
-654931257
442317227
-1973223529
367984307
1139153372
1571396233
-939793680
619983353
1879715357
979663810
-1576307722
-1864560148
-1162849086
-1158272162
-116241693
-1445103501
-869088168
1699843745
431477457
-866024847
-299043864
-1135422375
600027007
324795447
-12582824
-1381599113
119618389
-643129031
1844282384
31747297
562979237
609362691
1666565344
1928625030
-1176020685
-1795216531
202398752
-1869728334
-1256914185
-245838323
1998896408
-1795685213
1958474016
595860717
865746338
307113819
-1524213156
1375720573
-227703538
1540614583
650345814
-201698614
1731429701
2086518976
1278949504
-1162654224
999318064
-1140459456
1891424786
-1684144691
-1691686054
1364241816
-820220847
17804535
-47477805
367973328
1640104468
596763887
-673196969
-2102633233
295880579
1001302422
-1190526032
-234412915
1068751650
-1098876961
1408643416
716271526
-1396493555
1169619909
-605749663
-2078534224
1604522629
1767682431
-659303
-195975442
-1655123030
1840834034
62512105
-248699898
-1966601846
-1385379225
1329069565
210508497
526335578
2124517246
-524898263
1824865394
-1394879998
-1794589855
-465382518
-441859927
764329182
-1597034693
1459575660
1139354217
-1864090942
-407466005
-1460102677
-367771225
1770824255
-2003827212
1305293532
-722119052
1103424548
-309425992
-986130195
2042700109
-987648185
110504166
-424986358
1157944498
1009226884
1292963375
-656951294
845886452
556304134
1445600319
-1378818454
2092680019
-7527227
299397867
-670249279
-1877711545
992359247
1948663206
-1294106156
-1752237794
-1264968502
-1915713991
-340032157
1753861830
-1363232456
1627717298
1601571077
2044920812
-1896880132
-1847724387
-1053358776
-1578885563
-2072527458
1871441777
1334290716
-1281591510
1227180490
1847559245
-949765776
-918664086
-1015334498
-1461872413
1697695517
771459675
-1716528603
1160971188
-245866749
-602102990
-1068744931
-570677379
-795699087
1692206996
-942632448
-2128072719
-1193237046
-1405217684
1855966530
906421671
-905098396
347769342
-1747621930
-1542763179
1166237875
-1026432964
-791956234
-407075266
1269350310
1476660312
-1639842781
1093770217
-823245232
-1924428902
-1149399701
1410088723
749457099
665634675
-1447995926
-1481532955
-1947647655
-347134255
-2002012014
-423644311
-1599855413
335896756
1535291182
-1448012230
-1053601499
-361765888
15890339
-108548485
1096853634
-734173035
933450105
-143453431
-840238539
-1715798628
-1227944039
1962257908
2040558641
-64607965
1812431448
-1202751446
1701070506
1682500844
1265302963
304888949
1551392251
-1055865726
1352957916
1727960487
-2138155318
1330573452
-1729545227
-279962606
-1280241559
937534309
687705370
2044884541
-213220993
-848633109
-1972922971
-1610333995
1436529383
-541903978
9834156
188219874
-61405993
-1776066356
2116422606
41589562
-1589960124
-1650329996
-1814382801
-2007371719
-1733343611
366362569
1787185600
-387730767
1433385270
-2019827856
391365571
1786743583
-578575265
-1752214325
-1563088498
373755936
-688674604
-45284721
1462913166
513884451
506123486
1065454227
84953230
621705310
1579016474
-1752984853
428510521
-1922234363
766433185
1243367477
-1910920227
-1395788103
1954646376
1738879282
-439518863
661950270
-1646823958
-923326568
-838109991
1678948209
-1605367549
-636515803
1414730087
-184597896
2010403615
1141767159
2057151909
172143163
432250771
1333675290
-788004271
-332784622
-1930916534
990324834
1775236520
-1663621954
-317420124
718291579
1284521703
-1153480803
666496410
2138981950
-1823885810
-1166287591
-105198299
-1580848571
-1351570458
1215272033
-1725585184
-963830847
1394722373
501044315
-704751125
412371594
51502224
1666693081
-709054445
-1660099977
218142850
-919627510
-1139275217
828491247
749592363
-2013568974
457806028
524934592
2060338746
-759690851
1281685260
34542127
-965011074
505419473
1610737098
1914913103
1717482665
-1042030846
510555394
333301398
463877463
1395782346
524638064
13723564
1238223182
330663705
-792159114
-372000122
-1947394809
-2011423895
-234083262
-271820621
1451077229
-862793930
-2046205392
-873237515
-1544747037
1337924269
1130850668
176988179
-1360451700
-188883293
-2091237413
2124670445
125146821
636420040
1538556731
-1356827695
867956214
2080571676
-211391352
1591836428
-479002486
1512264096
-278487647
-540071230
551767355
1214595409
-1498962645
353536002
-46051694
608358737
1485266101
-1337654508
-611821650
584307559
139691293
-1315384811
-1652905661
2100628649
-1538177743
-1191102267
-1104753947
-869118089
1701539480
-1887783521
-2070760314
539213995
-1467634445
419458090
1680968765
-1002587122
296813374
-893558641
-808387512
211160077
1717582716
-757245846
-218667692
857237676
-327078765
1900704996
897347835
-53513799
457833076
-1975807
565823629
-175728571
1171764350
-696584394
1196028946
-2028164272
-2119305692
1757562174
1327998351
52820931
704474572
-1700688595
2053108872
200821666
-292459014
-1862464315
-961655354
1160379521
-1465717587
154012679
-1937695910
640758071
718378249
655931405
1951557857
2070337233
-1033253067
1766086422
2117077000
226281673
556327558
423242210
-1442645678
-55212936
1176409564
-1109356992
-1042408168
1059004360
-1134693812
1120745188
1167618257
-151357651
220531711
1004702846
1886870675
-879573291
-1690438311
-986084345
2062669018
1381573405
-1260830627
1838855773
1272796295
-614824889
-1840991665
-1562516206
-1042156758
-2107745942
686230938
-1800267648
404953987
1483134633
1293161972
550212384
-337729979
1596682919
282735295
1552406043
1553751326
750339898
-1004710990
-922987743
832842227
-1746122402
2036923320
1482549114
-300845456
841976939
-1524787689
-1543736230
490635199
1864500362
-532973099
435103864
-1146445162
-1029669787
1062223702
1715687137
-1859460233
948744733
523324489
-431442168
946091827
-759902336
-25642555
-625735134
-779923537
2143138171
-1838679890
805347760
1662906602
-1524256051
36034653
-922700963
1617302078
-711135747
981717887
119793161
-543731739
1867197070
-388970691
-202791899
-1291095874
40561008
-1963100003
-1602896063
-890567599
-1155251016
2025425959
-1869399838
1094409488
-1056336237
175494091
-287685480
-161781025
-297591944
1789073154
-982788272
890583510
932578204
-380454606
184965094
-75359931
541501355
1020322390
1415333118
224112376
412931252
958795230
-825301996
758414011
1456235364
-1628953645
-1858318896
-659124704
-1217163658
2107736126
-1699648610
-1062241153
1342422122
-1181315894
717601406
1285343037
1635823732
-434581336
-1250957544
-1428403631
1078810295
1327536818
427792146
-556241660
-42164302
-1663784494
383382438
-1782572297
1250959098
1949923237
1029425518
886491498
1224040745
1069025626
-1206038142
40438970
103689494
1791388384
-805242940
-1338605013
194978885
-1007011776
-1254641031
602542568
415463073
-93333178
-688210148
-1673147065
1060871528
-1124641945
-1536960402
1077407056
-988262042
2099369438
776616401
-2073905793
2049060965
1012491287
-1986264106
1811496649
1408353763
-1210170799
-1726949868
-2022740260
-508368123
1209796734
-1249136069
1184604075
1722397132
-2105376915
-2091942808
281852713
-1992405114
825011242
-1333089094
-197144748
-1766278522
862104996
-990640604
999054964
1764486934
-341225328
192636548
-212930652
1083969452
-1109623411
-1011940364
1221436305
157930588
-402659959
-1851348128
-1815424639
-71238258
1967362146
-968108967
-25825129
-1855013392
-764399152
-538010073
-961851052
207638445
1875470465
696584740
2008509281
794372318
213011333
-688715961
-1277508725
259228481
-1757222420
1804542719
-317215219
-1359664344
-1413242707
-1224674495
94597397
1009633715
-1880266039
-1328312860
1038650241
-1464656319
1109168047
-169369300
547365865
-643638493
-1080732702
2039873955
-1855659039
-405202542
-992964648
135053615
-1887321217
-226125597
-373272283
-1115806879
971213082
-2038874888
1750788568
1733952266
-1036254891
-467107847
129831461
-2025882348
550646619
-990459068
1746534467
467530894
-529853077
556395425
1035639447
2010760200
1718257046
-769387334
1237002258
-348508128
-687568185
1668687817
273228502
1311469404
-1940708860
-1874644589
1410928927
490265403
-106619918
-1802939500
1206290528
-1395614074
1990119070
-495743877
-1622229332
1965257963
-2012373126
-434433064
1115180631
-578269237
-891573851
894844179
1510019037
-1732971438
681641070
-258075233
-858444287
1050273480
-1188794854
-990694800
-1642014663
-1631504602
-252354843
809328810
12597065
1542783724
124110918
-1725354598
1973913645
-387203023
-439745417
-465470999
234324283
1929750011
1263122996
1362267150
2115003785
-1123564080
-202065726
671569412
1194879627
1165404812
-1686433742
-1643584963
-275753983
1274777717
1142417894
401808341
1180396047
-1403221364
-1523391148
-1162779125
-1420939859
-180279003
1932786954
-133646612
2095673153
1384281530
-12437519
1220290896
1511893897
-1621207045
-1436177707
-1659618806
281858750
1507047464
-938897884
-1233116070
-1820402186
-286395741
-933008395
-863235674
1996478153
1964732608
403745356
-1143074711
2061776183
-15435040
-812911204
-493418901
-665143352
747935677
-1758441588
-1986784718
1065425397
-8778490
-1818769923
-790622280
-287093562
-1727769298
-1904208308
-26463139
1898124732
-987521408
843038932
1948382750
-1270859792
-564615306
628773046
-1798327801
718769019
-322597813
980081627
1368704486
-332290280
335894991
352845626
-1031204543
-1436549112
-1503037063
-2051744938
145166729
1345430581
379144898
-10038006
868158862
162984602
-1551794768
-1335878008
682427446
-476187167
-213515600
-937735010
-1586343319
1982285133
-373120088
-872121285
-1519434673
-1039298598
995334733
-1151284174
50857405
1857566113
2120267697
1636642621
-658266644
-1951165567
-1833242337
281664067
-2119490965
1240458492
-159029718
391631581
-627462826
1844568158
979383299
1493328406
-477191480
-2127662813
-82007541
1485205362
-64691827
-1468189542
732410793
-1293547471
475691804
102997189
-1219458212
718706388
1578036931
1505025411
-1738601709
945589984
1330471972
891357168
-95539780
-124808991
-321152801
1326446604
1194628634
-273790287
-690129520
-850724710
-1909575973
1952028666
-1981252101
-1866317494
1379350505
-1304254728
-723414906
-1242975463
-417704704
-451926653
-894261017
1643804408
1108898176
-436553140
1703778845
1046307499
-687174269
400641638
-2092174429
2036090868
1579862066
-1701188856
-825522717
-193555984
1672690516
-280219759
1143618024
1201132735
1314290727
-1729190965
-323276712
590689130
897504627
97544819
247094176
1010876417
-646017317
900536312
-1419572880
-1976550908
1470944629
593539459
-949940374
457625348
-1609557603
1177425975
-1797550315
-467156600
720369158
1424647353
1456702743
-1615717836
800453649
1770256114
1518311331
1636026151
2099626337
1300512275
-927696
-628830811
-1301632337
-191398695
-957649813
1371632118
-1308528678
1494617618
713904749
-152798835
-933051071
876539231
-1244351440
-720311445
-909896107
-1869903814
-960201153
1324151493
-779526807
1686182714
-2046480980
-1784297500
-597941045
803479445
2011105607
114213708
143197464
-1334407961
-117294580
914095904
1350972620
-424545487
-388794659
-1239733564
1452997912
-897928925
-1691666576
1536390339
-1345771528
-1143354723
132162186
23047923
-1265190012
815735667
-1638356115
-303820585
2036831877
-1515838864
1776620174
1752382532
1123795531
-40697699
-2008662646
-2087950266
-1079996996
1199524034
-1050797477
-132721085
-1063504
980437805
894534086
-1560480415
-1411801476
1591380401
674811159
-3418075
661332684
35741681
2002227984
-299769764
1066154934
1228041182
-153173986
1728169277
-686971381
1800436349
129727950
550328271
-921671441
-1256588051
103325054
-1090672248
-2074762837
437471656
-1696630185
870611254
-1935755071
12398089
-2061465990
-1189279198
825447488
-1899719667
-1566902407
-451884686
321100634
6307933
-21084664
995517903
271753011
-1010963317
-1267239693
1492663623
1774058747
-407879268
-955821229
-417774221
1991576894
1877178054
-1749144068
-1942105636
1577268346
-654927750
-901995463
-1997546342
-1862915855
1345567651
-1230990405
-842222274
1818378688
763470128
-1543483443
-1853605391
1221862193
785223120
218470348
-1959788836
-1488954292
-489399812
-140705578
1793787851
899074483
-98697670
-1228552511
1308162060
1453904303
-1200676962
1037645903
928373917
942591365
589848724
-295685473
-411700091
1906979854
1917024733
-1610588187
1217338242
-1666754170
-1508220969
-1536021155
1849408227
1538971811
1680144384
51096700
1776379063
918812905
-1801575748
-679750808
-549225177
-2118212036
-490136234
420794538
-397634016
-184234570
-1248034748
2059101730
-358653644
-1954008133
1999134126
712802107
522869698
-762636471
-765377487
170489438
-1308124845
-672188780
-1185797665
1265548715
832852039
-443021103
-1789688950
-522199322
96603312
-489275054
-2012869566
-575732049
-2086818435
-2053115950
1924399387
108367606
-89747494
96064018
-358361805
-1848230740
1995607255
690727588
-267148814
1863918782
-1975407289
-1130188538
1262802835
-1771279298
-332482582
-1459458319
-1015811613
-1720428573
1280835022
982884083
-552585911
1183342259
136186097
190177339
-1354516475
211956734
1061949739
-1579527245
52181948
1960770702
-908567734
-689277356
-1263953101
2009211675
53012094
-1514943308
208588891
1668055044
254479351
863384547
835638925
468830268
-514657076
-1268520072
-1980830443
-1826523262
-1081996770
-911233818
-971244044
-1195922988
2032255869
160719891
1062808801
-633497563
-139298935
1791450411
1654248081
1781050445
-270265636
847182768
814311480
-1690148800
994629927
71651029
-1058527410
-950903678
286299291
-1636886772
-324312682
-1985508902
-499329143
1250234589
-1753426597
380897861
-509266868
-814311175
-383483396
616254765
875335526
-783680113
1176289451
-1647267110
-940118040
-1603268387
608740721
-195529944
-461278697
-14298871
1640033396
-400311430
-1888206772
-559400656
2016147324
-1638123538
-316623333
1705742271
2069471155
1627552722
1042026935
650692098
-31203412
520486229
394876821
-1918321414
-1188980314
-1019963263
-408204210
-1914797198
-1547108848
-911553176
-561927991
870244692
1584617040
-1337119331
1757605017
546620472
-1702086721
979807462
-1263111517
1207394621
710042360
957270319
982035459
-1409277924
-1691298990
213237184
653108527
-1129602183
-1994734934
1063531954
1568946525
-1802337668
247309669
-31510113
-1028745182
1566279584
-234331468
1639453848
-1329921701
-1189967670
246893850
526126171
612490064
1787571357
1837670187
-1900721979
-397637867
-2135936756
-692748139
-643582331
321558323
-1274476752
763877220
2008690962
-1122939768
1016125531
-1314559615
-653762594
393969003
1151420524
1429017211
-678907189
-587314413
-160659100
-1521806967
1611477470
-1834399431
2025559097
-1984580657
-369290190
-1706099718
-1625908502
517201632
601903662
-281227262
-2043017261
-1436336253
-2133481734
1438118119
1359715906
-1416879942
-1813859026
721854930
292065353
430780159
-657112372
639892580
73309653
1493806032
1516748912
-1565115946
1743753471
1445516654
-1312124987
1321069154
-1566594143
-1336047904
-136921797
-1175011615
1610930732
1037653054
860233974
-1438070603
-493502535
1612621611
-1801970935
-1254927384
-1487605923
987340706
-687251741
1359527829
-1260001600
-1855996682
-1988591095
-597362554
-2107728400
-997027053
-377994747
1690204702
1409400946
-1813901303
-1452558947
-930350727
-1707416678
351213003
798481736
477568721
989285916
102198323
182011613
-1883836125
2081105122
-1388294328
-379340659
-533538799
1610354975
-574284349
-371386605
1572427785
-628640861
1254353872
-1232864471
-2103186265
281901425
-1101398511
1076210237
-369908392
2003346830
922644711
-626104732
1837656127
-1203723237
-632713229
-631617137
617545563
-677184858
1952162266
-29614084
-480226328
-1516541508
889072712
104003054
1775139846
-1967909950
600241207
-826389345
1333952152
-1483686652
2067021425
1873554037
2102915438
-629835506
-1540484013
-761562508
-70134362
-302360262
-808415021
1728081652
-1617537457
775090314
1495235011
1509940115
1771392334
782876855
-612128426
-1806583188
135770757
1224533129
-1174991901
-1230352248
-114009807
2062191465
634140137
288138644
805871507
-797894092
1196086866
-882883884
-2099645230
-1936718511
1042974971
-78680745
1798265119
913553413
1216990580
-1827516564
4209690
-1834476283
-2070469116
-681654956
1913150835
898800716
-1073831185
1996210488
1848021972
-1355963857
1888378362
-2056095139
-1448698370
-1928526931
-676812242
709286805
-1707843022
1750324235
239270876
480503032
674840529
-1900445792
631033057
1224733908
-1471523002
1229275117
164233515
-1106760735
-1353126877
1581530352
-1964994693
660693177
-1199290998
-814747719
139555436
1388336774
394178766
1988074045
468788659
365046524
1030589017
-1967593367
1068774311
873017226
-230264625
650186362
1986565891
-592338485
1076495987
137427083
888993003
-277547198
2069816521
1065639791
594735916
1544138822
110470781
-1205545280
1252667080
-1262950853
1246309251
315566136
721786544
117573890
1302100862
-2120052673
1338322643
2109243314
-1723209114
1108258756
-938836137
1854808199
-1873976476
516835151
-1860291547
-1397181414
1613626880
-1872097449
1106358443
714078162
-1570160259
-1365229104
104831964
-1343958118
-205211005
365078792
1281009787
967423700
997246718
568739763
334110105
881807500
1429322822
-1143148988
-238558372
1589122800
-311243904
1252151677
103553025
-1747430912
-562542525
-462719415
-91328221
440376705
1763521917
1579189961
-731517636
-1918626250
-2082325352
1945527468
-176973460
-1655265710
-556633384
-1419866941
-103977095
1779115304
1948553478
1121525715
-2085973993
2060860964
-1027243694
547234989
759324008
346968830
2070112117
584079228
1310996933
-354693845
945719062
-63104419
-1954156866
1889047191
796372078
1020418869
375586911
736465297
-278267090
-1372814659
1462202549
-291989497
-1776793697
-2010398495
-1455114352
-334239246
1272208907
-2136913334
-910691703
322718483
-1480008613
-2128979143
376738118
-1403424801
1190429185
400036758
-1843985924
-187168329
-860874217
308314184
1937187381
-1096555941
-1750703160
973497799
-2081785902
423869088
850894062
-628449298
-1652394413
-683155359
1421382396
-1714214123
-1399630762
-1506299981
-1500029410
-1830737313
-510380707
691630940
1936599710
-1896841393
2050075604
-1972152188
1806611593
1665189537
779605841
-1411683924
974608786
-1045377449
-511073507
555205856
1758258485
1532156177
2024728818
2020573480
-50169057
-810466655
2010872838
-740296893
-498383924
518019551
1148018760
611410327
1111998322
-655129671
1174450664
1814103906
-467999971
272169869
-568590051
-1654233290
-1221499877
-1241463622
-1302321630
364647587
1890047385
-387407500
-1508716160
1374436661
943881357
1357914839
1066097811
-1838413664
-2085356073
-1103813058
-125985210
1662011449
-1960949086
1013601237
93767712
-1088869976
-91525360
-467766675
-1499689084
809099484
1339172630
755278991
-1132517580
1478262078
2100583843
-19209517
-1429025514
-818848215
490994183
1787643761
-433196997
-593692008
-1770217581
-670433512
-1120586980
-384962528
-1295563908
-1474104578
653184550
-1938780895
1124515076
974618680
-1299507592
68438584
-1491422245
-214839221
594029802
-1087707401
1639485633
696821506
468916561
2043682264
55596144
-1833977471
1265161728
1044652909
-1708296007
1361961626
1906184082
938632412
-966639635
-1053702050
-786653977
-545179253
-2146560386
1534248695
793899883
-239174634
1685449444
632632501
-1401283682
1476935305
-194011196
1078350694
-1381570097
-1760555573
-217056177
-801799447
-218398934
600471640
144490216
1146456325
791697141
-1119630286
-642075127
1214906998
-67869674
1747861529
-269876377
-2087562935
-1929116968
629996537
-1931416237
-297493399
-1038695698
-333269853
-529014174
1715516536
709971383
-1283338561
249533264
-2062814749
-1292309309
-1694024447
486819617
1292132400
1526363285
-169308773
-1315975800
1126877849
-1515284566
-1961829646
-1003637876
363363806
895608250
-619736172
-657744279
705614679
29817661
722947432
1808396468
-677652152
-606231248
1228544038
1286544833
-1162826632
943848728
250872585
20074312
1549489924
-1501380282
451660227
9978182
1419724912
-1873908387
-857940815
-509118432
1699003134
976934673
1847408720
304559374
-1364682173
-236760271
-2124103698
-1607545674
-980697354
-2041207066
1285754788
700531735
-512125941
-930723524
-619972221
2022397864
-1270122241
-704071454
1934762508
1415073984
1842312565
1355868717
25849829
20204856
2146308610
-1618013854
1688879818
-461841074
-2129368508
-1551413964
1211999681
1214979020
-110834631
2128278923
51507345
-421485464
2088859853
-1722707322
1583647860
718474350
-2098570828
-703873085
-1511206901
1025491356
1814020218
845840349
-1693243759
1546416972
-1421245737
-501627850
-65604013
2131126744
-1404893113
-2049626891
369621599
1293250617
-1545462566
-1368767150
361694075
1507931121
1968676168
1542176784
2043499609
-755876053
-1394192312
909998155
-1655108344
1120268575
1729986849
-2141635981
-556770900
962533563
-930467968
791189912
-1545316239
-143452801
1974134924
-2016389913
-1973949764
785228456
-1558209224
1812861300
1501423011
2005119120
-875558441
1041329209
528831903
-802164652
-1554480395
-2075809698
-1080440448
-705038921
1337342819
823229882
-1412900704
-237825211
-2094442605
1860619161
-1493346213
-2124262213
2010407462
-699124801
-76286786
-1513407579
-1492781629
241623469
1209278589
1729176137
127053866
-1748303326
-833384406
-359438141
-1502428536
1023258340
1643754660
-1539518351
473412364
-1379183937
-679745332
1589815696
505684921
-964572722
335693439
1308014375
-1409764738
200131064
-290433345
-788992733
-249149821
-525393987
-1798565581
927231171
977755845
-823629006
2098257617
-2056953034
-1815661084
520718665
-2128374823
-2099532159
230084411
-1984543402
-101214972
344485030
-667074255
-1815253298
-1136354307
1011013890
-1525559090
-2002940079
1076875024
-653059082
-96226671
-878674711
-1035853792
710406345
-2105768833
-1595454316
-1628363042
-49920563
1411896703
-1779144449
-593565128
-1954530625
-1531228699
1817825684
-850899698
1483940211
1023429963
407750070
-530509269
1912759472
804852135
-540516277
1373088626
2122283352
218676122
2128668538
-64337833
88948172
-660159482
71947445
-2078681199
-2020643954
710653666
-1187587847
-1541476339
53280551
-1672591536
988307796
126866725
1639365194
1300566255
365715368
-660207087
2050040889
896703086
-623092819
-2071648099
-1294750617
-492409503
1004343355
-599003364
-591080610
-2133371049
715397321
1834203548
-1577746974
-1993856981
-154373328
-330180006
985388630
-1144421990
-1400186443
-766409352
804282463
959482902
-2099300027
-1229700115
-1521081658
474195161
2003879938
-1580064324
557910946
-2091165380
-1892253698
397544296
2147218102
-989379768
-588905915
887492262
-576594409
-1268016243
-180410847
538866260
-969642734
-2130340814
-303384424
-1262364247
334728524
1676792141
973549625
-2063079762
496557609
45191796
-2014947049
-1208545299
1666934385
438329748
1244347670
1618845031
-523861967
-1659544832
1940376677
1911095498
-994500897
1179149005
-2058483126
-1703019293
781243329
-1916478628
-931085788
-232304559
-237620082
-1262964425
441190574
1750587259
1861650516
-133705695
902696320
1016617411
-1846485347
267998567
-375586597
268989947
-1382353715
-1563094148
226431397
1990025751
-2054910514
-1096992060
-1617573966
-2074054108
-1614405650
1685666735
-361873852
10132088
1165098247
-1675348470
2088501973
2113495339
707614943
-402486895
-1784898541
378335941
-337063470
-1599644728
1285422379
1816546872
-1056546898
567027466
1570924874
2107096080
666160349
-2008439070
1725991776
-112655128
187112905
1505932697
1810286118
-676062432
214993531
-257495281
611647586
-508154932
-952897915
725363918
-1016041111
1911311087
1868550946
800796507
682176997
-1835913496
270432155
998049999
2103547096
-993218773
947092459
1560026279
-66876192
1418787380
-998829659
-1320892201
-2022661700
1777645241
-298264811
-1566634972
-232965618
-859667425
38977702
-1459896909
-1594868382
-51278290
2071377027
-230348324
233591406
1096165383
1606925439
-94623677
-1825030757
952934996
477753913
-1517813975
-1670372412
1618923714
-968717957
-1515149313
-1434340036
-1493699924
970169570
1746946364
-1980660459
1052898072
-1657429820
671218031
1149767839
1602368486
-477454259
111222679
172571439
-516204474
1055238379
-959576910
-494845407
-1380138390
-1851586581
1644259987
148794655
-274745220
-2007744924
-1658700808
-1942028638
-407018286
-920858797
-714233381
-112252744
419964256
-1282716665
-718059000
2055932424
1785060974
1187791551
-786691345
234157843
1305494666
-1848970351
46928059
-284126276
1994084798
1538125708
1243402147
-1917353719
806443526
-1453586911
70121343
-664493269
-1583910148
949494974
-463403875
-18922565
58991317
-1324806981
675056085
1627362374
-1635939696
23855993
1769048026
551179531
-187465877
1635770568
-1710332462
-801528830
2023573401
-1574428791
865099561
992294944
-945164750
-1692543852
993884834
882674905
-1349688725
-1971408933
-1304535378
466207206
-637282810
1827171279
663787265
656159560
1200099083
-1496232190
308223841
1009126796
-225402696
-1615551475
366495680
-1761058225
-1800192075
666127283
1635075469
-420642556
2133632395
113167686
-1424423354
-154560524
1832826711
-346322615
951129937
-426385018
-1078074438
-46861738
-1638090996
1371201984
2034363411
-1500319678
432759586
933394445
-654471952
645255550
1019574304
-877475520
-1971078719
1025797823
753317447
1988052440
-235380786
-1123654431
1992015779
-888319867
1100342378
332237064
-68099236
1155418347
1313854056
2055207688
542231115
-1773601115
-923899186
-2010744314
490658000
-1362571125
-830075704
1761140575
2016827874
2122906680
434677983
622650312
2086455142
-1411980858
1591653226
-1129737547
1506853828
-930201637
316164676
-1662775297
357341368
893299689
-1533115969
718312384
-1201647771
1710869168
-1600647977
192725121
-2085833297
229510407
-1464617814
286701463
574153929
954856668
1631474471
-2026467383
-1132389108
1142957689
1443972358
653660726
343345930
205834760
1893828343
-1899175563
-1499936285
-1356791463
1632039453
1625648893
-658164010
-1555991071
-2070524995
1996579527
180972059
439436037
-1776280526
592075058
-2146670353
1124253848
319914276
-1814684891
-2105842449
-1556352606
-1756139783
-512510854
1311382697
-514548893
228070794
2076773530
-1606405777
-766490473
-745710566
-887167644
-1811577233
-1277248262
-1759074173
1840473170
-1955791616
1242668302
-765499983
961120734
-2036456898
861818395
989527380
-1808909534
-1393319464
-1953541514
48117969
559006142
451777063
-960977402
1592343929
-1684085251
-655102589
745987843
-453470212
-207157446
1337380050
838407937
287771423
-766716288
-1782630559
181526572
-1110370900
-242378896
-1751344138
-1786000683
-596221014
-735900825
-1102559451
2109882157
111451854
867592927
1192848098
1111994191
14307889
-1778446059
-1019638953
1055810947
1829229890
1370340844
53634296
-417762624
1245671933
2125435409
992714707
-863010446
-1970980260
-664655521
788522028
-1520332674
-1044233970
503609219
1203119176
1347672706
1894132070
-2075768093
1063595913
1767337313
-1585626474
-57501253
-1839930694
-1417202178
-944725476
-2117141111
-1382970964
2080605254
1174991227
-250806101
1230718465
624118644
2124669742
-850386363
-98267321
-1532845424
1410826969
1649783912
-1838145464
1529497912
138269889
695859312
-737155681
1468282018
-338265986
-542630484
1565245838
-2094176032
-1500298514
167315012
-7325425
1622516326
-1895824531
-2105608617
1588747816
-1113484343
-1811617726
1039831395
181898115
822918089
1371944539
-1609053718
1088734525
931403665
-1197782979
479700817
927126270
1952658748
167905333
1790313994
-1006540983
496069275
739465683
1936242165
1060431892
-535481291
1934632600
1158126339
-1643139941
-288358258
-68812306
2109977628
-906967952
957672364
-1442473896
-1270010814
1739561942
-1863242026
-1949016599
-1184441866
1879904592
1764051102
-232378374
271044826
-945303436
-1522917086
1858264598
-2087589481
744162820
453881486
2059849273
1227777024
1556857150
15130084
-991088582
131073911
-161835406
-1109867521
-1316653948
1638688143
-1695263019
-667329836
62716428
804528883
211153301
-9416965
-989780098
2116840069
-318451155
531013997
-1966251079
-217452854
645812217
-953671281
679190910
-978313852
-214564084
-489421969
-1864011165
-1757582944
1587810881
2030704204
1175377165
-1548234926
-1574842736
-715759781
-1024249187
955971198
660877218
-755688248
270548842
1618712409
1548289446
761623802
1716630257
801768784
90502245
81876507
-839120119
1844970536
-586314860
-319469097
-287060390
-1213969562
477892712
-1109704349
1388446223
984636400
-245707664
434609600
-1060256054
-1681159181
-724044386
-947390400
-921808680
-716673785
-2022276186
172453705
1154985893
2120216721
-7960949
1917090648
1627920498
777514601
-1800154507
-708800440
-1916622780
-1103564357
-357362488
-2077094188
2042614047
1343844402
-1392335245
835013210
-1944394124
-356331694
-952782971
-1782470943
1376222423
1977015333
-308973563
2048136029
894472436
736270617
-1706180094
-963615695
-399595069
-2026535384
152512744
1804554740
304179706
35833657
-1214119403
2108104823
1934378179
499371206
-651449685
597242375
1604143535
1235903166
1759489703
2020543214
-872399895
-446019157
-701213390
1248168256
1297049774
2025897495
-107798985
-1007856429
769061116
-626879956
999490869
-353121394
-363431287
-1461731942
-686580395
1545072102
-172459018
-1550481475
1810193086
1604521894
41261124
395751421
-711156440
357912814
1695399303
58931320
1576161199
-426630275
-2090337576
1925166814
-185716247
611934258
-58375793
840322973
2017730106
-448941873
33654194
1909047101
806281574
298930688
-1264455257
-1299900916
1185445735
-1626443365
-1645862607
-199685635
-49757824
605072681
897423257
547488461
-502199919
650736805
-773724885
448808038
582739629
1479628163
845754340
1279122312
-1198631191
-1626050061
-1238625432
-1709952858
1948263030
-879187866
961875001
-444766963
-1604396046
1921003345
-652287450
-841228725
-779087366
370387248
-1725250048
-284908594
-968063485
130741453
439228052
-249597238
-1980269462
1903967681
2105737428
622439520
349338056
-1689448133
-500797609
953647612
-687930997
-1256621313
23133443
-1960770562
650455489
1388408498
-1426071801
1996420764
-1198581705
453837140
-975308273
1528140038
-1250509630
1423718156
147625651
1506380490
-448504612
2120182059
-1930532561
-1528947847
-1215183758
-1436448662
1284431961
1359007883
-558944261
1081982838
1940582351
94526847
321143756
-223462994
1761593711
-1580611002
2037949610
1295651371
-1429784053
25273313
-627767904
-2115719424
-124740259
928322376
1388756755
-996078398
-148857544
-1270022515
-1988279533
1395637834
590426112
1295751233
-1116077325
-1439259463
-678524324
-1071185642
-1683973605
1439540156
-1448806359
646569925
-1424076261
-1720986096
-396439375
-1691675854
628970500
-2816440
-1955530212
-1564745011
-173466893
-413175858
2600998
-1619111622
-886113299
-1108997081
-1817411054
-1473546957
945739506
-902041478
-1931887650
-1955857235
-1885518516
-885424302
-1740722505
162741817
393861415
381973154
-348418898
1903131821
2066825830
968884745
1582484396
-1014480637
1869376691
-454907561
-835107933
1917709952
109767384
1984123728
-435323898
697038104
1708671821
-196612945
1320279162
-39762416
-1963920879
1622909805
1456256205
-409407771
-1080740932
-93104574
-408137689
-1082720660
-1217073707
625670252
-461600898
-2104747974
811681889
464448942
1981712207
-740009403
788909243
1586537115
-842351478
1594652875
-1844175446
-1328159468
1320164557
1404187762
15375536
-1371094770
37961173
827559600
309301408
603317656
-1625100240
-813539220
-1570791053
-446966244
379539767
527972069
1877458266
505244644
-1672771525
-653223214
1833941782
150629344
-321805570
-838982197
1325157767
2028549285
1891845477
1282476519
1835277443
-30357319
-593944470
78376869
-1963125015
1721940237
2076075095
-1519497713
1910788597
1781183434
950313520
-1746296548
643041748
201440080
850382960
1332290134
-266299525
1630488954
-1013881096
-920000580
665743283
1457709863
-475740604
-2007266072
1063288696
-757800970
122576351
1595918964
1117747588
897935952
-1451080167
568434586
479193381
1042086826
-2001846026
1287844378
-1550442921
1914820875
512644712
627689568
824461070
476730316
-2144174143
-597392923
-1740617262
1592513182
-1125181854
586068437
-1913375343
-1635588399
408484280
-94994447
380983984
785445331
1745461353
-1143163978
-1476697758
-888135946
821463241
1760021951
1459745085
1334228341
1290452114
-838544537
1782889994
-900790600
1315462100
1572253874
-873525796
1505328342
589521706
2092913772
1567951971
786599260
-1431953106
1184623250
-920748159
879662156
-624750802
949999857
-1162890978
1475992424
1434386719
984637965
232170040
-655666768
-279322415
-799206845
2093996861
-1656965336
-259299228
-365995215
1024945564
-1129103139
-349401094
-2016542379
674232985
-785385174
-627203411
-1237893132
80925536
1198481463
553922243
740214588
242845277
-888926014
-1917106912
-139790164
1466068426
-489657055
1178844155
513738163
1228346249
352295047
-1981191980
1656083607
-1550549453
582893701
1647150501
1506529176
-2094875792
-1862796588
1716893015
-491519403
1760181128
1013332817
2055363447
-2039010963
-311766470
-527817144
-1985594583
1082234984
-555650868
-2097495308
-2132504228
1362041304
1801907555
-1559932346
-1720050113
1668427195
-1486656620
-382349851
1202246130
1380338211
343358010
658101110
-396029823
57868824
-1380762999
-1762623459
-1342258931
85997245
-1459084189
60686402
149920843
823768752
1685404650
2053232535
-694456782
2107830198
2096385109
595273050
862338800
782341784
-1901462521
1557555415
-1085303011
-990877369
-1497444899
1007979056
1535202098
-1290178746
-1598659641
1794321248
-483149252
147414088
-127936870
1224377725
-1439708212
-683411176
-1881983197
1356158525
273938737
322680504
1671269502
-1560567366
-1894859288
-1712533555
-1753357400
44125305
1023789907
-763454406
-248822701
-2124033624
-1000883287
531888905
365207289
173185447
1280409646
320730770
1594427444
965326025
1867513507
-1869478186
545772875
-1143013798
1142526462
-254306773
-807571953
1555164132
-25009570
-1147753442
-552933400
16682158
552192056
-322182508
-1304183254
-385843835
-2041696554
2007238962
74333101
-2044013378
1184377346
165944062
742943131
501500538
596947710
237529670
15505291
-223928021
-2011053898
-896522560
-460468017
689476183
1536143160
-619142670
-1594502391
2107884444
-462607773
1832777172
-137143804
-849311757
-2028302370
-1280511566
-629091136
-1563528904
1625095244
1328312663
1188616142
1483797993
385382333
-1818066329
2049892574
-253645011
-572787353
-277087220
232275862
-1178995944
-438232427
-2029818667
991573924
-318419155
1556938974
-1499561254
-468733930
1342351140
-597792870
-994618845
-1788214296
-837682196
-234289006
-930538166
-686438434
269033202
-507182090
1952351326
956668308
1661588899
-1999333485
-1840693750
1391610835
-90689232
1959892292
-1472610571
-1157561307
-799531376
-1300804439
-169905300
-315286102
1959097034
1303698455
-1440714946
1973216556
-274073740
-186704690
293713895
-159022479
-112641162
446209649
-658010896
-67919151
108145683
1887004082
-509128043
-345786105
-970802646
-1092132276
-119864665
-877795765
929697720
1076613174
-2021636172
2048319647
-1644553824
2095118357
195798628
408447593
-1952355922
-1449721103
1337612581
-654233791
1894954201
407229739
1936966154
-1523246580
-1343262264
252519598
2142607088
-1781237687
-991994985
1344487013
1802775522
-1549697366
-1948853030
-1746522388
-779452482
-614399258
17475297
84558473
-1603539176
1970044621
-1490093763
-1357115299
1904456029
1761128604
1443192195
3900630
70026299
62221458
-333194417
-883384473
1106061632
463500227
-701699957
-1752049797
-850617919
338584619
-1285580303
1860132006
609948925
-158722555
2010896333
1496688157
-230986623
-1478755747
812555015
-251853464
164246221
227561188
645297760
-2124205995
1429647415
-139707645
1152446459
1843852847
-1791245809
-1850791374
-1144688865
1003328560
1155860483
343865225
2003485243
758406451
783221701
-2068660586
-1219460823
-1721194323
-342421782
-1988532879
1371918263
-363119394
2124040981
1184248846
-844413854
-1297897406
-982454188
-1598092078
-1512704156
-1378140594
1816501705
1145903720
-169476624
-1520522408
1006538892
334104276
1475532219
1358975958
-475470640
-1930358841
1872004286
-47910198
334775620
48008245
435712314
1499933565
-642798405
-141707484
1478309372
-1686764950
1881021966
80073671
675346146
-1800572547
1074034240
-788201781
-901645923
1697090429
-893403933
141836527
-2140567881
-1074273595
-607807813
-1094338854
789927639
-785766598
1827061408
-2108759512
976490564
-1841811592
1019586728
-1605470267
1540200615
-197467826
-1720601724
395329406
-1558692076
-1285771924
1698270250
-1095313195
1411908170
-867462566
-674388044
-1885570796
2102753082
-2049713492
200669064
-2034698588
223220677
1571555955
-2001978440
1435284894
1268244938
722317302
-979462230
1593133474
1500438111
-1421997150
892620027
1028251879
-494761635
-689650882
-882327392
-378876781
947808546
-1304554398
-680579506
-1865369011
-1850702191
1494825513
-2007781861
610104079
650978653
1500183077
-1326157723
-1552338112
369048711
-1085829997
-1879550990
1814360065
-1503038684
-1298770993
588659288
1247485382
791913827
352655114
609402527
1419627561
746403278
82293817
1645228580
-1574294790
592228048
-1827898032
-98106432
-1372140390
-803637129
-715344721
-889522904
2082683273
-1307269511
27516124
2112078486
-808146628
-1809702276
-1974481037
444997801
-1528499149
-71059823
-1381576870
1965307017
1812337483
-364135423
1443891768
-1061492146
-112345008
-1513786804
316554535
2066992545
-851309610
425542254
-875335513
340347044
-424084408
418607716
1234173910
-2127205105
1378519617
-2060972819
-510763299
908176283
-2060087782
215417237
1483756717
751836578
1745711811
1927790830
679058411
207439111
-208682538
-1279010528
-950067416
-1434229165
253615337
-922986844
-1252965291
-642326240
-28805085
-1008865972
849017717
1258629817
689941009
1966091654
-2003401580
-1659482366
1674814650
1230784992
693379319
223026069
1887398896
-1728302897
1180574612
-1829742290
968367336
-1499791701
1439241412
153204552
-82797811
1467747325
-1267344074
-394441209
258651664
1724783613
-933811161
-2005738920
-1729356477
621047637
-991261489
-284682154
1828631591
-1872249045
1109974814
2141052911
891886659
-997366690
-365353048
-472389689
889554999
-192729330
-2022970660
-8170916
-1687540721
-1285377438
297043836
-1351194262
1110957788
-1863907196
339297352
774253455
-1434926719
-1613999376
-404093700
-715878350
1388445386
2054191854
177789565
1292150177
157874370
-1415514532
-99687858
722464121
-196249787
-302410575
-750048952
1451924298
-369120301
-1477142466
-557808246
-723871366
-1390272857
369926069
-1237148755
-968918935
1079302407
727000047
-811498692
1925688278
267935965
-873034263
-1560887709
831634048
485251463
1615276303
77428965
1627276304
-1051271702
453670333
2080064083
1902248246
-2084640819
-1376477182
-1327646854
1796547089
-1231726493
-1792532826
2089078557
1051700947
804091433
-381698450
-1195852317
1494797988
534705138
-1747477091
-1178229358
1325996231
823711039
-1867785282
388399997
1258181627
2144191444
2039218592
1431048763
799098915
882354823
-1311873630
1887670937
-310082008
1819912538
920588336
-1328762927
1479363102
-1710967092
2067391629
2142040827
835050405
1460961900
-1613229614
-687703613
820711569
668953774
706023478
-507583397
1459410381
-2140297215
898608782
1485745843
292807292
1379456800
-154143721
1140877543
-1002636960
-235488088
-524101005
251822841
-1875092353
-1968779286
-525786127
516267967
1713526531
-333198590
1780929041
-1820548322
-723254943
-34109912
-1141571514
-145559688
45720510
-1136610235
630204157
-1182497181
28727949
2036290761
-1286010146
-1710554982
1008918908
1427500731
-1858151343
168661304
855615632
-300226287
-2140320957
-579762142
-927950962
1459000385
-1025404119
231475141
85402525
801093911
-59391164
1171055105
-1115317464
1829880008
1545717543
826658916
205573129
380947016
1311110006
1349548954
-1493997597
119619800
1758141167
810092068
734579406
630048738
-442470482
1157238344
-1877276615
2144309256
-119556948
1102207816
1140482572
759327098
-1406893176
705407446
160599565
-1318115449
-2127844727
-1347597370
1087663492
830220662
1226565347
-498299131
-1257170144
-740483946
220823353
601366473
765293339
-76264556
578454115
-2051352054
-631015011
1068044044
357150320
-1309295056
-1816575139
1595683681
-895335442
-1030226675
271271054
1541171153
1559185768
-1760080116
358754808
864684739
-499317969
1887046314
288006244
-1929713821
-1816943779
-1234719194
-416829892
1692645488
280917527
-2025074572
1830716275
1964409940
-1782378991
402828662
-2058034270
1396844148
-1702873770
1531298157
-496398733
907057609
258254409
293742509
-996128190
-414787409
1202311398
1445572752
-737053440
-1335728643
-134270899
1261101740
667369307
1650316117
-1017711487
1699437384
2110846491
-368650052
-785578900
-2015149557
905379279
-169488020
1454218278
-80755722
1044407464
-497045016
-693040266
-245511789
1747267236
-1715942575
-405383016
-758293394
-1923694610
422572024
1415498560
-1390317628
632949124
1875823923
1896391647
-1716060038
-70951910
-133853580
658998052
-1436958640
858654014
1073028503
-1206041147
1169932374
-437249348
514626682
129915006
-342307170
-411232189
1003729874
-346503079
566590258
1535390535
1283814204
-1710910672
183826504
2006026537
1220214418
-329253776
-1929360972
451906453
1104721024
1807149599
1512863645
-1459073236
-2114717098
2122878495
-23807885
1715118178
2105669919
-197599309
-877083104
1206977192
-2087938063
1106749762
528405117
-452526644
747390854
1725115995
-990130425
-848601696
1390048011
1631628793
-1286865967
-1112258598
-90592712
-1523301113
351334844
-1086043078
1731057824
460715301
-1748395034
-1913793806
-1288692151
-377891924
-1911827360
1928629569
1785666943
-522345233
1525585955
-249377696
-851062300
-821139516
758056515
144892578
-962575156
-1933798078
-980836764
-777325866
195474119
971905227
1256485485
-1525952017
-92473730
1659454540
1082015612
-677781786
1443712194
1009009859
255959577
728823007
-55392798
-602350847
698014125
-427631734
-804718532
-2120983375
1143066420
-84813364
-1435777002
-132628072
72438577
-1045475683
-66365266
-94387939
-1398815006
2096133171
1529182863
-1050459124
-237198155
-1668697760
1782000421
1954197142
1006214138
-1537008328
957217171
-372521316
60634073
-1824581386
197813444
-1790821844
-515364475
-667540449
-362707264
-333247925
-910819919
-975614233
-985816768
740646388
548693315
622784212
1837260675
-350813856
-147549881
374569377
1114825058
666047880
1578402341
-41768348
-960175198
-1716145176
340646422
1483429106
1636669833
-1902146940
-1877286188
1079151490
1143606195
-699878353
-25576816
405863056
-1035071451
-1097707254
243325993
-1174429949
-1467863134
1148887883
1702327962
-90752367
688524349
-623922113
1356285875
-722982302
-2068701905
536397201
-1954222581
562463731
1838994410
-988867892
-1092164044
-1193239491
1662287469
-1258117347
1314039600
-348889835
-1612154150
856705885
650809892
-1413870379
775000133
1754910799
-444683957
-624858052
-457015090
1942108453
137183789
518540946
1766271217
-29128119
-761256177
1986007055
1332068380
1057767513
-1487545427
2024377981
1717243521
-712068238
908982566
1837467676
-1530680275
2072832688
-974465737
1364296901
-1563320999
768582645
466217131
1743236433
-2024873984
1038062570
-224941806
-1885719237
-658325839
449061443
1471859120
1950956163
51969189
1698375238
-1677846600
-1994637355
545730324
-1190041715
1050633658
743875818
-748824637
561768202
1990015577
240173358
-1288170271
1573794891
-677104064
1226146979
64354836
1592414974
1352164693
331268868
2082137805
-259328841
684060463
-1851224787
-1049989661
-1940845839
562551494
2083929273
-1405902241
1535767890
-471148183
-999680531
1193532821
1882443827
-4371212
1648010196
-260615565
35235679
182254913
1486828202
-714145251
-902196967
-1482280738
553585789
-1067915848
2034431331
393157888
-1119527919
-1961860731
1310426493
1832247480
1201003012
2007651634
1396549548
-732528796
129804338
-933143188
497769276
-1031696793
-1825177766
-1811146056
-1436755770
1518570012
-615476479
2125500803
1203925686
-101186041
129486742
2070214519
1013283335
-1778176947
-1327409450
1860141583
-97768624
-1914748826
1068195441
-1508111763
1400956932
1286805776
-1943022355
-476603798
81608693
33670534
397045962
-451987729
1849528090
-531443215
-1701966361
-458196094
84554641
1739972382
-355992284
-1065362653
-1806721050
-323255950
754330183
983669337
250531221
-1482122470
-1338033117
-1703946617
-1979460659
1917363590
-37088522
-635883901
-178739594
-132735465
1824803091
1411965032
-1600765579
1941670422
-1195533888
2031251627
1581696046
1365034472
-1810345375
-1276629396
-1243659958
-836529281
1236087253
537209102
-1406122310
1175100436
700668447
-1394054391
302539258
-1735042798
-1922877367
-2096591362
1673798810
1591777365
-1441429884
-112985077
909864185
-2001039469
-1651651436
-805080480
506722131
-26987750
114426474
711563538
1534950142
-1333476421
392640786
1749271599
1213978608
-621557754
1294298575
1914515985
1428691076
1754064054
1792207747
-1390978313
-413578371
1367623791
-590750124
-348183087
-961381814
1642700454
1978727820
-1606412710
1533230987
779271647
1920626625
382978156
549241300
-1450801890
1869237557
-1705161585
-1577773392
219389079
-1441241985
-1761265198
-1517334041
-565834329
1744250218
-1029404450
-392248061
434759175
119789084
-283538361
-914345199
-92775874
2044884602
1149475365
1510735012
-693101737
74053067
882326243
-1611626466
-663694380
327917211
2030432598
-283874766
2057109474
638246113
722595857
-1445719388
155489485
-1473723804
1528254454
-1243152045
-1399968843
-1959203495
962173968
1190446968
-1409571966
2018227537
-1493317984
1906465072
-1610453483
122929745
67492725
1063547703
-1296106305
300642882
-156957824
-1393813259
286130166
1547743371
1050127783
1456369343
1791848005
-1644944388
93647065
1515811926
917669508
-903686419
1907063650
-1617206350
725696841
262127014
145597311
-440748027
-2042305122
-892027135
167079221
1343824122
-974080781
-803658930
-1358784162
698082877
231400022
2042989942
16912899
806911807
-1259124512
-1892949406
-227588111
344744762
1048221042
-618937699
-705342074
1370707315
110483361
2013428279
1472133835
-369118786
1002810862
-281048340
1505871559
-1406370489
-1194884806
657798278
-1618869742
-220643442
647660408
1110351743
127020712
1545332659
-1941346908
1705741802
837431551
569721331
1740962035
1882961554
1063220826
-1067925134
1462447947
-636342685
-1052201889
-1455381958
-1348915468
-333741048
-1108550169
1733535619
-2057409136
-1729662507
-1207498475
-1137575372
1012008520
744573415
446988969
-992810071
-982859960
-1184857974
137738901
-994729801
-70421908
1221392602
-384944687
-196941588
-695415493
-609683540
-603336341
534693403
1217436691
-99819346
1490723553
1611425815
214570150
-616619572
2011433394
267362493
1430115236
-522915627
-725825998
44241975
1724088761
-1100038306
1471883678
-242570881
-723102790
-210925338
764130159
440270626
5298714
1378639674
855879666
-367073210
300012450
-216278757
1416014872
-1804847634
1143928673
-942455011
460247690
903958651
1880484320
-721038639
-2083158528
720856437
2118832538
411560998
1545260243
-203084405
1255620266
477341963
-48274992
667324120
1467177414
-398394535
403603022
-819617945
969838187
1049682160
743551362
162712569
1383867481
548991519
-400926447
730998533
193690690
1242493513
447844070
-796908545
-1709513794
-2100672828
-512188347
-1905245475
800011393
927692804
-1802411488
-1972604970
1309258446
-84401928
2143745705
-777774228
-572989650
2010902707
1287968808
-637120852
87568221
-1675255217
-432849651
1370636212
29221509
-1767829746
-1792202423
-1891751306
1779786926
-1044529471
-856309544
-1366527558
-669518477
-71067027
-115888222
451103849
-1388542471
13477162
963820163
-411335929
861078045
842850126
594070952
-1744895615
168720620
1037285323
-795010020
-1833418456
-1843079081
1590472661
-3332958
1656737533
-1073598425
1933907143
745844676
-1316654546
-1921470418
-226560953
-211084500
-1192839456
-1296706113
1930145447
515474993
702341423
-1504150433
86166414
1590604724
-1410823054
1510655419
863958231
875476269
1057061571
666766557
777337784
1477030656
-1053468482
-891922278
110693414
486958613
2055764359
-1552547505
637629048
-1321068889
-111685871
1743879628
1886033738
-665766821
1470866078
-1937863793
-277310044
-316089453
-1696673407
984688180
806293338
-1584735228
-1426681301
-1802763732
-729603147
-1206709115
172164452
152141485
1956883538
-1466025942
815863768
-1113767191
910410
-642821999
742029268
-14812543
637722003
-1912958597
-467098798
-2083920580
441739429
1485918621
1277973042
677391859
-1622781344
1972649144
-1006976822
515128528
-492102612
-1240591641
1152818848
90142903
928092769
1156221239
1816307061
-1656148989
1699407081
-1105059972
-1267196794
1081835637
2045191716
1231880034
-2077504499
-1984444824
364925963
1683765442
1569727757
-458523831
34230167
366604086
1361813839
-691354809
-924817821
-1945744145
1787207591
2146191942
2091864720
-563065147
-467386245
319668248
1130681576
1728494991
932054661
1248289774
2029800773
-49354572
1014120407
1097356044
-728632013
1278473730
1800502047
-1029927236
1369219284
-1885676867
1832357164
1108929924
1049111044
-2095820293
-1631524176
773352346
-1461130820
1413964847
1232427591
1782156951
2286523
-2008787966
-1886567752
360829035
-1478129566
10028137
1539774841
-1019722351
-293130017
-1157813261
-582568584
570946178
1851373966
1363011938
-154105320
1861059694
-289153381
964005245
-1655763335
-1183096535
-394182933
-99242460
-72297220
-667270557
-1977276100
-283715932
-1508763899
1436274716
-1927637110
1862429004
-1945323261
-1420300714
169737396
2092992064
1312164525
-630935029
1557383263
928844684
1031915405
205795681
-1024932582
-1332477316
-2135548991
509780763
-631786301
522653226
-1936412416
619872595
910282536
-1207783593
1931020251
1868276582
-1736571152
575893886
1030529349
-265452754
-1042466628
337138982
-13255595
483664246
1784653960
1606486904
284011593
424820138
-1619365545
-1657022704
-1640494387
-113584946
928107279
-1161812457
-1258009987
-464577615
381110945
-1864353391
1188523432
1371891809
-217481108
322792947
523494743
1418772193
-486237981
-1193281288
-51258227
340260121
1080681324
636235956
-1866828849
885432845
-94477429
964472808
-1258508058
-1181660079
-742469569
923397016
1541088995
883526588
329885100
2017267163
1241356898
303436380
-1083822855
-1550505487
572663315
221106345
-2049335685
-618455654
-1459772554
1106553084
1948893714
1444000677
-1414308891
2127259201
1530835411
-722150458
19416535
278653419
1691067111
-449573972
-1477029278
147178792
-1096755022
-795796141
-1140289791
798929238
-360241609
-737263978
-1607393385
1805491124
973578682
311084551
1033262259
1132345436
1049128614
77070595
618947093
1679183984
-1722695247
-1786491136
-268076687
1215643539
446464829
-290709976
-956674702
-1887873893
-1526844415
990223659
-343326463
1687030148
-644089880
-1764411824
-1105541434
352405159
1405676344
1741039566
-1635928850
1468867882
-1101912585
-1853633191
901157167
-2087263046
-2080566903
1202024190
917051657
-2139420553
1575154845
-1735939789
446401101
1313460016
-945890998
-2100575702
814182370
-539591984
150024564
1508278373
-349964602
1966021399
1355734388
581785230
1574047571
-1799762036
1963423992
812251272
2085805763
865055921
-1777790426
-1024873023
-390773514
310177912
-704270585
1736373449
-563119502
-7302666
-668908254
-280933336
1432750762
-1281476523
227870567
-2059389845
-1947095422
-1027689201
1310666319
-1122254976
1208601362
1576803673
-1796956608
-691650237
-707684182
-165085476
1566314549
1146615128
-517851627
-1549161558
1261478046
605466170
277621794
938594671
-293345148
-1738481260
-688970401
719835110
1641415920
38577615
1567546919
58884751
-1571016563
1203795180
242782431
789410206
888460172
-1277900654
201089660
1892326966
1668427207
900391786
1530041159
-1687659049
-35455191
-405382230
2004645860
1110767891
-1810705844
-700695824
946699920
-1738473081
-219034269
-215759024
-183974743
339514121
-500290215
1935821232
-1006370701
1651176478
-1773678790
1313629522
-559365352
885737902
-1660392494
632083634
-33990928
-376679942
-1412339309
1034526609
139378179
-2083759411
1121609915
-1719787951
1425642699
126215921
-1937117771
-1988010365
-205005507
-1046694172
-557593152
-1906983746
-739379702
300296396
1402945998
362268594
-386842079
-616356953
-1179597906
992985212
-652786568
747700678
-1338893972
-120959942
-1346096116
395980411
-753585417
1748118242
459295782
143026961
-55263740
1854801743
168516831
-2083131652
-1868590029
455259292
-421896219
-1443768495
-1691719825
-1653904203
852694398
-1592813193
373641369
694084650
-443159092
1741450527
2076779624
-1227798714
-1712930221
532734321
-1035292022
-548375456
2118722488
-1768156793
566252303
1708722032
-907198517
1767451678
1529374215
848825061
-831085625
924402314
1881516393
-606707276
-403284265
-749301014
-1754232522
-1587003724
-1979299620
-1866088035
122342877
181157160
-2088013459
-1702054412
-904573727
-154472803
-1769866465
-675410392
16613304
-954142218
2123687685
813915790
-1481431818
-1463097403
208180346
-598757368
1752453034
-1691625509
-1398343395
-132714049
1270909192
1790696481
1699271965
1243501070
-521541561
276178089
1770481590
1237627585
-557497140
-619009793
26634234
736210046
-1943476600
331946693
-822196780
2068632963
-2131011427
-373297794
-580192439
1074151313
1753891399
-496793687
1648612865
-1315675865
1727752697
-1335955182
1067798790
700112371
203966150
-1611623837
161314506
1995498117
1750516738
-58009087
1796774766
-1321924795
-649585879
1310317077
-621043903
1799876263
-1707022338
-1212402712
-574776954
355865244
-2042897673
1607394419
-592778375
-424905397
-223695400
-1357855178
1981284244
-417650432
423575197
-1952719800
560609550
308536164
1517352092
-104875345
-348006493
167907310
1192285163
-777412623
-1049111654
-813886055
125887230
1652298730
1615787524
885834711
2034878101
-482271264
308785473
-1117578555
1913894868
-985697324
2147122632
-972168545
-1615447885
988548378
668253990
-703216011
-1167840616
1211576875
2043704646
-802691554
1445997377
1032640442
390020595
1626477421
-562078745
-1278360828
1850043035
53030563
-692128096
-1375208084
-1314247082
1882478115
-1307355644
-217420474
1399728165
-2127635092
-1510124781
-1772574734
1707724158
-1197588670
610082134
-222211795
541686024
-1185382610
-435687101
-1976919133
-975887966
1441443369
43536613
-1420968249
416153001
479626899
-1032412484
-799836697
-1135831430
-101100694
261249761
500227194
1764626485
-555903305
1981944429
-1849345092
-750278204
400302923
-79482597
1932434812
-620512997
-24601173
28839212
-1512818636
303802304
-684681144
2139989386
943917146
1398190990
2062794483
-933209552
-185980171
-580028491
-9517681
-1450621240
-402010766
-189890044
-90567161
-302767211
-1275017545
-167741334
-1776797310
553111699
-1850593928
883069625
541071573
-2138444068
-327319606
718564525
-1645170631
298331212
1842950133
-258313171
1979007549
760751464
-582440307
-1822132272
1084921341
902365563
-1553716797
-1850730078
603319444
2133863681
-1019614728
790178343
-1347331634
1592579657
1370854291
-1679413345
-1598524382
1796477013
-2144080365
-1757438581
872124383
-859717628
859189351
-1725661073
649001380
1034467186
1770619516
152543706
940499988
-1979800673
-798194664
749496483
59243722
-762924978
1065741542
1842018676
-1835017077
155715119
1226611153
1073175436
-1007171910
1554745151
-248341612
778020288
-76059632
982412655
774511250
-1506707518
-699095925
-309481597
1488200674
-1846066267
1602770087
1554534461
-1003048018
1203907488
2106585547
1452604346
-1915187011
485324817
-1134667258
-519465189
1278659917
-476780091
-715787526
-151411098
-978255579
-408458122
1179730968
-776295250
-1669951253
-1206653548
928940045
-2041845134
-145713486
740711240
-534400645
1274093123
1774796759
-234418251
-1992786196
-232379480
-1492470771
1504652416
1443215875
-873739195
501012917
-1815565678
-652595724
-204755143
1254787954
-702995940
1627087157
955558600
-51637508
-1551724837
931151477
414573626
-1285685963
882218140
861329613
-626388478
-1438082183
-748353534
-358236364
-1756218335
-942815687
302169991
833262392
-1561223476
-797461302
-2096500544
-266414357
1869779788
-1457717638
-149185052
-2025380326
-2110348507
-824502044
-311044210
1075859141
70396282
101312389
-1726556479
2019622090
