-1687365088
-2128698159
686042101
-164954087
-2107083734
758115973
1546932779
2079480199
-69397158
509764277
625562421
-1050340670
176028218
-616631562
1898180684
-1517843391
-334357330
26959707
-272953147
856152981
-435476409
399750719
-1829683069
1766906577
-358162471
-642413503
-1094770260
-894154203
910739530
446181519
1931920798
1944250316
-247255891
1544380775
424616228
1391698472
-2044473458
-984988453
2003177444
-727103446
1493818767
1663085012
1171954460
263740407
1456469299
-279128744
-1956087923
-37426232
-198289415
-1059299313
260632246
-1159031535
-1968793428
-1476990973
460105541
2099189221
-62170375
353999526
1541734602
249696408
1837889601
-167584999
-371525971
179496357
240459184
-1189377877
1717354082
-118503470
122992526
574597535
1110086874
1179610769
-297746987
1495301681
-96571588
-262600023
-1176127998
1669742555
-2108587308
-984325867
901447216
626528468
-1356998581
1483092012
-368560799
-642457640
323575321
-550812927
1653101855
-1680849874
-20238794
1181144844
-1758703549
535991783
-1334641897
-41994231
-228046060
-852769181
122017752
2127410720
1402192019
1664924953
1289932725
326457925
1536567572
-1506591594
-296419138
-20579103
60749328
-697265211
-52417077
1164419761
-1170147527
949198705
665844652
-236698642
674659535
-1857888248
153177509
-1192992338
-57357518
895199138
1373664537
-2049634934
1032500151
1675076672
-1198643068
-84654209
808412862
-871740840
-112691794
-1473587687
-459025661
-320085103
1821647645
1760099533
1427777076
-381663798
1408644298
1554887847
595346116
1287878240
1666484248
-1909044444
-1012711681
1617345968
-198198527
80644960
77545821
592244442
-768093550
2014827892
-1011855846
-472062008
-2099227496
-1558198247
1149622789
606965102
313510043
-1778032496
1835284120
-813774766
-833498101
-537545530
-2010371256
1873233231
1244816825
-600331342
1278365726
-1315504491
-589585272
1452300290
-845611641
193646835
1303876964
-2084579083
-2034703001
781033816
1047637105
2087773578
1683073395
1269290646
-2143044217
-235706918
2130510527
1407593321
-1958936610
1186774722
-1057730922
-1251140424
323557637
120501188
-136211319
-1352763366
-660053223
-1949301970
-328050230
-290795877
1592386098
1395662972
-839658054
-2025795650
-242574048
23179514
614816703
-1817653050
-10138282
1938665133
988221019
1631257649
1230543398
-1579461261
-2127024262
1694705028
70865710
789003881
1817813514
-1655923378
-175546862
902188428
354316496
436101478
-993834133
-1229498974
-272798087
1251874166
1939195646
-1200581030
303317743
1212559293
-580298960
-731613006
377321966
-2074925553
-1522655303
1361784216
-387946794
1044899617
1872141208
-1284173100
-21302846
-1800788989
939491910
-1530658268
1045602776
1637559789
-32224211
1615326888
1580955874
-721785795
-1612510629
1427993728
-768052194
-1624592704
646546802
267599539
-2040347055
-1050419152
-384772125
-1627035822
583147297
-1089544963
137099099
-1062455844
1498518436
-12488113
-422518404
682483684
-1408107469
-95631028
1592483792
-916901903
293854084
632341142
-1310484742
1030305444
552608503
82511383
966907182
2098227744
-829921232
-272577792
-77835294
-443820123
-555982875
-619799538
-1189945147
495274878
-760499720
538549262
1952948720
-2087349475
754481864
68292259
1958963547
-173654652
1051725251
-969987769
1856457617
-503022107
-1971008193
-1429704561
-101421657
-1678961524
-504550518
-984537678
-468828566
-411868676
1860774207
-564230069
1481281239
170133592
1718674651
1982459997
1214660047
2028322565
1652821903
-1953758056
-689149173
1856060556
-1174709417
-75591462
-504797876
1818450628
1153054282
1107738871
-1138636841
1497028911
368076595
1799472061
-375817440
-800759388
-385851551
-1502995918
-2000843579
745911086
1905808827
1028396831
1597969085
903288628
-237404393
-2063314223
668765649
-1984920359
2068445131
-1991567586
1346010954
539760293
-167562621
-700708954
1522738667
-984762780
1851261012
2109311578
1267766817
843981646
-1991604719
-1451248574
400793976
1310570087
1021031133
569556602
-522370735
975472937
-1211954175
-672053379
-1420330798
1502339679
-1917394433
-441260891
1393943069
-1078522541
-547732761
-1807759374
643128003
340786987
6766056
-1198096886
457540474
1387163279
-1727968215
1767966848
309200654
228999567
25490137
1684723800
1923931285
1781822916
-1880690044
-31626038
1822030054
-1857034572
1007065000
-1386112442
-554687669
1301649018
-1166278520
-6308424
-1553866379
719215782
1554279487
1266245644
-1505972560
642129762
1715201815
-377811468
-1297354153
-1693779243
1844766747
682452968
613443977
237828811
-327961622
-36131218
2130180124
505236117
-1927505714
1874742939
915215569
-1487536339
-1283368948
-1530907943
1091847369
10608542
405491837
-542778391
1367431736
-1938960478
1430601309
-1783921109
714435159
636731532
-1065311134
-2012750051
1804709535
-1280750488
1623208464
-1562833119
1788527923
1381654368
483507019
-1959650430
-1976892259
-1342532768
840406317
-1173494600
1638520509
-1061281283
1873439769
-1031977749
-1473687811
-1766485870
-914757872
-1296428363
581595081
-902464852
1485024322
706808876
-1470377154
839261863
1587387112
-844042721
1447930657
736923800
248073808
-909296738
877743122
316258157
-1412153799
1592228287
896120832
-970360749
-1754722208
1738138527
-1164583969
119452759
-1863585958
-169157977
-1777044328
-2056324017
516225700
-1289709808
986500929
1937448699
-1151785992
2113985704
-158934899
-2063600282
1109593569
-1093617707
827338630
299700626
1986183057
992249562
135475065
1615147859
-1661713934
-1915694247
-1086315216
-1601788037
-1555400198
1028702232
2075665254
383251767
1603064899
889130759
522988151
527924664
514561498
-540343423
-1189439657
-583863787
237495894
-1914526510
-1849684540
1414906735
-2054559956
778052857
-1208987201
-1303645867
-934253502
-1029673042
824099895
1865996906
1640704449
-1765464667
1797617415
-1734872251
-1576441041
172263444
-2066412509
-721975400
1125427132
546183283
205968397
-549721709
-1454405669
-990711678
1133371276
1172026250
776417300
-2106780016
486209696
-26476588
734913816
-942583303
1794291376
-773997834
454253845
-810859537
596910597
674984961
-1310698933
280742013
-1184785797
1305038648
-329241889
621667273
-16452235
-715194635
-314783249
1243004825
-1604122863
1189996236
1836965350
-1332118249
767691420
1134808304
-1965146096
2135940824
-100032952
-985874987
1667185008
-1411051750
-1973795300
303891991
1896530129
585107021
648391211
-2047449446
-1370290662
1693406676
-808451064
-448141583
1938743014
249584396
-1149866120
-1152783869
-839391148
1034428044
-1359146391
1136027883
-242716134
2038719406
-1773973469
-947423200
-698054944
-1633702834
1569422269
-1445430571
559588811
-284478255
-49889839
-590829406
180224343
898509929
1313677682
707512676
145053545
1123659158
1813314654
-466597024
-558451036
2091203311
838608496
-858908754
1062847739
313508898
-664226729
-1843148588
363813766
1943893816
1991125388
1209935792
-1505326183
-475340259
1996445057
387977883
326394130
-1447942049
998526998
-1709231413
716502515
537350454
-1922086576
1863066617
936487728
754774467
358752332
-2136804797
-1980654904
873641884
1797387633
-349498797
1266063129
-974940280
280308708
-864274497
-925217936
-670980986
1843105344
890219954
-1713090081
-536227052
328698502
305927628
-1127525805
555363501
-545605294
-1288457913
1365278437
-461817966
584524880
1228642394
-1803157136
1306891981
-1910898707
-367754271
656813667
1576085106
330026065
2146700605
-924151593
1631262760
989663627
787974264
189735907
647025639
-484037874
-353903443
1050627375
-2009751294
1609815643
-1011351898
-315659065
168647528
1134655743
966652358
-1426123215
-144262874
1444762048
1027633961
773670593
-1142561745
-272496365
1265742601
2145987882
1675127903
-1674292016
-393101213
1709135448
-1119365699
-104160472
339315418
-1152625795
2091927296
-707788586
-1132880166
-1992610454
-761979820
-1655525740
-1090125824
-125355745
-763010467
541202896
1213908408
1482564004
-188842629
279391391
-478454233
184040218
1773896016
-2063783695
-89613493
941257484
1055128702
1918927622
-259527071
978743818
-847954763
-1532203232
200832390
1043513976
887967468
922162810
-981942367
-223473501
-655409171
828876664
1439328895
1177409556
-468950761
1767945503
-793837761
1528435241
-1789487777
1907136966
1584115951
1500297696
-899945833
-1459564275
-243801737
-812304138
2053898995
-787972850
-309030731
-1837297104
655102663
242584275
-926344727
-1417913097
411465365
1989880327
-1885084845
-387848662
1355752775
134974447
451142682
731646511
-1295613256
-186770022
-2019941264
-3367861
-193440136
-840781481
1646304242
1877176116
-1735595312
1767459686
-768208300
662721251
-1442932733
1158514163
-1184569795
-837379155
495337431
-835731393
114613871
1046054548
576027987
137727264
-754554582
-1206251814
-404910903
-760343381
351792594
62130391
1288581142
-745644754
-954460977
1907463692
-328723673
1262792548
395454900
-1138145673
921859264
-1054766621
578812834
-1295221976
-656664712
748148697
-1182867474
-1142890989
369868551
-1715642633
-972834047
481887016
-597377596
277846188
-255577216
-1997699424
-574073240
-32478570
-744918100
433667226
-1222314473
2006020661
679681290
-856668699
61901473
1388042209
494096965
1488133663
-1183090428
1397611773
1270283091
981202686
-1822558155
694589805
1230743511
-1804208915
-468069345
-338977724
-2061061178
-537714470
-2086216469
1478190018
549950028
-967892146
-1438611838
-627384195
-215391504
517610685
1362066511
259749853
1415984374
740831007
-273535671
-1420150324
2137348
-1546154817
1058247728
126893486
1345224967
-894951342
-1137721322
-1409852785
-1966457257
1222451786
1117380896
1246080667
-1691513320
831663980
-963650163
-1705661998
-1949578269
-1070418785
-1960594697
970428411
-1533574490
1390134279
1774397401
675587545
1880712136
1146988370
-875916975
817593756
-841151344
773047121
-833113818
-1041230182
-233161273
1310630090
-396496885
2144453694
-137926245
-353030516
323844132
-1640755136
-710100027
2130677954
1806889930
-1629025258
-690159634
-1086385780
156103819
-478231126
-1922299314
-2077489461
964183668
449893196
-644839786
-1523859140
-1550273647
-1758844183
2044285200
-1299326776
1107295156
732870781
2029829635
2032232985
-1707670411
544696261
625636187
-2107106960
-1699641990
-451242695
1664006281
-1904873803
-649546504
1670781497
-1715445592
-571842865
1108719737
-1588500346
205566688
744494645
1098636767
-597595917
-1341721329
1802918085
45015208
-1616965285
-641237851
-1385166124
-301875341
-1413683755
29387215
-1718503547
1544480194
-845752026
1247047895
757672030
-1399673344
1035681911
-96578102
935223832
366837702
1508036167
823000666
-929621323
-1806496167
167299234
1548369414
-726467368
616594295
-21762414
1537261687
2012761168
-1330945454
-221003562
1967109677
-273825803
-715649316
-383966767
-1089788070
1893180599
-2056952507
-210992955
538579214
1205575155
-977191487
-1042086848
-1778012013
-785410296
-912246642
530016214
-1386766054
973978154
307252789
-1551204081
-1307988074
225476725
393060367
1948950435
-1093367577
708259653
1047874826
-1196409628
-1640454597
1015305924
1982484141
-1722700165
687807409
1802315204
-822304167
-722284458
430320958
-433477938
-1780268336
-2083464735
-184037932
-161269126
1058911739
-1711680909
-590975808
1765794560
1247425255
-714974966
-1309756077
-2086783729
-167140336
-1587301573
-1811733308
1759445469
1417349602
-141076637
1552980564
1272385150
653001084
-1281071582
2008630707
-262902663
-782994506
803653386
1226151842
-968341608
294629477
1260313746
-266266407
660552960
-1243252259
1456735056
-1570550998
970952576
-300301129
-2113712025
1105393893
-2126131923
-1756221485
1867989821
1182045822
-611468754
-359892832
280780401
1448778349
1251906771
-1622052966
384949260
12119893
-2127624468
84160788
838136053
1355474024
1525045336
-186276297
-1441246294
1708998665
-1513769253
971018826
411105837
-939239246
2017306421
296923187
64766779
-559917033
-1727990929
1900782652
582155971
708840587
-1394103689
1954727450
-218101354
-1047204701
961152239
-741275861
501772378
120664344
1734624065
-506693377
-639742524
-1242355471
-2066622218
-1309198310
-1135159291
-1165022239
-1086359224
-347357450
1909412228
-69480723
-1554458379
-150149810
-698101554
932855633
-1578092203
-939520103
1442190282
-1599150172
-945090386
865882836
806474289
-2074295494
-60791865
-1641967484
-861977796
408421321
1829414074
-1472803077
1112263326
-911545010
788015886
1088377305
1100742836
783420465
33724677
1569339093
-149321222
-1155323481
994492977
200841917
121795009
-966483369
123463501
1123191483
1594293278
-2135882945
597842761
-142391847
1056842533
1692209369
120513958
-2131127610
625488727
961846393
-430344700
913386970
1033517912
491047928
-1924465416
-1451846825
-278641948
-1523533929
1464827427
-1297700367
1521450244
110592540
2003742591
859836815
-462362244
-2094969023
-601966084
-2118903213
-572515961
188398670
-1995837621
-1147033640
1328090053
-1268990204
-1206286088
-41646918
-1479847052
-1967583555
730121406
-603461030
-1385693474
1189182416
650441238
-2070724382
1206055186
-125642438
-1455143663
-23831674
-2032950570
498228346
-56196505
91927821
1804369627
1557567419
-18360114
-2138345329
331304242
203649592
-411075696
1642996352
-164077058
1597162203
-1820798377
-1647401492
345080683
-541495001
-1336978869
1701872132
-1655129378
1274232920
-981052322
349479896
959874414
39692489
314014950
-2074447771
-1771956335
1492935572
1080526955
785478354
527018010
350784639
-694513214
-671012106
-1069549982
1200979478
2048795994
-603930595
1038057413
541379603
-636439083
-720331764
-1259923376
1674903558
-1886173734
-532401599
161143480
-1045627855
-1559536856
157972350
1525654413
-868210508
-232222993
-1601712760
1106676654
80072425
-515748006
-954439892
-496953857
-562018543
-19421584
-39950206
-1758591911
1956043823
38017564
37701493
-1827010622
-1605400012
-1537607287
-846712702
-831602723
1252260443
-1698452557
-808356929
1987952035
-33594922
-1290611909
-262848994
498892115
-1985403222
-243442822
-471981326
-1320055897
-1036357930
1320534743
-1307166286
-1187886520
1069219259
1766667869
629396477
1442056066
1021576119
1055085191
663556062
1919573307
567133202
-514810530
-273954224
-1839723743
-1455999715
-1992946235
2005906948
-636043230
820313752
1663906835
-578512287
1617790753
-2054718892
-730212382
-1890648373
-1961571611
527276825
-1596514522
303154727
1256334677
960814537
-1844997504
-1812758881
629501410
-1148933948
-730819884
-1033737822
1801698115
-1742357106
-813755368
-2143125458
129256552
-1188257617
-1910722193
1782642513
-2100392792
194517978
-531009930
-1052964628
30910268
-709673391
-589317668
2070807738
-286171664
1843167111
-1005746888
1357573520
418584343
1942611974
149325334
-2017974555
1288787646
-328440685
1254159442
-1027344747
-328788187
2115151759
-959489623
-561848607
-912804758
-1718731617
2143241868
-244771654
2029477767
-1809599857
1691222071
1452185150
2140359806
-1355219085
-835617790
-2120243838
-1018032174
1145275151
-205177865
-2062308462
-1074274503
-408335496
-1445994333
985712565
1801562510
1516208122
-676363215
-209547531
-716883444
-1169549764
1116222132
1225703389
1223940793
452933026
2079396803
-42275196
-1652544993
-1110250254
-279832246
-626889526
-109111231
-1758060999
560809887
-523504927
1453801165
-356662033
-1985221933
736283663
-1240397683
618003033
-579252918
831490993
453860387
-76129234
-394673266
79203970
-542130699
1818474877
-368696993
1421003805
-695984795
-1310381619
104918030
-605045568
1874313541
1821438597
1486609930
-612542638
-260044918
1547165326
603557819
1383689126
-520033217
1228663862
318790030
-1695949567
-2103407685
-1928759977
1727054672
2088730841
903091221
-1170721352
-710732608
568436191
-1236936232
-1655974990
91544414
2054981439
1979417587
1952567062
2032695689
-1045614554
-820083981
949287502
323359432
952734596
1601718131
-172170815
1907255655
-1272194029
2077682642
-424557188
1678082373
-934004586
195446054
-1281095410
-475784212
195340390
1096060785
1067466162
-954441246
-1485927382
-103208686
-934860109
256855358
4325093
942084478
961771532
366324093
2112568117
1203511087
-486744242
492354710
-544567080
-552001316
-924645690
698608971
1140305523
-553755159
1831365342
-2013660479
1516848014
2030774816
-486016573
-707946158
-2023342365
118915233
-1950988984
1973848226
781593815
1199692311
-1039569143
1828288240
-2024113592
421966380
-479120685
1531594158
812818313
-158175170
964342595
810910546
713652138
189507410
-860754772
628567662
-1968551940
-1172905656
-898829762
1129453054
1753234387
669018448
-248817309
-115578112
-1590994803
-279721572
485914476
1680561994
-1700647469
-1937706921
617960812
1436593559
1699202590
-1854263339
2117172836
-1229256990
1305582461
-69890549
-1455944800
58319095
286364820
1924077376
68457312
1682739782
-1712042521
611395588
-258351687
-1013176583
809775960
-159194527
46564285
-1335002295
-1194971666
-1102298544
1691475161
626665229
-1790121513
-33389202
-1857036674
1744047763
-1851000656
-945366545
-1413426684
1100000435
1497650178
-791901998
-171178806
1018587680
880280591
-1185214634
1639110305
1530369537
1307242191
299097004
-209991062
-1247030336
-917302475
-1041587987
1210809597
-1900932576
1492825270
968521293
526100044
-663593067
1346059019
-170838639
1977518280
-898093105
140495412
-1544696642
-1843432702
-1770854761
-1496656192
-354060526
718747541
1156824031
1328167499
-152104648
-2001354940
1427983635
-1355183032
1674771638
-1978656418
-2069205067
-1018510592
-1821292887
-961237399
-1644750552
533291226
-2013854284
-1610778369
-653299765
-462638628
-1053351114
-665687822
544627017
1980882289
-1557527622
-875801418
-745137618
-327233428
-2082815309
-1546969856
-1260201282
-975486131
-1874856600
-682105174
-371186431
1790795970
1558784301
341216985
-55070686
-1619275665
-1068920621
-937968287
-350155527
1917790705
-1006922399
185547111
-1841362970
367596576
1205878275
-1182243769
1544606688
1976013972
-927423678
745340600
1986155213
15684458
2064048501
-539976658
503844627
18863944
635911798
-1825216385
-1863796114
-197067363
1734964889
665134025
-14727676
1677275949
134046938
-335316846
-1533155402
139473100
-335185323
-961736657
-227827528
104480873
-321603334
-20379286
236656995
2116308558
1149576576
1978185054
-1196235191
-1856419163
1299113114
904642214
19696265
2073927485
-1646823576
-35840330
-1288647835
1357233550
905169712
1155499400
-1106433775
-1713829638
-1328607155
847648634
1934069965
757244245
-1957458842
-1436506762
1693621301
-1012543065
1859247075
2068890451
1530261975
1791239984
-2127145315
1823432826
-1549559034
-297831253
-2082239532
-1985952052
1294754541
-350075434
-1373370011
409936835
1980928742
-1967290574
-795549124
-291373097
-144990196
7497223
1057859590
-1123334110
-1741251058
720088235
94489643
-680997306
-992572602
165289730
111320059
1539531406
345819657
-1199858872
977816615
1419963475
-597599424
-210959603
-2011445390
12657824
-1871991241
-909954943
-1381878617
962254616
-544728651
1718057969
-1469683763
-2015769320
-1831644597
326669713
-494161255
-896547048
1301705201
-298272901
1675151395
-522377130
186868942
-1289849865
-320821284
799291573
-2025140394
-1758616579
-1042627649
-2120998687
-972963430
303184375
370857415
-773520201
1902037978
-1815151414
1126963360
-1781473308
1467697247
1835953943
-157624415
-1616181045
-1656820089
1178887869
850561528
1748139436
1021903649
-1556932446
-1071256282
1977180161
-1333020166
-1555129165
-1812344146
1887322667
-1629250376
-1050268120
-1117612792
-927323314
2101218021
1152035852
-439392292
1857058168
683616078
-132243972
-111282324
58452488
-578238834
-1460649682
-1834742959
-64569267
-532073755
-72851019
-1721491351
-70163859
-271460019
255656962
-1281544689
109452424
-977062961
-1740758355
-1296758131
1165367836
-1067678446
356451445
-1098898738
-1170319958
1230190900
888729221
1289779543
664362649
-947978276
-1099942151
-773775240
2093816155
1348793231
1207532447
-791501890
1953619406
-461544893
-745209599
-1774185301
-1188915228
-1699411151
1240628643
1541123752
-1988374907
-1503402513
-1714432632
368920122
1791603891
-738146627
-1953920517
1295775604
1294182639
-981830626
-1193549429
-2125477972
-2034907429
-2070675030
1799359574
-335597967
350187296
-1456765918
-935278454
-1901610565
-1697125999
1613722309
-824816856
842023268
-50821744
-1216853535
1670476043
187063767
1071504560
671171244
1868201001
-1582295546
1636309915
-195808172
-704126697
974518433
1119647030
1906963027
2069227730
-2043079548
-697818110
679590920
1712335547
-712276880
-1108894267
713527683
1321870051
794395133
840621416
1623884192
160721033
-576965681
-1269176541
-1681832618
-2064627488
2087627528
-34936106
397196368
-736376300
-422525955
583903418
147660477
1944869519
-1947541973
-473564104
-992479132
-1072779145
1136697195
-439766760
-1083555590
921083259
2121283173
-2137782562
-552393289
-1934501169
956223554
1164150384
-1790355418
-952299148
92943781
1477250556
-1771702724
1252696764
1707262683
1910060824
1558011820
1237251341
-451924144
-2058388694
-1382052743
-652326683
-1359554492
-1100695031
-804341556
-1591453155
-1518697793
699991780
-476808697
96358769
1167509698
-236265630
-859139815
-1959540161
1957995966
-1983631093
1303252499
978579598
-729295287
-1754803995
-2069325573
172489553
-1707737329
1038895458
-559615008
-1566800147
2102710022
-767876487
1847659054
-1591241735
-227831579
-606468078
360784195
2106142276
242737110
-592088410
1527578177
-211746789
-1665371287
39499302
2050561318
-583838261
-920897844
25795356
359339289
-1331931804
1723014969
-1058806256
512386565
1897426624
528577967
-1828490964
1218603883
1301628867
-2045409308
-375014366
-756703116
376350947
275444857
489035341
1253957957
-240177686
-487192977
-76691690
545748374
-760955142
658822105
-770451303
-1906724731
743773649
-1979247661
-153327481
1662597543
-1939942578
-1276584014
-94264499
591221600
2039998772
-558115972
-1599156875
-1921863052
1333943340
-2144517734
87555917
-1327777059
1505534480
-872452661
1763669701
1045902814
690167910
614925148
-1369201763
-1020013224
-1012101334
-2121450858
1855934911
-884467621
-1335671857
558522742
-1833462295
399205632
108636296
1127463843
-664182642
-792302731
563635139
164818332
1969412862
-708958632
-1033309195
1854695216
330494660
-1466037175
-1991785572
1763541299
1796978510
1092306617
2117400961
586302062
1417309651
-535559672
-590640834
2044592087
440565617
-2029311281
-2122692609
-423539711
423011732
1762798713
112396684
1985669589
1096677534
-1250458344
159385990
1009301122
1458095300
-894811531
-584047376
202948273
-1080866506
-835732375
-1580292111
1461318397
1632814466
109715562
-1323060265
1939812258
1828419898
717464168
1715896671
220105587
-1722517037
1111189209
-1533344973
-943578607
720929488
328104466
950578355
-1491153575
1773216799
-2075629351
1070620919
2065203742
-1226050878
-2119414217
2143538708
1952662552
549429169
-23041391
-872367969
898295067
-202303234
-2133616647
-625542289
-581237877
-1010362054
1893019585
-743948379
-148636658
-1837315817
-1957874351
1325183216
1005634180
252335950
638310970
-940035571
411883059
923052738
-2021347446
-600844915
-294075066
1942196965
-205842335
865574618
-1528892552
-2096096678
-1008021052
213700475
-243165172
194174940
1737532336
318850198
-1816779008
-1370187427
1797558130
250652854
-871261823
656483698
68685621
-485458482
-1649653343
-1346384147
1874868956
504906622
-1055173305
1408870091
83682834
-1232126572
-1062683546
1351686224
-605353058
-2019451180
137539184
1943804784
-1526588933
735517692
212712205
-437999247
-958335705
1685138178
1187830280
-972466227
1225310651
1809281695
-49447287
-682476196
-284111557
853356048
-1567282807
-1857256014
1153443759
1947371803
1966157697
-1954457915
489603698
-637454257
-1935628956
1942154451
651765833
-849096304
1935386832
-841674622
28254903
1130080466
-729122945
1000622920
-1680416626
2040608036
-1357772285
1116831245
862155209
-1545125392
-1446828622
-1836204531
-2708327
1382641793
-1542186530
152869891
1395904445
-1037906492
-258171831
-1290716797
-1461094890
1269923922
-32605993
1044172967
506376058
45666989
-1210251131
-695496210
-858238265
216210889
-193944679
-1435042720
1684593979
-910600242
-1427995877
126030836
-1502711037
463358748
-384776829
-1964107210
1885852945
-896026225
329353907
-1961841372
664952882
1668280323
-2021172441
224817241
1745906015
895389210
1594379882
571843693
389581650
1041204796
-1234393909
-900837222
-1789675172
1271634399
496027728
-113253725
-239522955
1073075720
-421402389
1106143472
1377073044
-851061744
688629739
1025428221
1188260929
-178339157
-1307539787
606315509
-2013364121
-723551450
-269611853
-305486951
-1786254226
1812473583
1065932939
-196830873
1380630665
953563482
-441708396
-1142911497
-625701812
-566247007
-1565858171
1830063783
1420389248
927160621
-1091952017
1859456890
517704762
336736787
948103404
-488241347
-942898646
1072564704
1871655064
-1830868501
1363147568
397214873
314809024
-1001462446
290236724
-143543299
-670981287
-218233867
-1481542346
-1438265588
-1480041421
1141905972
-102608989
606756300
-1374083218
-1311039062
-1952370197
2132303178
1388913964
689104598
976037199
295247838
1972324488
-1433719556
-698719489
-1571951181
-1431681082
-1147294643
595845475
456305030
1257823178
544165445
-1082662216
-1713406546
1494352590
-920499116
-1618585377
2076824923
-611173809
-1413933888
1777414769
-1094375902
-424811448
-1035462199
-1637096170
856182200
594037666
-1101861107
1834535191
84183037
-456000534
152262957
1363679792
-827899588
1923637316
321860529
304460203
-378517327
-136585825
-1622388440
985648553
693774155
-903816151
-666912365
958560706
-2077581646
-1996262395
-2021135612
904424656
-1113746294
-700665541
1771569281
257650696
-818090503
1367581424
1433658157
273392457
-19128473
-1358714410
41675177
-1054461256
148272260
-2075870747
-1672967753
961106316
1201362062
183075658
-547553248
1478266406
-1190918445
376616607
612504280
1448203108
1336064885
-1049241507
-368553633
-786126027
1257430125
-1968613490
339965801
1085445744
-917574959
1376705478
797365696
1088458209
1511025753
-1382023597
-2147162775
250544293
-1182618337
-1569660237
225601797
-1910578249
-879142491
-427859386
728744058
1356834506
1508390172
1335672644
985748178
-483974568
-1922469917
407573232
-1668664734
-1827548422
-646684083
-1152980211
-1907728594
2012935674
1528737703
-1794585967
93604748
-1826530522
459150712
1997635992
-1417443578
-1058603034
987851530
1318031515
-197610620
1275512721
-1459907287
-837088543
-1942148950
1576854779
2070114858
1143516212
653453695
647219538
1731723822
-190048808
878432334
1632676906
-588755032
661415609
1674384592
664273109
1150475292
-720526622
-1160605557
-1559008008
929600808
1443143222
-1378392716
-362277798
14390728
-2016256423
962587355
-471511553
1612855252
-1858131986
-1057291129
-1816062347
1679505870
1159506695
584009760
1861800813
1227357402
1335493337
1309316301
-1371390836
-1235345651
61570223
-171900643
-958300797
1438774761
531847713
187843370
251061596
240102696
163054213
1077606139
-1457015017
-1498346056
1464293284
1328113450
1974136693
416952583
1793991088
1854127046
1576801298
-1314413440
874890869
-1748520070
-1711054919
1346158932
-838221873
-301315346
-626794509
-813089667
-1471576741
249558637
-1147840543
893989631
-605889167
-1017359929
-1233585077
-1924974992
1165740369
-628987272
-1737138952
29105595
1760723099
-798160887
1402408767
1934663200
539832324
-938961226
-487002658
1994453118
-1046843577
-1364289456
-443547127
-1472526636
208577112
-1416839324
-324769338
-537651707
-2135311905
784341149
834785143
1252685786
1261700836
-1615927706
1098860216
469051725
-11004474
1169298131
-30956949
-1613338364
-1723153295
734616513
1548261392
-2032453093
-1150154801
1847827771
616580185
996790054
-1800530818
955702815
1900406013
-430104203
187686596
1236927232
719576012
371996825
-1742527041
-1467200690
-1968812285
314566183
286359008
-1649083212
220396257
553777595
-2142826854
1357373633
-692844423
-262328000
752416597
-1683916599
-1450639927
1108699501
1215860648
532155405
357440268
1926484626
339605192
-982715367
-748963508
-767873644
289908282
589024109
-2023457222
-820751051
1437858768
-1571069345
-1531807423
-1595697256
-313200942
1161731647
-1603240488
-1245993980
1187865722
-392059204
327044887
1026232551
-993339483
-1739455099
-14454643
1802354206
1191528392
-1247372237
685617232
-1025796237
-1160076512
721851493
-540688812
-652051610
-822468563
-315838932
2060805376
-1301198288
-1008256416
2145816745
1342191358
982933764
-77380078
-572129035
-1312242094
1802765719
-2042114120
-332127424
-385238866
-447642142
575355477
-667604420
-196391677
-1195896794
852250927
1429018811
-1166858661
-1091139792
-2007449403
2048686486
220557285
2119685854
-1116886273
-53071407
1561046609
1573620961
2066795175
295555324
10932830
24689092
-1043080680
1370489819
-627613520
2058313260
-314887884
-1660089015
-1885355290
1915545696
1788595866
-17340071
877794796
1340900875
777273368
-1625882947
-677639795
1476677185
-444129697
-850165141
-679959221
-1130592321
-2076897291
847180157
-650574222
1109299062
1241483119
1041450328
1012034410
-2004016310
882684126
-2016098800
783360077
-1546644202
1519927945
761044747
1098195129
-254170637
176432348
1034263011
-1510571290
388770234
897000865
837755792
-1841496070
-1180015930
2129078893
-773259322
-1023988325
1460020734
-623929764
-480489828
-1934410554
1573650194
1961613056
-1045641106
1743016414
574336259
1809403029
-1445506045
-1470313976
-1726931223
-395116166
-901686543
43450805
-497420048
669836508
1023311935
1420521599
1991239075
89881780
627613004
-1486082503
1609578348
2024817394
-2126501648
-1559546560
1091411547
-587062790
-2008453920
1932654103
119600678
-780352433
96283991
-708440013
749367408
1455991693
589932273
1728070674
1061461838
-1050066276
-20248871
439874193
1545544710
128802594
-567230170
-1307132545
548341273
1520559673
997681538
1242373484
-413206909
1413318754
-1783303668
119144647
1676280640
-50870088
1051686015
-1937455065
-458260718
-1620262040
651487635
726283240
-1107877503
-1529714848
1458336419
368187130
235447075
1343952710
-1285547633
1737286389
-43361763
451732907
1233660643
284516719
-2117166359
643031168
-1571844552
-463196527
611311960
-997646392
-384122662
-232273688
1243088346
-1332769906
-2007935318
1127041656
1812923133
1594002714
-1199299258
338894614
-906883277
-1333649569
1378385254
-130003977
-1791226152
-1528106314
-1904011639
2140150915
-329997710
-431974447
-1058828080
46876783
747328825
-1239751191
133935400
778364682
-189222950
130486330
-2043954257
-1602042922
1838625655
526393008
2035257424
-230823847
495091954
-1574322718
355364271
-2071892171
1131098219
-1984718273
-110526900
1587213430
-994960122
1090173574
-1964796958
-370067669
2072389873
1814138235
324973840
-1064648649
-1014252123
2142150359
-424517317
-1806196120
-1589277589
-1764939905
-1513640271
953067464
-1305849055
-1744179975
716613394
1889501235
533440829
280634395
2033354219
-2092907223
1143871762
-1746842875
-517423709
322561765
951257426
-1924780464
558950042
-747219282
-1611056429
-1481208441
-223740786
-1057979796
371252885
-1317268779
-826044863
1943565693
-1909684220
-1292070400
-1351105704
155398857
-1089962119
2091565717
-777692026
-2119361517
-1554630394
1376512357
1808208361
980089490
-55446670
1793729839
-1355287629
902462656
302302082
219304606
365605133
542915953
1356173178
1400355701
-682366665
-1494308826
-1481654558
-293141240
-1171920141
-1855828318
-203513203
-1743449619
947815971
-671775810
-1826039593
-487732492
30266289
1143885689
1931948589
-170785965
734468014
828837971
-142157359
-1829573595
1385898429
1282629082
-281098530
720161557
1942867890
991428740
-88295030
1009379414
1645123189
1684673215
713967787
-1330518058
1419130156
-2015977658
-212941956
-1946615374
-1207306599
-623554378
-1863652448
-75117077
470230207
1247676000
-1797797018
-1485072550
-713059637
-1771937184
552217677
243427809
-851812046
-133585682
2135978443
1516589027
1901748246
545155315
-1475814327
-1286442251
50181102
-1291643425
1632270450
-567274539
-2078236572
318446265
318193325
1379175834
-2010669695
-219920777
-242080025
-903948243
-1458365689
-1793273457
-1415826283
961560055
-1767795171
134737101
1625800441
-2082522917
-1312103119
-840177305
-22971997
499559014
675929625
-1560129970
-2000486086
-137108667
664255099
1390636742
-895815556
-1003934217
1192156783
2130466360
139641218
2001850562
-601823902
-1554571961
-887423160
155171563
-739894979
-1427440608
-1255502996
1515868448
-1727350843
-1305825770
1782971446
-146207431
-830428604
-1294140819
1095784152
1771824415
1956811625
1488221813
1672915446
790539532
-1042327700
400086234
-1130607513
616818932
1339261557
1323652666
734381117
-1343831742
-1675087554
436547320
-1550018046
-1335161145
-2015010826
-300943793
2122751045
-214060561
-497040536
-703237463
-2106632364
-1775851211
-188182436
-1796647119
-771046070
1728158424
-488123075
473220775
-834373045
-2004302386
-487568901
-56840334
-2017537778
-1993765383
1139128882
870929659
2088360859
202971032
-704811637
806132280
-1594745771
1297262079
217199202
-173416058
176376635
1032892810
-2017726807
530290107
1792781162
-18028337
364174091
1075818619
504411365
-320696046
-986395564
-48901686
246290073
-2043545091
-1790103793
-733037341
-1591454566
-337971056
-2116642448
-1533653433
848070322
-783311530
1756043124
287194904
1108015901
-1101030951
-1225353914
1484868006
-529350259
644876631
-2009527323
-604273846
-1956093325
-778399564
1814844418
-1179790
-1201518976
1317669299
259638062
1100025853
1556714089
-23450272
-1823869132
-400967991
191265514
-601689648
729510851
-20177783
1752126734
1680838413
955446864
-1027727141
-582883668
1282170698
1061332026
799692697
2135079732
-1827271074
-384600274
1013253998
-220823381
1684524143
-1886483508
-695599700
-534400781
-1632798739
213530250
252922717
60492624
-151391550
-778501416
-873054313
1947312679
-472836409
1964441733
-421186796
-592477945
873987449
179569505
-332793598
-592040211
1049988844
1033877794
-948565738
-1000173373
-1132950529
1223080331
79869670
2139746346
-151550000
-1382157110
-500364680
-1254479239
-126712718
-554949599
442371605
1132416004
-473618723
-945348407
-154557085
399580064
-1678526938
-130726638
454771122
-1949345178
575429103
-1010746418
1758005141
2065415095
-726053856
-1949244944
-130336331
378329473
1217917398
-952754577
763296993
1793435839
1530138523
-279260049
1851312488
-906939834
658869464
-883469405
-1745085014
-325413955
-2117961081
-1923814676
2029209068
664112364
121524524
-894140090
-786739860
1521229114
1764399621
-1937024796
-1958384459
285865328
-824412289
-91856744
2068875572
1327940035
-1266827028
-2006534280
765630986
-981692400
-1589140109
206587582
-1693252062
239588969
1909459527
-733112848
-1949020282
-2073895473
1511135260
838483264
1576837102
1780913473
1886235605
645372468
-701363558
223809781
-1100964223
-454710647
-1007118495
1757559268
-394782584
-254529195
342715144
1234923916
1546085409
1052674667
2132517079
235351537
722793222
551997442
776776041
-940191260
-683308181
151729816
-1744878908
-1952627321
228118571
2042282771
2077056425
1473581839
-745957308
-2034450646
-2051374036
-1064236085
-447231611
1028689922
594122118
-51201690
-1041716603
1631703835
1909582632
1663704936
889577431
1697047917
-361153772
-1461546750
-1770878853
282998990
1371065192
1736482570
-1613681257
1002511254
-521548997
-1539153341
-741574298
-1907829115
1488839852
899917282
1369434479
-1018346269
2126928951
1434170957
1748824058
433212136
108876106
174250021
-820234049
-137638306
1598682136
524921734
-1886255904
1788220804
-1087257428
1846345613
192401945
-1520783307
-1032442048
1702156826
1282195766
-1502064823
1820269006
79017942
-1257148476
1032203835
1667774183
1651984503
314259723
435286796
512766404
466889538
-446295493
-792647578
-18479206
1559916497
-328501788
-991054333
111288882
1095556886
-1007152469
325516111
450758584
-127840097
-1197395654
2016899148
1834398674
-533164005
924190072
535359669
1020456436
-808413412
620257018
1832916326
2020094194
1476009758
1890282680
2047426554
-1032980522
1197920199
-1482782717
-130532171
-1399290893
1115000176
8731318
-1320837468
-55480262
-2087277597
273478827
851655170
435529163
-1501951642
414458993
-489463587
59082191
-1026206216
1030596411
1136969209
164453508
-1548678438
-604584934
1171204596
-191270504
-368126384
569714286
923481770
-689288773
-1113292888
-514487398
-561894182
-170726033
-258832517
-1883564042
769148937
1374964002
1269696562
-1822783735
1876884646
1623587453
-60187957
693873399
260732014
-1257365762
-1142864931
-1265701064
-996676334
-235997244
1816767705
1978389130
-941040362
-1291159895
1195584914
505973800
1936786171
-1280767851
-1063949826
1342853180
-1898724704
-1613614831
1843431485
-1055856751
1420784868
-1575302374
1360872155
-786985332
-1420063344
148243255
295000914
212881244
-121062540
-1298964787
26357970
1755204464
-1568643377
1436902578
1318551363
572958761
-1833750029
-32392449
-1294169462
121049809
-937664471
839175721
1091975691
-1512304694
-226867503
1274041682
63498350
594577674
-1229312819
-1810020388
-1082070106
-1802285114
1593326624
518985791
264050991
-427391635
1230662097
715081756
-1320760682
1013456855
1473738773
-1273648750
1046947390
-34472770
1349088940
-537730609
304197728
1566783596
-1958910581
405274856
-476551085
1713093558
1634196922
-389070099
-499255795
-2138163928
-1799297921
-1784197576
1656663017
29094273
-821605188
-2049735931
1003577514
-944683167
1838041749
1117335623
-978491969
-122648000
230563157
955957689
-2030887480
-752568158
-807734382
1653553970
984151896
-1470867064
-2028769906
-1325034179
1288097788
-564118231
839541215
-1498886424
-1176108164
1721832674
606455890
372426972
2068622176
-550365590
1747382029
310984110
653185717
2024152649
-1506910733
-1260295309
57188880
1187513738
1821379659
1920746137
-1633630253
1679695535
973261987
1005989364
-1695375186
-17560092
1258296050
-599603177
1186194536
858615928
-1848149764
-434236955
350345951
1633093512
-1421105926
-1455292825
-536978099
1486051836
918845049
-297244706
837101516
828047799
58498434
-1240546788
-1863958757
-1579673591
-1311834118
-1594745329
66743970
354907496
187339084
2022658718
-642571597
205633632
-1569095612
891051703
-2677998
-1527167033
-1540169922
-1423091544
1756492215
1620689972
-686019969
1493728942
-1623993902
-343368528
254955746
-523092789
-1872970994
822983342
25698998
135478236
122469657
493254968
-329102618
1386728938
1979225956
867457899
-1330170278
-800502849
2133428519
1618753061
1002147229
-1646839876
-1420059225
-75382532
-829807424
663697898
-1585579845
-1206467983
1233159549
-188724914
-892541045
-1061926044
-19433570
-780757376
506837403
-1926777397
915483551
2086865790
-667900409
1090804382
-481498222
-1608878915
-1879228144
-710528235
-1775602110
737519489
-1628289578
-1088366315
1977968795
194853229
1650047079
-1858495769
1827887433
-1981768355
6202360
-800942550
1643481758
891402611
86112625
748162571
-1216784712
245058160
710955566
-169840462
-2112833054
-346445756
-1301636349
1614987263
-2139185350
-886915097
-87037055
-120696459
1867043732
805525097
-600371849
1250564470
2042348190
772073800
1741322427
-1705970256
1552572996
-1896824831
-276707542
-670848297
-67702698
1731855081
-1581259540
1995475348
1326933606
1349643068
2053996796
148631228
1301465078
-129605514
-936672793
-434892091
593669843
842831585
-340688173
1152244853
284604859
1935573871
1982373058
951036635
-1278361275
-617924407
294846488
-1177924989
-965544190
1233617319
542450266
-124810780
-452242722
-1351791519
922584120
-1206312675
1602351820
-856835130
968119244
-1324752672
1378373794
67301676
1032613668
318659758
-74878400
971760584
1501793021
1495368772
-797083656
-241313473
1536655825
-655564716
142421289
-1367583876
674434836
-1369217416
168525613
809600964
898923193
445716579
738524788
1963897607
-1376454406
-1358372263
-83636751
1983700855
-497040807
247295200
-1945590604
-319033506
-1181472799
-383199817
897566167
-833158868
171845553
-1685945337
1203966622
-1475182385
2055554490
-2080273448
1822989017
977893959
-1196839737
807228614
884952973
167051641
358865853
-1079674892
-288244781
-1075723454
-1455725788
-425391809
1029761023
-750447665
-296913179
647282614
1682426627
-1335620053
-800827307
396538186
282717717
-2016110312
-1597186959
-737307199
1591092880
-1828100829
-1612213653
-453196560
783321623
-1940441102
558321253
18703401
71631104
-1665984288
315038843
-991922447
-1170859282
760099531
1344135175
-2118334730
1683098047
137199404
-711580897
-1064118465
-325982551
2116587111
1525996130
-92252507
-656038497
-207879837
19013876
-296499839
1849776889
617711709
-1529663290
1588085414
629585747
-1595376903
-1230693606
-1464028271
1529863604
-1289265766
-1844705978
-1248281633
-380700686
407889906
-1737298505
692402174
919088469
622092508
-2128331464
1040527143
1558306683
895902568
-1991006092
1993830539
-1616817798
2000970039
1847993785
-1000845364
1143479627
405566985
1427962622
211694766
615062373
263217300
974465063
1763897870
1909563560
-854608745
-446910074
947329042
938358396
-562390483
1416859301
597407137
954216762
-1074745754
1831223618
-206422763
-580138806
-1294673645
-1861461862
58294319
-1363372148
931671008
-2024446742
-469108917
1584964475
1022041768
1215504178
-1800222764
-1365748336
-1480213244
-1697134277
1174158841
-54787228
-1693673179
2112621019
-823415392
622718744
587306979
-120600200
-1125126501
1506402680
495774229
-1448226102
-1449334759
1236386398
-1826896093
279067620
1758453598
180933460
571981016
-223356044
-985825866
281374845
-1394431876
-968798647
738574758
-1715242060
-2072990431
393629973
-1728491675
1358943733
-1051018435
1866887796
-1073818486
143100667
668564857
26108204
1002337030
-885288149
-1446920505
1001216694
295987027
-1019981904
-1986486854
61636093
782982637
-2086787866
208085265
-683538844
1651649537
-757410053
576323988
245281550
-2044207260
-1605792557
565427491
-518791592
-703309370
181509420
-1721481461
-1115354710
1848830758
1349159427
-235214437
1853874543
1740087176
-576860619
1910254839
-167641759
1303327718
346382696
-1108420821
799269129
-1116412317
-2137778645
-409970302
-44760954
-1145530938
539178587
-455983336
-213070452
-209525723
127074760
638021806
1334907055
290214112
1874981657
616653245
951194337
1142390225
746122988
-506823987
979458873
-1597107263
-1557610175
-2102635258
898630902
1680013853
-2009625320
-1591371001
957215170
-2076977688
-1715269033
-2133024010
930307130
-2008087565
497479153
-1361504809
1404210861
-2115861940
1407465541
-1944045535
-1891122653
1223392499
947529155
-965433458
1339648417
-1081773613
-1634365995
-1326210510
1182494123
112402416
-856196101
123153103
1424759818
-647318052
-1630458056
-1153065369
-1253453873
93451119
-1219089492
-1601401071
-1020488297
2083402422
1730888322
-592578544
-1308667889
769100843
1944302603
-184279263
1613242554
-843216346
1630261291
-701384941
2034768114
1199513492
726841587
-1395058787
-1479117013
-906045979
2044406671
1810800235
-1612974977
-1904777654
953512802
1168608633
97969766
916730400
-1354568849
-1706558812
1444493508
-1307291993
-1578782214
958899326
-159546328
-118089737
-756714898
-1653686175
107005010
-1391165645
1373399425
-1098312250
-1818070282
1738442750
325978006
1566505687
-549123393
1726261549
1304089953
-2142697918
-580569450
-1447099202
639336144
967608911
719204643
-1173705975
2126981161
1568419124
592844947
1406885173
-1230540433
-2118569305
1825913499
1323467500
618581002
1925663413
1320656061
979584850
447481510
523106770
553141450
-1256779470
2074096474
880799280
1925842343
-521876870
600460301
433182291
-1670785965
1233169129
-1613874923
1487899877
-195892952
70351366
1376984608
-1525174842
62730592
-1051493293
1284444503
-1393366937
-841820966
2097184707
-1770741568
1493017432
-2137926626
-1496859800
-1704408605
-1183857378
-233110882
534214256
1261324208
286766666
-511712962
-1364874670
-2078451041
1062924486
-1825235690
1313084483
109932313
-1377849230
-1754810762
-1856017937
-1748482538
919116014
533664810
-1531927195
1920238598
-1650170695
-1820948738
-39674798
-455095820
-322899590
496828804
-1889708431
1634647273
-1548599906
-512620524
1301010241
-369385586
1205021474
-1553785581
-1740091655
-263036396
-846259279
-98751112
-488249671
-8172456
111196657
429506956
-284255231
-1582062015
-412908519
-1312295440
1914625894
2124808812
18541510
350060772
51374722
111808267
166403855
1465665478
249364780
-1371664118
309120726
-1851963177
123671016
-1230344846
226920033
276421957
-2141361759
1367467282
1456171048
-1799841947
-548835691
242706011
-951557136
-1082965697
1057396368
-1901815412
-710526440
956284751
1098845276
1818921742
-166207438
-935470198
2144909431
-976742368
-2047730988
2110274718
-685399802
1721237942
-1354604368
-643363458
-576334583
-622671458
-678929694
-1090053859
-1151314224
-980501019
-350841207
2019581561
-2093237842
1736103544
-1848362088
-1683791654
118908651
-457750259
-1956455186
1773451355
887733758
1129903939
-448219741
854763177
67273723
2006129415
-688855132
1140372490
990664266
-711666374
39358337
244422817
961877145
-1721859440
-296173179
1527248367
-91720173
-1449329989
1709884422
-1039489891
-1015857711
2060918215
801446655
-144598408
-77544816
-702786617
1350908123
1174187196
1335672229
-131538255
-662509421
1186312852
953062701
-572572026
-1968716550
1488178145
-1551723128
-549210186
1953911127
-1124741062
-645345785
-719705151
-1374582988
-1167709645
-803699485
-1256481759
-724636299
-1388666142
-635275664
-1078735002
-1461023573
-276373090
237720467
1452630179
1486181546
-1173314550
-961858703
1333059848
353093464
1340142161
-897192855
-400429104
1256979655
1560138674
1543211075
1665100893
1256150150
-1922283714
-1766897751
625616544
-65181644
760382688
-866719531
-357584450
-862776491
-1978742114
-1970592373
1202535664
64070760
-1097385443
1850580042
466130602
-1013478600
1203473002
577214654
1798553087
-872081294
-416706057
-804753544
982361667
-811261321
-90051357
-868130592
-1955000079
496673651
-2473091
-2073544855
-1934843441
1405199534
-916523766
642323719
-189951665
-391967967
899558086
-2103237667
1972937016
-1023403700
-1822255320
1743986235
1215510405
-340542906
1453614442
-1672879673
565756813
737470997
704322888
-1910734343
91672931
786878271
-1671201017
1625198028
-1718849665
1729649057
-994534472
-1441891150
-691549539
-2141291906
-730878531
-1050183993
-1880677403
-644789798
505050508
577432649
-835680949
1097182473
-231989581
-374886328
-1062873032
-1289596286
-1850150629
-867464551
319898218
-595061000
-2086055280
266827024
1065348375
-348969045
-916661120
-2111965203
2105514584
775648762
-1136489982
1870027158
-1462391611
103829565
45564442
1158059398
195855708
49558481
-942915013
1028738693
-1063363674
-642044813
-1146409716
81014809
500364316
-1900063535
-513425042
697725756
-1378363194
459557982
-1621393986
-506561970
-349112284
1807464037
960475991
-340740020
-1424372142
-2098588063
-496054694
451499842
-1328710554
1041014155
216651184
1785025022
-1221692900
-1372209741
-650418352
-500763386
-1324577355
-1793092269
1979299005
1278016203
-1965894117
-1030715168
1993163730
3323677
961819464
56597859
1528592321
528680417
-620705559
-70555576
-1879562664
-2021723902
-1992042690
-1364219786
-1612333690
-703315547
-1184610749
-145564513
837270814
-697339744
-1522516204
-851023144
669878490
16230955
-1226934387
-1905709717
400545441
-816129832
-732556240
-1681557268
-2112930548
391834560
1178092619
-2147422326
1344185894
2087504894
-944440230
1520809382
417049203
340571489
-1083805015
-926807
1813190707
1286792796
809845309
-900525806
-1785713945
-477177023
1308710900
2122446029
744044308
-1226930002
-719712789
1855035083
-1155215802
1754941767
131209503
-1602421042
1965989719
1434808997
331492694
-1694118780
1598265073
1715389837
1654094655
1834239191
2085684304
2146119012
297364696
-335912829
1329251916
814252770
1113867279
771796968
-1921465194
-107133434
-864256084
1472014369
-549701311
-573209783
-466015635
1419849044
1994493572
-1838393322
-1543407502
1982688843
-1703160642
-1622881672
-88320293
168781123
-1416424263
2005657621
-241774161
-178941436
184484402
65626202
1831891967
-1411071695
1834734232
-2048717321
-1150613942
1932129505
-667993068
761996174
1259163427
-1700150675
-592453431
618131366
-1690387951
499595659
-1954436516
1744792549
-1327757130
891922587
-1596073546
270535550
2097377842
-1932930495
583388936
719551719
-1925655351
-1021024205
-146026993
-27307313
-261562942
1066983251
938295961
1103284303
1864125330
1591275775
1554925895
1101010015
1721413178
230579624
-295796589
-1028456309
-926004756
-1574845279
-1351916012
1441642213
-609157132
-1616468679
103072768
2142239549
1562665429
-115483381
-1633946893
-778288241
429216434
-1218365549
1838085102
-708746308
-554837264
27255557
1969006241
1376174205
-128052712
-1438851495
1779408876
389299604
615465729
1272820906
-698260317
-825337021
-1100829139
-312927808
-110097263
1368536834
-1257271693
639253483
-939748929
887382891
143279070
8838930
1554534390
-616510600
-627521323
-633105142
-2062780287
1240012017
1905710459
1410508588
-705790410
-403556833
-542223016
-373324511
-478102089
-1616301371
-2056318152
-11416321
-2083592715
1582445648
-1915044013
1625309337
-982915851
-825986739
1806218158
1057831954
-346071850
1285068826
-1915282752
1354465715
-171645678
1187426528
450190423
-1138528514
870292484
-1528059200
-806488900
-614600957
108317865
-1052899252
-732685803
-1946436111
1314434218
1572626232
-1231301622
60084719
1092384409
-862478512
514419115
-1247478484
1141728379
-1383705428
1469008273
-1631052492
-2134225274
-221423325
1923076162
-944149627
-1362234837
-593647363
-915762982
1553908578
-693623466
-1221701909
1437795302
-1268649754
-293570061
318020411
518570131
-714646181
807474612
97262151
-1433951225
-1173181236
124830225
-1694302674
1648921358
-176217896
-785418096
-1235816506
-1770946055
-1730489144
892923718
1312389841
-1642164542
-382654748
1506077084
1936886126
2034923892
-1251876095
643125590
1118479057
-1024379191
-506985890
964582353
-1362239178
454809876
334238897
-2068496501
1557386002
54537057
-1446271364
-384418328
1233632139
1633442522
1191196836
-405076685
464512554
299455083
61185347
-45699358
1068106191
-1815827287
-2037854788
-1923293667
-797067548
-2002952209
992316944
722322049
-188355371
1996261578
629829999
1020855072
1994683071
-1609173354
664802322
-1585064500
-1225064601
1235377768
-2050384313
-1934702955
-1923105683
1249859630
430040269
-1312558193
-1393372992
-26244587
2046409313
1427030232
-1591894444
-1222138326
-730773864
-1720825640
-1432639726
-461693373
-1068534289
2134117578
-1145549552
1027977760
-1059596512
1761388923
1470882306
1289567180
-527402570
-2032626606
-2072659473
-1347854775
-68247069
1792353424
-1439156953
-1556809109
1106929041
-197759785
-1309215373
619154948
-1041856842
615950576
-152653170
-590159551
-1097130260
-852999224
1551983060
1373873747
-100208576
153336251
-1081563847
411692881
1391750985
2084231956
-599018116
-1361535396
1448925820
851391188
-131777637
-949406717
-905645377
-188639822
578342281
-1052532759
-1898698437
265100643
-1312882146
-1126172763
1863341685
-348122085
-425045938
257046505
-1128968544
-1203137454
-111268451
319714277
-541006036
-776281909
-1772806190
1941313261
-1061076574
-985155375
1093252586
-431678376
310144947
-406770493
-1371431857
-1023385173
-345652083
-460671277
-661045175
-1997244681
-2046400656
373398538
165787316
-169438849
-742130815
260757902
-804660749
-141589347
1489596638
2138841639
-1083780316
1444078821
1736659697
1096331263
591364757
35830154
-1218303991
-1549603159
1388411765
2103599104
-1028999642
-1022344860
765298382
-677280285
-1421524716
-1157863009
1693770162
1370643735
1274680762
-1429319232
975153844
1563192879
-744819021
1855471648
-2006437222
-1986024174
-411156963
-178669990
2019435600
30520283
-72759119
1760133317
-1910523874
-1327937535
-833028588
-1225606594
-1088002531
-1920299593
-747992468
1339541546
1929890790
350784917
-1074291403
1006277306
1282587021
-1065947016
1210040660
-1709605519
263952845
2106660261
-835607957
-1771772957
566929796
1973020468
470438767
1508449982
-797855135
371855531
-83236232
19223822
-1286193957
1654160361
1704297944
-2023252548
100167012
2006136901
1007423086
-1224002217
1596850398
2084384758
-1886106821
-1925329898
-739500978
1420251060
1015028277
1455239197
-1984830514
2109867167
1298784859
-632367105
1536232648
-447859616
1693356809
-1312353916
1257299808
253957005
-1221081971
59627691
-2047124686
-829391279
1135529465
-252994831
1349219133
-1929660596
1802167354
-1857525037
-1150380770
-263278408
1870239337
1277978514
-172298368
-2102377524
608320353
-344433355
-383833134
863894116
1647977617
825876692
-1645768901
2112245473
-1456952814
-118592238
1908389578
772572750
-1751686149
-1757592853
108487410
9275587
1694246132
-311946577
142870069
869227534
1877969417
1798222157
-1535112418
-50649969
865874880
1927437780
25429363
907792482
-171967380
1948867383
457523883
1977209027
710524867
-759438768
1437101469
-1511094866
-1464629330
-881872857
-2094122630
-1846526010
941765216
58176627
1938507773
1723989111
-556735062
135373920
-2028224800
-1308606370
2071978892
-2009893486
-101302127
-1032408089
562271246
-1972959895
1432960037
-582982089
365549648
-551391098
-1545025395
955177549
695794400
-405807474
19037958
657605219
337432907
-727726547
22022358
-130052711
-1047797002
1399647581
926438452
-2015941675
-1074288338
1890167272
316318855
-996561948
-432522116
79832619
448655827
-41576475
1251279677
1557638684
-2104341648
424424422
-330222222
158681229
-1300680196
-1243544881
1331448277
-1860296527
-31122286
1451373950
1458806828
-1550154785
-1857053381
1773561907
453246176
-839878762
722000036
-509717970
1240377808
1380002752
1247429905
230640534
-29405086
-359346886
-941497199
945147293
857530587
-432898924
-794136973
2022527200
873536240
1186622741
-774366216
418197011
1516735389
-1860931583
436800585
-1541380899
220075060
-1096454115
-272403541
205024512
-2056368456
-1318936206
993724912
-1075219012
580412267
1501653329
-128291792
-801065099
-1056103515
971981463
-1147902535
1580972947
1285455334
-1985142222
600593475
1555152553
-1338335442
-136437789
216275815
-1502703400
-114862708
1058105157
1550932818
2087753845
1962444789
-1504987891
-335356235
-1691231511
1238751063
1003807890
762999807
1107177433
1699790060
-1290645104
-309418546
852951686
273529299
335483432
30082722
-293124747
1134062555
-731951830
-1583545389
898661458
1508088738
14430359
-1067027515
1036255248
-1636591650
319442016
-2006035623
-1813388971
-1128107526
959731060
1461413542
1795755285
1381167076
-1176464135
-1989431064
771397500
31475493
-811104296
1867970488
-1372827375
-479857359
-1370066305
-1124481667
-770373096
408701184
817949921
1548328738
1629431863
-1942261284
324053697
552231176
-1879805349
2015373180
982713392
1288173374
2036348636
1787445074
-1158151596
1050076399
1537945566
987677473
-1880165270
-292466917
-2102998534
685530321
-657927923
-521306486
1641263390
1003105158
965273528
-68809476
-764819535
-518629906
-1722767736
-1208274523
1556474874
2140859866
-543459258
-1617436457
1042558914
-1189807856
-1051984219
784118529
-1328323017
-4017314
-421778233
922601175
947465234
-405053966
974521861
-952102190
332123644
-1260113943
-2083322641
-1133127205
-610684627
1728789541
2107403921
140588866
172761686
1709858915
1743197688
274658804
294497985
-1851682421
675894260
1739269869
-1818596427
1381570890
62011166
1773415147
-1119694818
1446090973
-1818939364
-1591205021
-217054099
1202775344
2054012451
1924398776
-2122134339
1880625191
1077075901
-1641376854
-1537969865
318780218
1250577356
-113410036
-2060236618
1348521799
50837198
1666760378
770361773
-1996761693
1606723681
-1513281336
1585530184
-61297039
1549903113
2105890302
-1277972271
-1875324873
-1152798671
-549220220
551166293
755350701
488467055
203345881
-498737786
-1302235432
515592204
-589304055
1674848739
1744815704
-2119246910
-683699681
113193749
-1166025731
791187911
-350720297
-77022564
-1620890721
926758666
-693572456
-202348118
-810053842
1430960316
322588576
69332559
601360135
1397065745
775086976
-1689958699
1292413833
949579335
-1459889973
-669130899
1491575784
578100455
-344274422
487286282
1341535808
319290954
-1133896718
2080995468
-1457896211
-676459938
-1076187944
1853460769
-1725313767
1132307369
299665252
359978216
-1399375211
-1872248690
-1997304699
-1692817194
-479288084
1968891087
215500964
102969565
1380010421
-673337517
-1185650661
358030666
1184749609
1805516840
-301105432
1513646702
545874420
-826410294
-1710745699
-2144078208
-1789524657
-25663323
-539476581
1365643713
1349624910
1632255960
-317458817
-630821663
-443007626
577196603
-1880138021
-310769247
-1703233134
-2112067421
-1338941912
-111078983
-1650179386
-534688156
-2144655877
-1695500293
175470820
872517910
-1639190409
-788035657
1873680126
-51709796
-879906302
980207201
343072315
1235024737
-1785810373
454151025
-1471751698
-1289440539
-671662037
204894858
1917604068
633672823
923399610
-1889530914
345176061
1126396483
1345338979
1092906704
108935677
1942784143
-331606741
79762138
-1901614940
1420204865
-852283953
1049645744
508488443
-1020696668
-33096388
2146254245
-274088720
427617899
-924822205
-180839602
-226765787
774658549
-1881372788
1823999332
-1064845820
-500529966
-813349941
87178222
854002454
-1212554107
556508466
-71690337
-2090247275
1570888843
1759650598
-884228484
-1090576065
-667435620
-1369941708
-453640511
-651285908
224523568
-594093498
-561777659
1775979106
-970968764
-1446477039
-1640408420
395686632
-1886684067
-920518703
-160025284
-834284776
1659737549
-858818248
1782360290
501927801
1086261812
2145098915
-1377946890
-1003559092
1498402889
797078414
-2084332115
1464621862
1607888346
999669322
378885806
-29251394
-438441712
767542765
239078392
-487772152
1305151991
-1832068728
-1632914686
-1282042494
-139087810
1592978079
1673092643
-874154547
-1134870214
-107873067
1484686387
-21610882
-759467472
1298095335
-839213453
326058038
-1639910701
-1030171941
1374568617
-931443217
560708619
-1459862664
-1219948657
296254873
1946879736
-770476808
1226193261
-1435836956
1886466101
1764420348
-450538236
1513370975
552340320
541461951
-1222128978
832577218
1651534554
-1345187698
1574513602
-480962937
-888152117
1023167351
-599057347
1349537214
-2034502040
1202191424
802402974
-1487186399
1800041080
1078633114
833057296
-1706558618
-1579003885
1186294678
1880507086
1501552084
-1741583188
-129671080
1760890050
444244505
1665662034
-1252307959
1798559856
277269082
-923553998
-1365799662
-348481007
872320138
-146822304
426067334
849677059
-87868930
-998375722
-1809604897
-1701300897
-45151167
-1588433476
1811092716
1718785515
1213623076
834879721
-1139278838
1967257651
-118554598
-1901463383
1346549394
1501065457
2042899138
1177937856
-1826533999
-1710482763
-532305213
1557068463
1487233214
1958967489
708219615
1606889269
-358309464
422224949
1943001410
1697480728
-970371538
214673259
1040914715
-268613340
53173812
-301552732
-388015762
-1173264524
1992448147
-1316168477
394456359
2113051119
2087387985
2034968601
-1704804239
-435362283
-1527028974
1623209857
347121480
-1387264773
-1265451571
-729067187
393183564
-352641900
-1283812159
-407372670
587024088
680806705
-339162710
1663340575
-2021108909
-1307526326
2111988528
815796357
-1512144699
87715198
1946264736
373161746
-1579554643
447526616
-1881576227
757399566
1201167889
-1198441133
1352339608
-200836406
568849621
433786015
843260862
-1899784186
-1943786928
-61483739
-328931790
-1801829741
-1184595172
-390359223
1978877884
-2092757447
664187437
308494062
-134105280
1897736410
-64250588
339669822
1113993522
974895574
715117029
-1358356822
365510985
336483249
-1466089114
1558934320
-163058830
231496691
285037514
1910206171
-1281970169
1943309647
-70276691
-1180949360
1456742208
-899680249
-1627709759
1024281862
1445769193
49947790
1985208729
2087445526
1649986901
-1331282834
1146795204
-341256652
-1525067630
1270046060
-1819890402
-1925283268
426105053
-2082440471
1815871842
-550104206
-1186744488
1049784714
2057813762
-375785532
2037604857
635777307
-1159628742
-1650264495
-1953652282
-1232396112
-1640939678
499231278
-1291259842
66855181
-1150712957
1082025318
-466438118
380096839
-1825988051
927318083
481258805
-587925078
-388545913
-958900021
-691032121
1343373533
661245351
-981956979
-2093486375
926584644
1325701156
1935214237
-1438958092
290571429
-485388056
-662969380
1059148316
870622221
962038090
1080106876
110811644
1507924468
-1364956581
-1814503998
-433674910
1242185887
-2041255041
474290958
1734168557
796772037
1284021824
-707580648
-2025823485
-606692235
1080714078
267752571
436544265
-1127019978
-1310548694
-1461001609
513965006
-2061330833
227128083
-1431914766
-2048081849
-1285399287
268876417
-1321329984
1451307393
2039790930
-529573663
222870051
342786258
1691058724
-1929694464
-1950563435
-1197031086
1183443014
397311388
-1193054524
-736461687
-1445583087
1053066040
559968221
740548201
-750231722
-539217105
-752428275
-589026178
1474237567
-92926452
1155152964
-106627997
-2009099276
1064567576
-322771141
-1905140361
-1215631681
-314502349
-1922513992
-1741264431
475425138
-1404056345
1968708112
-50859408
702580295
-1023674950
1170744301
864107191
-1517679223
1808594115
-250387119
1145698071
-349390797
1390137983
1919816154
868942605
811557078
1207493092
-1270414777
67863119
-1387143489
1750754999
1719926330
256008513
1340665688
1432276250
1636982335
-81074002
-1788554802
1132611176
458312204
1398954164
-832341772
-1638867131
-1486153974
-1810907394
45709158
-652516624
-2113434860
611744824
-458552847
-1983471654
-1038547075
908537023
1740694578
-1334713988
1411571800
1753868440
621454204
-1121275035
393700338
1555566244
1734020095
2041659794
2060474019
1917521680
-1809288155
162654721
-636688698
-970397422
1534984767
487445384
34364677
1202606033
1091608673
-1357537822
21826777
-1977505116
1683278473
272006922
-1335146160
-1889966977
195074822
-557096501
219439633
-2009907543
557299991
885578136
-927077219
-954099022
785714641
-200015976
-89006633
1810821028
1059087174
1606520069
788805573
-1524179336
-1833152029
1182516918
-1978708072
1989646795
444276761
-282915335
643821545
1817547985
-535857088
-710530394
1909119813
1507241354
-864544585
-2142461328
569996011
-1940306382
-843849137
1316925822
1767081427
-1306590723
507373801
-289687495
-1358394382
474618115
648505949
321466983
5951932
447182713
111136669
1076988792
1383290858
-1633739743
-1793516518
4940832
321743741
1747413507
-1992724635
142023973
1354054146
70213981
1437629721
-1551254663
1271195158
1388245975
135405305
473528715
-1157636052
323741690
-1807391404
2018613721
-2019260531
-1162543133
1529465265
532172489
-926394464
792483635
1502242727
-1991586887
718480747
-1091228599
1267818507
-1690250412
2033332569
-72841037
-1620325807
-2046142681
1619267901
259488993
1643173931
-995165069
-1274366314
2126045979
1478823798
-169829820
172037396
1090248116
1386004054
443483330
-1505350309
871859327
-229700193
-1310934586
-1498972154
1791194498
-1281534602
1102660272
-500093715
-113492759
711497783
962551671
-922074453
36816957
323569561
1459769089
-540540326
-567453483
-929318896
-975779660
-745858144
-1149261428
-128588174
81361740
-706337553
-1507902541
1069642717
998122734
-2055416825
837418825
-830538793
1118804093
-1992312129
995936873
15083701
909788205
-1742697467
1023824899
1160260161
-1841296043
-1705562845
1780655566
-1127189865
2062390664
336598851
606550397
798612815
-275366683
266390837
-120113872
-1152604960
115176878
1105684846
1408924461
-2000958909
1827224855
1464240211
-1706458929
-432090410
-805122720
419369656
-708108098
-697368445
-1597514459
-1187140446
1174461536
616392737
174063604
-683029420
-1961803634
-890664423
-1571881952
1285602697
971465098
683037004
1874209236
-39381763
456761905
-1397384140
1281634154
-973121486
1205418604
-538921911
-1741443331
1144839536
-1798360852
-1070180443
-433145540
513157132
417512469
1325218026
-336193151
984237293
-26198470
-1479272093
474533665
-241112245
-1086893813
-1129914007
377047045
807757242
2000262219
1915902727
1801662585
-1690794137
1194013637
-1221168415
776858691
-1344917088
294738048
-669965487
-1168831241
-1741738599
-155584207
-1350930990
-189703799
1442864748
1182514672
-38009183
-422429916
1654427489
-1838945489
-1740269919
-1444895943
47080047
-1159493657
-433539202
1967242970
185344770
1298936595
957746709
-197063865
2010087679
327179361
-1473829101
1768857545
444561412
46257191
-1470694949
1102561470
1031464692
-1086003565
1615148461
-1962078219
-575235150
-216173018
-1342259964
-607457733
1179244331
-209794717
-867699906
-28450251
376475034
-1944191037
-1249132414
-1603921808
624617223
-1877843477
2002546653
637161654
865453072
-1418854112
480365486
-228864861
-707769621
1165777402
1617042500
970068855
-1652637526
1748758103
30010565
-33644756
64697025
562236050
233880145
-651835701
1472771269
-1399903755
-1726549658
-546604550
2040936054
-1698582933
368827781
652714458
912930303
-817635462
1924165397
-1856029937
-615460229
1316447343
959839112
-1448313569
670696123
-289952294
1703304124
-860773632
510522438
-414973380
1419054243
1062676715
-1554393440
57745919
-424724955
701469558
1027053263
247248549
-1785021372
-244837407
456609562
-2125725372
573750913
-422666833
2095673107
-553485263
-1874712194
1546338680
1981079512
-453745669
1078148836
-1376526083
1058318485
79977371
263534470
-1472294788
-305342644
-1162174487
-534289466
-1714931386
-1107381800
-1520992688
-1121227209
-886419058
1707111214
-2096495931
-128539517
2098445698
1146951910
667881716
43281039
-519688801
992281849
1477205180
-108381220
643468865
1761638348
859698653
-521150672
-161194887
-819911059
1598315248
1220849781
-273353694
-1757384421
-1886632042
-864738080
-2030228682
-1901330933
-517426700
-493753003
1830604381
-1254441879
428518238
49044233
1255461575
140546972
1477056594
1073867368
1955221818
154616526
-1506970713
987437113
-1462395282
-1263061845
-422702843
1679811840
209327256
-1748808856
-2078698857
-60380509
1259889220
1901521158
1867023871
1323837520
112620135
341161943
1173183626
1863182493
-564837964
1416689473
-281136476
-251763216
780023086
646860993
-1561388402
-375615200
-80296450
1767405874
-497426867
564567644
-94202234
912400975
-2029294363
469384267
-1786166091
466092150
647915207
113416565
-1552511588
700901550
-565346937
1018616801
310416961
-1819850005
1210030801
-724177154
1554607539
2125434000
1127940765
1047972806
1418599518
107153204
671868065
-883777760
644273312
-194269272
2059276551
-1281330555
-1602152293
313043257
-1437547424
-676316442
1674963276
-2017703631
-1819885865
-1326616115
1022055132
-2003284316
1952717481
1477418178
-397284810
-584101272
-1844537900
-1312725265
302256089
-1518423196
-822328562
208482566
-1393161234
1435796237
-844638728
996686690
1568888733
-1486277074
1807810195
1671679596
-1084840037
-258138649
-2042460174
-1096940224
-1020294137
-861541129
658452017
-138273137
1136769398
-772223683
-976134235
16938950
-1609085108
1182910843
-559325868
997496431
-1767854259
-1249800355
1400401575
710534104
-1951286669
1660341690
405740638
277217009
-1311406335
-548883688
1508878019
1807599738
1600054231
893145205
-1946866910
1035504989
-64144120
479650884
1707289720
421458776
-234703447
1365987765
-1829211287
-2139517986
-1841198356
993085497
-1956939401
-138727105
-223079316
-1012342971
543544177
1160876550
-379324983
-193615275
-671658200
1986563745
-222669449
1200130355
825276520
-416068281
1718365395
-1440761736
-1409189594
2128095254
-1135409801
-392632749
-1930262283
-1215637125
595834830
2060013448
1080844222
-1858958635
-1996882198
-1588844356
1247600560
-265311908
-1454836332
611833839
1677552245
-441473729
-2027040604
1101972040
-926378587
660274956
-790402413
-473386472
1890726527
1644971861
1693086798
-476178152
-1213489962
-855313265
1575182156
-24202507
-1800829624
1258238781
1096045794
1987136526
1409264310
-1161161651
537317077
-252530564
-851822865
-1139819071
2102240561
2017855314
988000942
-457473647
-1774344872
1147739685
1579271366
443547343
1609565789
-949786418
268578971
-941903604
495406738
-267470482
569690068
-373517830
1763999327
-1838877518
-1115274418
1229566290
-1350331307
-1036106153
-868534445
-1547442441
2043920002
-769680912
1118410507
1465713499
366005510
-1150198809
417495858
1991713313
-1368868378
1685243585
-584769525
-1003224316
1083267615
1925071013
-269529453
392596726
-442528770
-747139810
-653351686
2138496908
531789486
-1803233505
-1214680498
661362328
1926934290
281007943
2045581689
-1957616617
-137472555
1276942950
1782263661
157443149
1752728254
-258495424
1057867933
-958148562
-1396469432
-241849712
-2000770642
1603596800
1004741233
-42302385
1013206894
-290324419
-446961710
-1528895179
-1384971772
-608582979
1112837103
1345236352
1618962281
30025236
1016875984
-1746721293
1450395926
2024284473
-1433856560
1966653473
1197244671
-1867656857
-292011596
-1452320021
2047427007
-1323044793
618280446
211362630
-1457246700
1496975438
-1880977789
-1695286975
-1699351668
-920450204
1618712635
-1123704506
-1961272192
-116248634
1744123480
-1686944353
1539968321
-919718100
-506166119
1209076796
407199889
1850704941
-131413281
439272626
179836757
1572839906
2066716160
150139527
1856688007
-1804131894
304286170
-739919956
747271793
1723921389
-566574933
-337550518
-1123472873
-906453693
-1582511200
-709449535
-500744716
-1517621163
1376889003
-131153172
-998549783
1891052580
-141606503
-1057618006
-515124622
-1576491702
-1764997021
-610422886
813362458
174021983
-204700477
-208939483
-748004304
-1847579491
1691084554
-2120419904
1058164411
1200316871
-415796176
1487561842
651364778
-960299963
-1019191508
-1520593772
-498625713
2130175123
1702290310
-1913643561
-1043127794
-347617572
-1499482839
2046087819
-620084655
-1471450142
-1982850691
-1186568930
-1833703490
535817248
-452330059
-134454814
1294851500
607287601
1649581669
-468745966
-1430041902
-600147598
-1814850474
476222742
-214221759
1372701158
1312774813
-260728570
1842375572
1374075482
1320133097
1750901612
1747104869
802265033
499451165
1173143885
1657138434
-221751039
-1103826146
1051524458
-199682464
226716037
-1435770387
574232515
1565267791
-1546711371
-256434441
1320137052
-383158545
-1629224148
1892339883
345108546
194824802
438559849
-1112670899
434036688
-481965630
-1669572944
1834986250
-2002841298
1861435477
-646053070
2032495947
-993968102
786451455
1986188395
530903885
1870987242
1749131255
1292965067
-1309709327
-797657903
811056829
-2015407208
532599504
86990177
1310089035
2125935634
-1835894126
239530064
-440372854
-1485600041
609839232
1753240190
1943762439
37252489
-1037150890
453912886
-2083250970
-448128851
-1349359779
1026559155
-1512480746
-992882731
1339095481
-197927194
-1106080571
-934405119
-620231425
-697349514
-525864938
-1822553021
1207303434
-995906040
-2124604655
1617779873
-462997490
2040461248
-168365605
1405200190
287978221
-602917626
-946406874
315032507
756238025
548330124
1675140330
545044698
-1844599846
-549451632
-1307291819
449373284
1489020288
-1007333538
1593300735
-1350288051
1882051483
-1537951720
1206000993
1501385749
404563226
-1684924999
-211532153
-1346046608
1819432914
-633478569
204537604
848007976
-169905776
-122803032
719205671
317839170
-15352207
-1899341370
543994219
-458439329
769122416
1328201526
1523335731
-1954541979
-630930369
-485926618
-859148618
26704478
786206555
-930012938
390391095
-520975201
-390210726
-1041381383
425203834
1738786348
-374680953
1096145531
-875184014
517417563
-1349844560
962957062
-1730792898
1705634230
2014835517
-507460127
-1510816938
219633445
-1104156796
710343897
-1511609343
2145225548
-114606500
-1676919997
1345789194
-763471310
-182032912
1614166592
442137778
-1566081246
-1208261932
-1181921982
-119406872
479666902
-20757155
-987443505
-139981641
1858084817
-731307988
1224152453
1094266623
-1438406389
1214075916
1405957469
-1898680217
-1341376813
-1374599938
-1341451981
-21271919
-1599087119
667995280
-1670610811
1968796304
-16878326
1125121397
-616002182
709662870
-1534972856
-1634137006
784076582
-70095119
41909049
-1922076203
-2039667700
-188363720
1265338615
1492818444
-22195996
-361104191
-962694519
-1420053260
-522696803
-1147988139
477696905
485981263
-433481052
-20813529
579613958
1198916281
1629741158
-2092356351
-3586389
-637018115
-1169683692
76743103
916653600
1205948068
-209454939
-1319316479
-1333348176
-271511857
111902496
1827942171
-1585652949
1138893382
-826312421
-110745264
2118806541
257209808
1710921342
-214671552
693777375
-1590965308
601093516
-711347554
1833414621
1330805727
-1700542428
953139237
1029407448
-2093687720
-1936291517
1835090124
-1897688995
-1445599182
-10516788
1067764279
-531683817
-399706416
-1780235381
-2143378831
1050269553
506108110
-1558022793
1363122904
1159065471
1752034829
36742199
-966646184
-917398242
531679503
1752280039
826679003
-1562362535
243413894
1770956827
1000271360
-410818546
-817092569
-867497181
1884228874
-1916427568
-1491429950
-1401625200
-190377958
1557323279
-1167655017
-1928093193
1403891873
1853431926
-1181921567
1189099764
1907985167
33424532
2143529399
1178476913
234652624
-1977881410
314073876
-241401560
-584317064
2017726770
-946448332
966484325
-210724292
1769000063
1835093793
667479056
1199205028
-945436124
1906387596
-343477014
-331359362
1425144695
1282148064
384389910
-1111082731
866219720
-1186163564
-345911589
-1499198046
160146630
-1937554496
941008808
183486723
-1538498528
1425413363
504165976
-247156822
-1073943697
-1945361597
1361080246
246629591
468443474
1122974628
609635138
907125769
522289882
159323517
-458141131
-646742607
-747632599
199688312
59333314
1155050281
-1213868203
25172889
684241822
647794148
-1032731247
-1078498927
177619906
2082450917
904382094
-414165420
1931174511
1657293684
-1986613730
-690912791
176204658
-435300337
-1928992742
-1955404672
-1423092823
638487199
-260289914
1874960329
1560854981
242057963
-60856846
-442560125
-1170837680
-299159471
1787623458
361102162
-524265999
772861874
-150575887
-1067854891
556035311
-278653778
1616927090
1488033015
100530931
-953953775
-1561920169
-170878075
-716455919
106476940
1300846230
177564673
1147157513
-181163353
-609959095
-2033225547
1150915785
807778550
485731797
-689306358
-724377291
-2097614454
1668341582
1441554969
-363275221
1904623530
-1875700710
1303593090
1481130945
1328222403
844805843
-1170062467
769419472
-1059256420
-395975310
743997742
664318646
-1461113139
-1562565463
1851046972
1553996630
1515150961
2039309711
-634707293
1698293603
327272730
-1867890302
-1728600631
1907564254
-530848763
1266520136
-1714077745
-1916761636
1352867470
1559739511
-816596438
75314572
-828957467
1841723927
-429209231
811451768
-1489081854
835568517
-127757705
691082507
259511510
775504025
-803804004
-1395987117
480767170
-870679541
-344197792
1165873926
-111324852
-202732782
-241186504
1347760330
-1128412912
-1970533555
2093905317
-598646352
-1841736716
450140902
-986023807
-268738559
488615071
2104700660
1809670299
465443901
-1131942614
-830804959
-1268161658
701481056
-20886760
-1171233396
1365114030
-2007669913
-612426109
-1942919696
1004464555
-871370478
1348577432
1122871045
990779353
2039040490
-1885319867
-1477895386
-509716696
2091179909
-609143760
1772530995
492693039
988238087
1746240746
-391865672
-1999295609
-1610822676
-1775193500
-1279144882
-1543032746
-1908525819
-930838111
334876737
-467226583
-1435411008
-434964563
-373597325
871092743
-83834452
-834553139
170357887
1684266690
2074855483
715879159
749055264
567642256
-814225720
-1291008636
-420213292
115972057
532217563
2134083619
-1585473604
988877138
-124427092
113321745
1961656518
-736155319
1438644709
-34555258
-2136764915
-1122068414
-579196756
480542578
602943615
-1278270269
-2004088096
-1056594072
500254655
-965642644
1006715297
876393434
-1655132339
2052359754
2036154646
2105004167
-879494684
343490667
-1679682455
953671984
45809443
-1227478347
-1179591146
-600557935
1392975727
-1523702541
1312528485
1848647311
-564108777
-670394832
888396340
-1541618771
389796280
1822071624
396010490
64294852
-824657182
-1304556869
2001828104
1600685555
-507465477
-610508348
-1832040176
1413826515
21527907
1318383274
319811051
1709226479
-1005691688
1700187221
320160150
-2015265933
-1605095652
818184995
-2110975875
482649378
1876589780
-1976540420
1284205564
1864598413
2009823155
-306451805
640491810
-866238335
-426551081
813027407
1371953079
-1430048832
796246386
49774457
-1806852736
-1567509772
1720058285
1006378999
-2045386304
-1548556064
-1448973880
1534622282
814621954
1492229080
175180165
1734102323
-68820714
1746805619
1147044294
-728045429
910257496
2082614654
-1501180811
1520574804
1461314359
1037279795
-160293213
1648620298
-1323809035
-2120935510
203049203
-595041729
-1284245333
-1647998834
-2088289735
656569446
-1780960880
-1343733228
59607133
-996388626
1062769017
1468611881
1293689733
-218374254
506658979
1567708906
-98527373
98727919
864119216
-822010791
-1742504150
507475542
-949547025
801119564
-1748627752
-1026111005
-1871608352
-1583744344
2037635055
-1487286322
-676624394
-702438449
791292820
-589164544
-1833156706
-2084145322
-43466947
-880627991
445198976
812530427
1081440148
-627136368
527524356
-761127210
-1990754910
301934827
-1734582505
-223592499
361497129
1367774576
-2109712850
686185804
-407284912
-435020821
1802393482
-1655589322
-724883323
954522258
-1222352962
1100693782
-366131042
1762981206
1918428270
288273305
1166536257
-1390138245
564914520
-1775366848
246648454
460507242
-1717182056
491428177
-405805606
-1277890875
70050087
1893178382
532967206
1484764348
-1721965916
608050985
-282154705
-2113633634
1098392918
-1619226250
1495584319
1718000819
-1921980559
1574186466
645521925
-1614813880
-203554664
-1905173085
899299769
145173514
-1925177181
1224444336
-1058676093
81501847
748009121
1439436659
-1411347939
417214034
1956103200
-1722594115
-1562063434
-195362954
-1093001045
791541498
1266881305
-1496173203
1689121172
1255944613
-1148039154
-317673374
1380801010
-584116227
1551590400
-2046914540
532915949
-1919373831
-1649547297
2136117229
410352696
-925537160
-558393273
-65630125
1180746975
-366617412
-1520058910
953868605
1768188994
-54397159
149567497
2033918472
-1453579424
1469528297
-1636561487
556845706
1004320344
-1325554238
-1337612156
-539184793
1478604333
-98621462
206642766
1915888547
-444237111
-846199797
-721081190
-410820232
-823606972
-380742622
-327431524
1368953962
-805344667
-1521893955
1776645457
-1829268841
-1395909272
-1410082971
152738277
1368654675
-672345343
762114392
1324270164
-2021345036
-1510568799
250099067
-1200134062
1741968361
-616645641
572347022
1647481455
1347453713
-95084871
-1689442655
873963382
-610503350
-1806101853
-624812858
2069816342
1040207943
-1786665537
940323335
-2005729596
1689829542
1071638247
214160794
558433759
-1608059071
550976136
1906186322
2089481236
1450354627
-1287669848
1582292825
-892209405
-1959469954
-1125986007
2053443100
-1226537950
987476860
2051198798
1980488582
-2033821727
988043475
-878584450
891537007
-744045809
-1274424771
1246081096
669179222
-123999620
1717333991
826345383
-2107945650
366992606
-769722743
-1713598074
2052484150
-1305566472
-2004625738
-1253248891
-1734757843
-600658440
1312163189
1945889533
-2097326524
350177312
876497423
-1165556159
1728283252
124709801
1133450538
-1376382425
-2078649647
246784995
160314646
1473276102
-526248961
265673888
294976358
2145379968
1215591653
979911635
-975919166
-119742910
-1774149728
-1676828301
177613819
523144714
1977314747
594266533
917085536
295688105
870460316
184880409
1951065935
1671446986
1912708928
-1318335565
-1945726194
463832370
1310344746
-2008412818
679655643
-1363006904
-2137653608
147801469
-1547866559
147454680
1792184312
-258694222
-711768660
1185238035
-188234086
-2144692189
1836430144
-1828690726
1481053861
42495242
2002938597
345277499
-1415710129
-1530848531
1940523942
1427917883
-1270644920
367966974
589671483
1088263381
-2016626826
-1434960956
-346022684
1691282243
-51707672
-638895111
-1456409993
1962885499
1391614211
232665014
1771351740
977965564
-1550504191
1760375757
-512845320
-1513194551
996567452
-1591331979
-2104090169
238951093
1636406277
1465861164
-1336225490
660905953
553936411
-1220781095
617035248
2065329795
2107907033
1079493936
-207861984
1961410792
110907407
-1571621287
1971593463
450107835
-919843244
-1177834028
-1902892569
-2038037113
1223888954
1166768534
1411642608
244510842
-647407165
-2012869512
-1065388751
-937356181
-1350784748
194840017
1817204417
-637418723
1790766440
1583746913
-956067649
-1013018428
104479046
781874544
-299006809
-1070587191
-380705802
2040896822
-1858060569
1506584266
-1285173711
-549847683
-1743999823
-600295964
-762069481
-433422972
-255796462
-180246476
-1495923099
-2076156378
-1163750588
-2078630759
37219558
1394872635
1189537855
2059516095
339969066
-51272898
1174178197
545416537
70904949
-378037456
648540031
-620918099
-1529204742
-1951828805
-1163021262
-2006773419
893201993
-1145235303
-1011306889
297544515
801131268
-805505226
267297146
463644933
-782248999
181315988
1367315937
247586633
-1803726421
34094190
1017720864
1279385764
287127826
-928216672
-1519871989
2097549198
90877445
1925792709
380290476
28593329
453463766
2042075169
-1988868266
-1660271262
-342345123
799705793
-1468607239
1180345967
-530528904
-763072288
756827320
1868838682
-1865509966
-1986056819
-210520904
-78569371
-236845247
919147657
199687739
1020060816
-409387978
712152949
1366017516
-486290720
-114097425
-1943592660
1917107580
558285729
478318031
1429062509
1302129261
792397932
-891042255
-1445684547
-2104490452
-1607664467
384531609
-390853493
-623883419
-476966305
-202512340
207963028
1028342931
1866315545
-1289148063
-1107718519
1093955541
-913732274
1023984633
1530299630
-1728721912
-1762560560
1255293996
91559492
-67919087
1739074966
-581270748
-1153439894
655500666
-1095662658
325467822
1504682559
62958400
1767599060
-45090770
-515236980
490188266
-71339948
-155693356
1460892449
-1328295971
696928621
-1180350195
1406046781
-632716050
-1042310137
-876068549
-1419989966
1947349049
-1643371257
233400743
1392616777
690801456
-1525099311
1106451382
-1186102302
609839606
-1233805554
-318347686
1808355295
-1818742547
1947927215
1671794635
529007683
-2111205491
1559072304
1436057207
-794659051
282514551
-752950239
1358576951
-1414571126
-517509431
-1409547295
1595805378
834060898
1033400499
-414131540
-1242708890
-2060272494
-1674500278
-1736089384
340413428
-207289310
321444764
-753350821
-1961711365
-1520185512
369037572
1130592656
1845808441
1388196374
-978791234
-1143933126
-487652274
79344000
-1920273731
1649330888
-371202381
918089185
170009531
-776069158
-512882711
1063880399
-88635246
-1274429948
101700597
958242188
-2037315894
1532652497
2114932747
-710829650
2096257650
1073741321
1680650888
-1494412286
-1757613773
356882230
1555957285
-1775498322
-1563827551
902552421
1934183529
339986837
-436561452
1349262377
-595995809
876090878
-156105673
-1655455516
1227403913
1861985399
-1993254497
406286153
1983619860
-2088707593
-898575969
-1401833444
-1046698164
1536053570
-2118264294
1389972540
-1447021231
1479328145
804102936
-2091450909
307681547
230304625
2014057437
1040454187
19038554
-1844940821
1801223479
1159571155
-1061753710
-1129597468
-1979540200
-492687293
661645350
1828667847
-268449949
-29731891
1314871202
1219339104
-728152054
442409525
-1449117986
-890020341
637162072
-1900022158
10161008
-1499369715
624234891
-1978630986
-1130661534
-849914303
-856969563
-626547284
-572657884
734168310
-400334973
-2074375680
1312267459
-1087678697
-867118290
-695303645
1542072923
-495584627
-87126160
538441295
-1168645686
37742816
-1478290518
-1550079287
1080311718
-1490495708
-2121935644
-296547227
-1197990032
1826635794
-1687197914
-780123825
-455084279
-360780684
1106405381
-1543831033
2049824100
1195777478
-1763705216
163806893
1722816636
-1672200422
1284768780
-1148726146
2062093960
-495370180
-260953364
-607332450
1241708142
-246218987
-253839930
-1959578345
998183796
-1803787436
-1470983053
492712225
-1089091523
1797263434
282327574
-1936620125
-158798606
-1075195627
-2045132689
1466967290
126407870
-916446464
-365876111
-1700928264
1692382848
1868661289
769845265
60970542
1897819324
1343708260
1418544480
-1148499090
-784285487
-143995297
-2013847845
-223226485
-93407887
505777926
1157622018
-1544767646
241402956
61582633
2068236582
279418397
-44416242
618726235
556516743
-2130286154
1575707532
1855424027
137061022
-542051910
709198649
-1341009863
214319542
-1067830705
-102810146
1157075314
1177261248
1859403128
-1234765942
1406124893
-436831384
2059455638
-1114582586
1626261643
-1531208349
1173581361
-558743539
-2080056856
371561994
-509457416
1579020154
442197607
338953516
-1127297786
-936774205
261507294
-1239787233
-1927309210
-1107985563
-1531447250
1769514520
1996078041
1436701984
930485670
-981852484
-767624490
705314982
-723649112
1678377462
1257474513
-1036076914
538918541
1594429963
1483585984
-1164078194
860625349
997910762
-1361684518
-1355554071
-365006013
-465322552
-35076703
-1530149850
1909576471
2122608620
-514978526
-627500542
-712417957
338422471
-1159826053
88367270
-1782389677
1530017607
1774803870
-464383716
1862695120
-496841108
-1688513709
-1881651201
1779702996
484507930
924243075
1566286706
-230196101
-1393915599
408156338
-1698198445
386126104
-905340966
-1746924339
-586850641
-1286057314
539555108
274594597
804857207
254794561
1360135374
-2068524613
-18752140
-1654349476
-1308244890
1625942205
696677240
-600101996
-1600186734
932736336
-76025387
-1873419458
507375533
-1458547568
-498822893
-1218123523
1562392469
-649921836
83795932
-1377038417
-1220119358
256111414
-1372228037
1152590218
-1567648613
545835858
-1330780155
1964168065
-1336384252
-75839668
571140758
965937900
1721799483
479844888
2087608769
-529180313
-1098890268
-1751097867
740640769
839963385
-1663657887
118182201
-269376013
-1684888968
-1882540697
-1872553132
616041736
2047410220
859709134
-421716466
-276985483
-942379341
-1595376473
11441939
1174290287
435511843
1539448211
32347568
-1779161196
-1184189067
-354170286
-1436219169
1890098860
154636832
1532477082
-1769133696
1390591120
-1980912124
-1144988887
-1624652567
-1141922199
33751945
1165649181
455355296
413224990
1560832008
-836508029
1146013798
334717191
357082217
-1615723475
1310499704
499986406
-1179782132
1565940935
758601232
340986390
-951710228
-434256596
-1266535887
346569220
1754995714
-2075822603
-1614699868
1613136094
798639335
1329397331
-1039530179
-1037633653
-551113796
-1353445346
-1232498334
-205288742
1375865421
-93292243
-915086131
-1917352195
1537362292
1243209191
-48856944
1341711928
-1491223621
-370276070
8205401
-99920172
2127420997
459924747
306587127
-374789030
-1763523603
-970952243
1455631132
-160583683
1545572015
-214283050
1434876772
-68189097
2023398214
1840094670
-1687617898
-1619980200
-1327348969
1732738218
-474957016
-1237834374
-2037295027
-1029888775
1901144328
1425888569
812433476
1552714366
815230105
-1024022078
366333994
-94821634
-567230981
50902506
-1712107549
82508122
1520009359
1323577441
1286424365
-209494561
-723005766
428183079
-1699350267
-912537636
-305365528
200233022
-2070105784
-1176978316
-137240877
-145819488
1435322524
1413729974
747617796
642243187
2133426832
1839009002
-201299815
2065578362
-954750463
-1983549651
463124809
-986682161
-1766584384
961092416
1116828069
80935118
604589937
-752250468
2144887712
2088752212
520978101
-579528759
-778817711
1889029417
-1117738357
-2110131217
-1264477962
117194682
1001080563
-1606857300
304986940
2091947531
-327060269
2024196136
-1054303812
-1124449813
-1952824802
444541287
770693065
-1712183704
125323315
2043781854
1546098536
2112464005
764628098
1929154376
-1315715937
1581170474
1676199797
-1198016071
-1658564366
783944283
-925665908
332628467
-812965078
-1350575700
-43493686
1135964663
-220545192
-2109644300
2040119375
-854583073
2031676184
1156694592
1783063622
-325239062
-1767845350
2081302538
-1167297535
-1551972648
-253464866
1271366315
1745567841
635162744
483736510
21985805
-1517814661
1083502718
641232945
-747529052
1864009335
526619034
-223654323
-692258658
874076859
358994629
476071053
621909080
1801327945
408516317
-1847203884
-1649903084
1931879781
-941770380
-573240910
1357138665
-304572549
2000493796
-212635931
-1113355014
4462910
1857914278
-13833695
195897578
-378102764
-1165609245
1360846611
-1419588977
-2105394768
1980793931
-2114031197
1835800805
1402552064
-1122939610
-1707481735
-1463223996
1042645322
-1021930328
-64359997
1105744341
-820158063
452316040
278662452
-314310846
1411064381
-740516141
1144714831
1658450348
-555650310
-1130405891
1810037732
551920866
-1203611937
603806264
-2016163366
45901774
-83113773
-1354454776
-2102673873
937568050
1810874924
356803607
-1655371203
-426528876
1251182488
2064987205
-322100162
123640439
340549696
-131226109
-1775022830
1278106315
-1328669910
414764257
1225993791
1605967013
-1770912034
-1787098012
330093624
-1582404558
1426276172
-2131092964
-783578911
330618857
-43551252
-950366986
-1546562990
1113784831
-934701017
-1833529906
-1347085861
389272864
-1872889867
1171684680
2030944071
607965275
1949162182
-1267883296
421829733
-882336163
-1445817690
-947242690
581844163
-1066963999
182879643
671706062
-2022683204
-1582714521
-1837840559
-53143152
-1995961675
-1999543261
1209411832
-2135264980
-1879791197
2035335736
1559552877
-1190806967
1413319631
-340971995
1868447639
201383966
-1169934627
-2142253697
-2112102125
-768110264
281958922
1026875104
-1673226477
1211959518
1800692660
-379192545
-959522941
-572730174
-647664865
-549800511
623724652
-1268699847
1907978869
2115915950
-941622371
-181489218
160908558
-1521453273
158023815
1570676498
-3967502
-301845513
1640968297
436064919
-2122169701
-1013999896
-1599514452
-1859637538
-393323010
-1079394952
215754639
-1449314946
1317201868
-1924386100
-2010251514
23325223
-984149004
-208413979
806097375
-1998499082
560875117
-398664431
414936871
2133207562
1084729137
-1141882461
1610932171
1500353622
-687574388
-1612630298
-2045871487
550498744
623675798
667234638
2027950568
365566539
2072839933
-1271833872
658366702
1382718712
-163259385
1125844531
-2074666639
-419703981
-1630553642
1440749511
1299986728
-753213788
-929051922
-115893290
1743472836
-476519870
-2116353804
-2118518150
2097047890
361041703
-914818376
-130842770
1760252898
-1382853439
-1538603403
334178567
-771182739
-771962106
1665533015
-202182044
-1367842573
-1858852406
2063674684
-1154085660
-630965788
-627449516
921108926
-489898792
200059072
-587159506
-1501338255
1801768313
834621441
1787597371
816589416
1109970972
-2008701128
-1484520177
-747859714
-847275357
-1111881099
994778490
-658341934
-39798474
1232329707
490166886
-1951877101
-1282291917
2090965972
-1552768798
-1629910531
1374413666
-994960750
-1107169922
-1553347166
-989351059
2015111446
-462076200
1226056685
-417224050
1464232837
-1492400777
-1727478813
1877968778
-1824050664
-1787837225
-560572372
1765490141
-1253147581
584880580
860139730
-1431912906
-1710585319
-893376021
1581403463
419385893
-294019090
1057022125
-443415892
952008466
765583421
859307318
1383481936
717333617
584212428
330278350
107725942
-182400717
-392243187
-452744082
-623010982
1268796543
1677302727
-1087762282
-1344736650
448818593
1525002741
-39761315
363265537
1361633090
-1451934994
-741362999
915922616
-1537353255
1281786821
-1988059808
-374243873
-359702175
821324786
488699647
-2136889974
-1557482932
194314545
1629912553
327342360
635505079
497776042
757720866
670544384
-615105314
1793119313
-890403586
-15153969
-1092824111
-1406593137
420430580
1122849393
214735719
1991280162
-1178727753
1759988142
2019287667
-632849856
683140743
-547398409
229824053
-610207998
1918334147
-124374941
879997459
-182800384
46956739
-1165237261
1131001480
1795909432
973395172
139427357
448535388
419349811
193436131
-2089026936
371290389
705957738
1926682478
-1817116397
-547150419
1378312421
1108339192
36800795
-1303895932
-574404316
851247564
-642585347
687384984
-1236077245
-447283356
-771018279
-899870734
350963544
-199737093
-1793751143
639353699
-2105311201
-1900661407
-99597007
317904240
1188847321
2007025677
-819469017
-1619782262
31382384
1036253816
-1844001194
-504742782
-1138106658
1354317480
955888878
899734331
-988242480
102459146
-805994562
-1322254176
-1660847738
-561430651
-1488314955
101173976
2080869116
-1391451189
1278486437
1149720504
-1361626034
-1518786831
-976901558
-1532114823
-1790405544
-1970757567
166433931
-651473750
23599260
367604047
1449477631
881027175
-1575917208
1836620105
-775421518
357624267
156564536
-834803309
1509968168
1791967650
1586796632
431353747
-1134599263
1691628387
1826126285
1335617480
1331926430
1973424220
697908853
841076257
1548602531
261747247
358154605
-303243380
1316995903
275818620
-1473754958
123740364
-724967095
-1653584417
-287725302
2097675919
629169259
-1922582499
1282491428
-795387201
1302551780
175650713
478905598
-568878312
-975295863
1021139468
2034810502
1223855354
-1579309556
-429808524
1342279812
429273727
1069453952
1745909837
98711222
-1981821744
-631737572
-1207658498
1590240828
595376052
1110573374
120979094
-140010186
1061481065
37256883
-434045257
677972139
-1065602633
-1759287243
1984683218
1649435820
2389825
654462004
-179349356
1560869561
1146923550
1510656473
-1353066081
-2137382302
-1418912601
-493290425
577516412
-1153177551
182152082
-1196108253
-66439984
1111801543
636305983
-1584189098
1074296270
-370762172
-1650290607
-441346287
-1547429395
-1103874580
-1146813311
-191364079
1151891674
681382918
1932779694
-2076431069
-692985170
836364295
-1276085449
-1615460374
651948899
-1328528656
333513101
1034787808
-111335036
2034727411
1564758019
-957980774
2071508004
-969502884
992670440
1624024655
2143988752
898450863
-227105577
-1959927398
-914215865
618184972
1025695308
1670167422
-1170211414
692476635
1087261306
-1475457877
-1366832657
-1332900956
-1868155556
-535956737
1360857563
-1384902850
-481147126
624528463
-1115413840
137209643
-527425459
770709862
-1334614301
-2096423102
1024699509
-54981299
2038885905
-452822898
1866087529
155897036
1329952820
-1345036682
426491646
-1443159504
-323760111
-47101411
-387536244
-790845105
-1852350220
-2021459957
-26711106
-226986039
593490847
1982141452
-85103190
-985430640
-4471169
2082619224
-891220191
-589063767
1113093409
-768027404
650582343
1531952947
-1333370140
-750972841
787319653
-1206614360
110861550
-1423672753
1364119549
600086370
256796515
-413089755
-356929762
1193432417
1007610324
2028886271
2144702970
51879755
-1712673035
803052933
-2064716875
-1537414989
536603539
459486663
232840063
1946236061
-837697340
-488177314
1462655972
823702593
-1285690017
-631841328
1739494242
1475350031
1086825134
-1468731591
1683298875
-193031949
-1203081118
388976422
-19379827
1756485594
-977044538
2122925508
1770317727
533832051
1962833463
-126062279
-1078999684
-1226645447
-1611200813
-1581613231
2826694
182273713
1582996337
-291611299
-953228093
-1057565712
-274606896
119931479
1954548156
-545446816
2060976658
247215946
2056571270
-1762882877
-174432406
-1221852688
691559008
1467037046
-1505752044
-410151524
1795840256
788456442
1320610693
580316762
-27054361
1676669104
-575609372
-1581745580
-1595405828
-2015055133
-41927752
1578136950
917387609
1386773772
1656283361
-205137067
58131295
1970387792
-208137524
168170316
-1014347505
136771148
-745366046
-1343309080
-1824028004
-55919083
-813857216
-1889586555
-1242947269
869056890
1305216941
2017710136
376881726
-190933621
-1365696312
1135009008
-829055136
-170987170
1340218753
1945223127
-1484933022
966156816
1186649290
-108332035
-833932842
1273805578
1436257677
-1230773192
1348715834
544130693
-176963873
2094213445
858365512
-1110443441
439099254
1766303282
2104375691
2897102
385202264
2066812672
-2044979147
776586821
40562389
-1447926397
-1683530449
-1742976426
-1050494537
1703696525
943892338
1792873927
1889891767
-2064912053
-1462321771
-787071864
-189395663
-408145170
1435557542
256472052
-1428592869
1713344653
-742077380
-659794601
1790005555
-1369416375
-14884404
-1761098576
-1956685449
-764044623
-1931227845
-580878409
1970752218
1452001640
-1260864331
48961825
1800421684
1347919877
-1866984004
-1020402655
-960591751
-1984771014
-206567037
1297585202
-1792034003
-421453257
-2036753796
-420589
-1933192169
2129583696
-1841043665
63004435
363145012
-1199645476
-945238451
1874611086
225736174
1365896288
-1816182779
-1067078218
-280128882
-637624851
-1022308203
1484206998
-883931410
-540854330
-578985949
-344992940
-1913621903
-1382961595
1039199181
105236662
1261671223
838846206
1501355005
519857895
-727634291
-1216099804
1585931266
1612628601
-991114077
-1243060693
-1797732644
-978552915
1234664320
413706671
192386390
-1776938766
1681001785
-67684460
-691914406
263901611
-1312258720
-1732109971
-1455070592
-1842222795
1116891579
20370465
28583911
650465832
-443880906
1902158539
-1453329592
623174107
-296807399
2092235746
1306233160
-1665381331
-959478659
-671038310
-1353334004
8331139
625364476
426432136
284019986
1856634124
146343335
-1670988916
1242300223
1881706827
1717185340
-4406294
1424466483
-1740369706
-409182056
242932410
1611871716
1832271195
519906410
-1812743038
-194114198
561592035
129238057
-987204575
2004046871
342662490
-2050066105
-648920594
1355534282
-1016281522
1880090022
-838774496
-225905532
-1023341833
-1502583989
2074533743
2059738427
-1097698697
-24356015
1135065851
885915118
476855393
-1107159009
461257325
-725900551
1071386495
-1059469603
1195447131
1671926186
73388239
-890790877
458666737
-908272109
-1087674673
1440681971
-546112308
546523681
674295034
499737833
-696806359
861192685
360323985
-637473104
1303188286
726518098
189392798
-856306760
-598879001
1774104254
-1519804619
-401078747
12661893
1405917005
-1435171331
646860810
-2056230877
-833701869
-718457362
-400568618
1779194073
-2061152071
-1307424677
-1591039474
-106029707
-865256630
1157630771
1005080892
-1598948521
-71555762
-209041789
1440460071
-2000219749
-239155688
-1583786434
-648761277
-324267395
-363616676
1049631808
-1044907414
162770681
-1076736764
-1370452336
-1997503540
162633906
-354949821
50619877
1750893348
-828686828
1206890985
652456043
1323696940
808821948
-1728126471
680217798
-200615086
-1646524906
1992333944
1695650135
2074017708
-1191112121
-1642575481
1495770045
-1689297880
180813134
852334260
1249526941
-2137346297
2116598373
1185318028
-1804790874
-413591925
2062617005
369727348
-881356849
-314423826
-228443127
1939543480
1092311011
1903007126
524013897
-1746553628
-1679855810
-423206265
1173968011
1515210834
456428248
-786271975
704125661
-223918844
-354243966
89081578
-689453017
261762739
1289781872
-1069109227
-1782333881
-335920601
-814122761
-1073093725
-1747854723
1267265737
-1196475242
1822817089
-486202103
-302382730
51394106
2027663923
266950419
750152341
-66298947
185573256
1277582026
-1960167061
-865720657
-943235185
335096270
54074029
-118115495
38494345
317828562
-1659217834
-1999614978
-582203745
1595639677
1419141307
-968432540
1877351190
-1280188527
-1431491876
374491538
-1303725376
-1076058546
1531841532
-1104410150
1543518133
-50862824
675205746
2101303577
1127686723
-1530132905
1037646273
42825021
-1400378078
1160263582
1898122214
-1672130809
1134944492
1908296206
439780337
931560209
-880192821
959558908
255182295
1183035154
-1904602509
759275217
-866287739
1681477473
-8502445
168824882
41420600
902877367
373363974
-1006193312
120818443
-493751752
-1480061169
284938720
1072899537
1930367924
1082450885
1447053918
-254022363
113912873
-356712820
1550444749
-1940108098
1448354956
1713324357
-1053081901
-193117433
-1346331960
-437017337
-96679324
741495534
275009798
-1445481970
-575586132
-455721221
1098173743
481690355
1036591922
-1605377627
-1048318802
1976977181
-1181220038
-600066336
-1556451206
-1278838665
-1299179670
-886314246
2120271187
-1212860317
1785661359
2144993959
-1149924277
81823725
-422505631
1749184602
1208330119
1648054083
-212994652
1834199765
-1963864249
933193829
-1152046062
-1268803325
-402001117
-754376424
540378006
-1558747387
2049371030
-659265504
1880493978
-2100881270
-697352256
2042829229
644149092
-1526240157
-1560542361
