1927923701
1278530175
-801810129
214350539
-1659977421
447457939
167837693
1013608866
1413509292
-786893206
-92499312
-1368964658
-1350424774
933864044
-553502725
961392016
803610473
-391298714
33744876
-715363531
-1332199845
-1197013601
1081634866
1823561282
2019131116
122468138
-2060202369
2029764590
1436838677
541997946
-1777278353
1746850512
1599424405
-850034117
1478802376
1558838744
-466168371
1096280927
-1785984765
955816579
-562114581
-984647050
366176779
2703946
-481066165
-922522814
1229695812
1479575387
-1541001959
-991102070
-331862834
-556661622
910425402
1572765230
1894119946
981858442
515498860
1944062843
60708188
-2097094569
-1547334997
-896113984
-246432718
-59390730
-741333290
549310753
-1108039867
683880544
-1567229806
1766601130
1785695006
541457851
703048558
426400423
789044444
-1475577653
-1566510520
-1641640910
808197939
-136871769
-834533906
835105804
-1697039432
-285302353
-263198201
-1042638160
-716723109
522672829
-361128908
10177957
2072197427
-1777401446
-1111584399
1193696019
781864577
1604975282
1874142657
-1611091303
-1939984658
-19777525
-740957686
1123434333
897418775
1877619571
-677725123
1804111716
-1672011957
-42412039
-342903367
-1087366110
2021311634
1175850653
-580617231
1284048980
1974110705
1145496138
-1243287733
1769826062
-644937491
526610180
-608652213
-1603510257
-42643380
-1483730851
656945904
1085195612
831884322
-243891411
-1373132706
-1403589109
-909268469
-670896511
-1328599364
-594351521
279674292
-1238104109
795926367
-587897579
-782882400
1615644283
-1293126873
-849689091
1000263721
-441886107
-1343093463
-949655093
-2088972093
-1973396988
-1797530738
1491403566
-1229318776
2096388998
165763770
-47548126
-1931987728
1340697929
-1562147152
-1920280958
645884895
609558925
1261811380
1248403168
-950750236
-1598611095
80437041
994581656
254048703
1641249539
1197348317
-488473566
1512290340
421994235
-542297062
-447166296
65108670
1226981671
-987055201
1466572248
-643887754
-1176792955
-75538089
665166586
660954100
-995460499
1737089672
-355458236
1267877221
1363537158
320604216
1553618797
1996548222
1726500090
-503710517
41530495
1352412097
248549997
1271322608
-1992371215
979043839
-1367097046
-2083289922
-64894732
1469729565
649146399
796091929
-1230113011
-1715470054
-892382197
-1479778982
-1485029917
-1404010160
-2068971147
-347203793
-381448614
-849483271
966154719
525779646
-4899617
1723769844
1264572475
-2109106416
-686054139
-1879047991
174403742
1136511661
-2046365103
-1126812438
1153103667
431153538
1488790097
-2145701317
783630961
-249465589
-874540045
-58579244
2011741328
-2079466835
1342814227
-499276795
27711544
1370770531
1347532629
-2144161382
-809755525
-1262717027
1791828276
-936160929
489864197
165451364
-775358373
1147090662
474672018
-718113087
-1215975373
-126765177
-1510102113
135992415
-1707282500
1622161064
-1049233052
1253550191
2084580768
295473725
1916246784
-170306613
425490821
-1950133358
325712630
435865438
547423906
1312139335
-751778088
142708418
1433095061
-54827108
-1184676543
-1141448406
1165282162
-53893137
1418630919
-1132323711
1489755166
1913563265
1849579441
-1511174445
1432485342
959189888
2001359142
-702647828
-948987862
-515580863
496973479
2088123710
-208261177
-1282130484
1239653119
-567299577
883386900
1469554077
-1413900807
669631923
-1366789725
1521309353
-1032794863
859229822
-1492217845
-542723938
-1392258195
-962357667
1177227515
-1913944209
-361294579
-1318963170
-175521134
-726505713
-228671167
-941413683
-1507416338
364388220
1068787803
-429318311
1301588739
-401730306
360464550
1347064952
1844999853
2135347376
675628694
-1067563833
1079486983
1102878015
546221120
1732105012
-2113004547
-1574568975
-70235124
-1461954145
692055583
-1855398423
59445928
1386528191
-1439135304
98307496
-291400641
137228354
-1642866145
-1725127465
-930594582
-187598280
-1290774452
-1776031165
517991526
1045626033
-574768211
-1210641368
1610915079
-158497116
-517643206
-1801819471
524670445
973464850
-532229689
1017482943
1830604916
93278570
-971785064
-17897239
-1643620112
-131980753
-1078156486
-627014461
-1325579622
1977246167
-1328029296
-1326916509
836085444
1611558902
-1359305429
1712216096
-1810341036
583798939
66867935
1641318045
-367686545
604802554
-1735249518
581849349
-756300428
-2099851190
-1250267561
1026076567
-86657749
-2037346320
-850735686
1303224933
-2090989251
2133722589
493395549
1048015447
-1072972569
671202867
-554385213
982023798
2130679530
-958107346
30398571
-1459873433
1595347654
1250362945
-511182304
1313422132
-1112004314
54470015
2135059343
-346551470
-2136167523
1270938428
-775337958
1624737503
1403725715
-1992355340
118365931
5293866
-124353415
1855153771
-839918006
-1874219912
-1805856445
-492627436
757309491
-442437371
-1276054249
1902143414
570764323
1583999048
1415722818
-823869876
1762476594
305032827
-238038421
-682154452
-419888282
81906778
1646659338
720458860
1049561925
-315124950
-1653251814
1035473025
413404843
1220392188
361506060
-2069770200
2076840926
675896626
-1668999169
-1875858040
-1808623649
-1170584254
1165891374
-46982248
1543320834
-2045722182
115094185
1907424446
1706139328
974005123
162152264
-2076115016
1732052684
140052841
-1996876837
-1185126721
683163491
-777957926
1845487014
1661312233
-658690328
-1211548435
-1524467700
1970814414
90663087
1743068838
-1531833463
-2048953490
780467992
942842232
581138405
-2139500974
3793632
-1598166774
1389051302
-262145040
1185506227
612517181
-1108780347
1452670803
-396450300
1093719406
1251720869
1315229691
392569377
-1113089032
390740288
-2072739071
764903553
-959986180
1720525219
-1560452482
-1599051936
-805164189
-239898724
-1175939283
1272319373
2094877476
1042562224
-1407236017
790406786
-752334910
228778066
1171346894
1209072565
1052944408
507255634
-1335160667
1764869933
806936664
1343620755
-2105305730
-284449961
1106372433
79935745
310619548
-377248743
1244290031
1884870849
-2074125829
604630311
-1212285176
1602784169
867855541
1496242581
1598588245
450788081
779277478
-1834317650
-768408131
-187179477
-435060909
395305987
-1806465063
1385021808
-1421019897
-2073988410
-1139247436
-1409221925
-338226370
2102365784
-1968047150
-584350917
711035207
1867303967
1615300211
-486398461
-916784348
-1306611555
-1402469608
-1295205243
-1398739276
291372990
1892124486
-1645582241
2072045331
-574931344
-196774519
-1149599435
-1658498495
-1877919367
-94216773
599402912
2083597569
907584900
1476205958
-1586380955
-317226749
573385852
-173865690
-1949525271
-605413052
231046172
574030963
564711908
1814907061
1044720070
-1301273570
1444147541
502529818
-1897365612
2062536506
260367029
560162869
636978860
-1347112706
1739747439
-218537693
1081008856
347548361
870915470
2044006405
-350071978
1825089125
-1397078856
-469349919
-867832597
1973373071
1258926682
1037234891
-1182244546
109823927
790507044
2117057599
-1095112862
-1695585533
-1481857097
1587275217
1151375796
-26970727
-1440941411
-1788484601
542399718
-957644259
1841462649
-648474235
-1232493476
1570017912
-2135830401
-1020080533
-590108746
541251547
-377446619
507490810
1650187693
-2087291133
-2066527974
1550299773
-485109726
1794624702
1130866295
-1527093402
-917267084
1383331501
747330356
-1225078346
-888095983
-1965906870
-1260425764
-1715726686
932040015
407467052
-1456335484
-1080575885
-1741576068
-1347329655
1817375481
-660710995
1515245363
-1989736963
-732616392
-1935374733
-541195791
71742345
-2097805022
-1087537111
-1222921241
1522641629
219563120
-759355557
873429265
2014966233
-1046553628
-1237049380
-671759994
-1868132783
-267764544
-588803278
918910482
-975558384
1969045883
-1197984463
1454918145
1642224927
1256393138
-251498779
491116093
659961671
1069145436
-2070162507
-1370697317
-1546737197
-865169598
-684702524
-1004078479
1085012121
-1580789075
-1701615974
-568752789
267870523
-1196148640
-1857991421
-1487067746
-1400863830
-59914552
-1576828617
2031485405
1481264875
1480286577
761120314
910502731
995325469
-476056644
1406680965
-1354602191
-352144966
-255552817
91413990
65433105
1748979997
-312800564
-1863829852
1031457275
2076368963
-721450172
-1423693595
1158032926
-1111956011
-1734072594
-558566060
-186591839
-477233819
-2146952557
910404606
-421124173
-450899464
-2081943732
512431228
-1202329887
-1382826812
-1061958673
-1441631145
1254654374
-466482118
-311883322
-178006105
1673484360
-1291831482
-1342545790
-1412710403
1536363489
-1682669356
1671724399
86662530
235875003
2084687766
-1929176600
-750995872
1143721441
-220021244
-1629854452
-901357472
2085288946
-1166596444
-1600072527
1953149139
-2039945928
997699723
-1205825128
-1433499978
1762348280
267853858
-112790814
-544599280
-1817332725
1113681965
1437318339
-2063318113
2032998573
-1960511735
666965621
-1161317453
1368350612
829561908
-281515154
-604289192
1404025412
-1425907182
607628244
1202115770
639278753
-559953938
12427312
-2054258747
1475945413
-2127443906
709575778
469085195
1083496467
1705342762
-590127660
-1467701013
-621124468
-1990556337
-1437548302
345668590
-724397727
-250139969
-747177511
-1375310476
-1460764728
438386252
1693994062
247151503
-394449646
1748696326
-1927856399
-1161291986
-961703171
-400144895
1709778353
1107414909
585234758
1329155675
-854433918
881381260
315509890
-272887428
-652461235
-318844370
-920351186
-2022309473
1242544168
-754356189
1947185668
1044888722
-1509976889
1659694201
-1309770608
-970667847
-304127439
-1109597394
-1211812095
-2139251112
1387040182
1884732954
-2064233404
-2023063280
-1714842081
1119097867
541008718
-286528086
-256188377
2053199409
200788665
-56778733
2138562090
-1039700036
-395753070
780498343
-1132822756
-1296221245
-1275614864
-193482831
971118779
-1975519897
-1357247031
-14788046
-1499578104
947914296
-1628672896
71949025
350833395
2076301015
-775177279
504163443
933321300
73958875
-819549935
1233553948
1569342242
2054859000
1002057120
-1755279532
460433374
223312990
118658017
-214822946
668076880
-472570786
329171548
-597644283
724093301
667346259
-248717374
1661756712
-1291965513
2050258367
-8084415
1514518137
-102888354
-1037447500
88402969
512095745
2004008262
2035883636
1802461039
-128040473
-1059379758
-996228773
1768309601
-137265680
-177189856
-783194883
1556990042
-653122231
113098109
-1966163573
-1107072602
-811273084
-1900836325
-673753734
-504155576
-176836640
-2075146239
592621413
1580989195
276531661
275304770
440291890
437319126
-1352733266
-1725910671
-1088835724
509090372
-1939164448
371029587
1548891152
661276532
1110375418
422139862
-2125888734
-70045923
-1227078058
429452098
986315553
448552420
247557584
1543820718
-1369708224
-2087717647
1270851789
-691555916
1513099031
202696895
456376446
1032330344
-1887805822
-334505677
1443105126
-1507713659
-2057170999
579917552
-1015619559
784490217
1029338624
46639593
795717189
-1824987325
-1593166415
1102933302
-2082685962
-1917826038
-333659721
350983211
-2078781163
1079086768
-474725780
1888857255
-82580687
959191319
1072712454
-313757015
-1674015871
456953155
1415577918
-749336280
-1119657687
-1109107631
-1468228814
-635409373
787370940
47143080
733173643
1050701813
1446523394
-2006730899
-1084992542
1859183086
-918910726
1068250428
1445848415
-5595616
-455645407
1064522260
737302435
1596436086
1684639732
-1639851886
13799
1919993609
239461300
-916315039
-1643937179
1651880886
528809833
-1959994384
-983007242
1680247531
-1552393944
-2047143578
83816956
-2037597759
798907543
1315241682
-591989119
224410960
941444017
-164376153
1246682784
-1146708675
50653126
-455067290
1364961571
-1532068969
370353861
1641983388
2039219053
-1416376861
1136163005
-2087346417
832566426
665195381
1826382241
183044148
1888327396
533404929
-575968437
-2113269533
1659732808
-41010832
1489220547
619755853
-414198936
1395973111
1839569856
1171308589
-1429938765
-2077290650
1638029678
389691453
-571273278
-1916056899
-2049281167
-878083861
1556450053
1819966213
1568303145
-2041473460
1163224990
1365923420
92538167
-1775834032
141148556
168381520
928461632
1105217847
84472844
812164976
1494563312
486953795
1935124283
1571206176
-148520895
2055325103
1470665727
533987501
-657126147
1403224287
661266984
-1335620959
-1955116159
-1834948136
-724745007
-1200951977
-1544234813
-2144187151
-573359860
166651345
1113578645
1957181387
1713769149
1655553992
1181987626
1755840125
452592582
-1440514044
-1830622503
-1743855596
-747345564
-610213906
811653665
-847348166
1626745816
-216699294
-727707156
-972252108
-2022740919
-652580406
-2058407912
1169905937
2026568936
-569858201
-944646606
1040079136
-1378926763
-709551118
319539332
-756772190
1959003457
722786659
1525709137
281391552
-788310189
901944847
1323926622
-288536642
949306959
-127069960
-217391436
1772960113
-1403704715
131524448
288603812
1751392494
-2044660442
1401270175
-1859682293
43751043
-42370867
-1664651978
1721370839
535663851
-939209988
-1550667229
-1677758007
815754428
-1093524267
339149174
933689212
-1772881116
357623211
-2112338141
-1163561051
-853665836
1508023272
-1006012134
-1231815013
1316449851
873084976
-1282951787
611002650
-1087425033
263769798
307786416
2081185347
849837704
-1302688977
1998754622
93726182
267321926
189577748
-222071591
-72278268
-1951353708
-2003825300
1386105658
483875471
1137803094
1343782618
-1187685173
-2123358605
-1708661856
407794771
-750652294
-2118757159
708866479
-43316477
1568218320
956312489
-1914876900
-946623375
2071492673
-1738364847
1947085390
758600160
-1674065211
-652987451
1788972592
-395175432
957417639
-1818402106
679944483
190977189
-1690698084
1813479013
1690725430
413296959
1302849302
-1985179446
-2144575596
-1596966165
-670662438
1485109809
1661295933
-967905472
-2014217520
227201589
-1017070856
867679021
825772313
992713041
-1632243832
297441817
165787494
1908735650
-1970086115
217387851
-869938041
1576123889
-830604531
-710577781
-1662397630
1454889457
615393475
-395882231
1907596390
-1779845436
-488266761
982558590
-1027191266
-367011645
-136556513
1419029137
-1100196726
466176894
528035109
-616286085
1184319371
1244460289
1742857049
-870734099
725080542
-2112464551
1180867240
725097520
255665516
-762539434
748654862
1638192782
-2058622753
1150975889
-1616567223
-2117925392
1496550008
-1239715152
176308942
1837177800
-449842145
-1930437656
-530286592
-416238288
1264884923
741456579
-1913911393
-906984621
-1779543357
-1338452189
1507970174
-2094934516
263101461
-1531246970
-1042297224
-774263604
-1496531194
-1705705078
1662567332
1440182719
890620089
-359887437
-646319929
-2088123599
321266868
-752550036
-1557783286
-1202983122
651991472
-676636597
1795132652
-544406167
-2059419728
179275161
-1109247879
-113532066
-251903148
1131709200
713994428
-639639878
-1171027346
557409766
-413570959
1333719546
1605864917
517575690
163140606
-101019823
1984560249
1889708973
235672740
1146617294
-985531465
1193467651
1083515633
343499966
-899868434
-1264924598
-1625248647
-1433015986
1437941842
1944713739
201988293
1600356981
605998336
1333645215
1659988362
833595152
382666321
-918666764
-597038563
-2142094770
1146920562
-773012336
-1818238426
-1506256307
-701430220
52784854
1184513939
435877125
-1080382944
-1686964856
446196688
-78690460
1981639886
-471189363
1230749748
-857888069
513798774
583690483
-718320194
1257067608
636064199
-1964307658
1601694720
-1793463437
231603703
-191800894
-608058534
355604813
-928973286
-1646605386
1725941355
-307464298
1264436663
-1081949206
168087237
689078542
-510475624
-1163547597
-1677373217
664234095
769389538
-712769307
1919671119
-888473206
-607969692
2087456920
-939928264
-239671120
-1384222157
1629058095
-103731200
-524864429
1719367030
2051375893
1192951878
608468204
-735229827
789858250
332018195
577861406
-294480104
180205725
-1118254001
-2125800422
1498991398
1418410170
2068936565
-1772389307
-263760788
1128113511
610155402
1099716632
-134800985
695235466
-827283126
-495787192
-28875037
-1630363282
1596383908
-207759834
-1102910195
139886790
684996201
1435709767
-658725177
-200958735
-1513405633
1765300071
806729339
70664575
762500571
-511221366
-449146446
-441162509
-343017874
755175779
-1778971226
1296563146
-2135762592
-1567816198
-1499061995
-954271812
-663509189
1096291976
1010528087
1312913217
1312247785
-85264475
-1796083533
-6624938
250600738
-1228566876
-1228125203
-1551160960
1455355935
-1149397187
-657935069
1453250577
1030788755
-11698323
2004051416
-297897303
-155254053
1281007002
-56622511
890761471
-355290253
-1046076167
633569311
754903521
-1146903124
1257143347
-1712496131
-717519752
67710875
1442634310
821583067
-1258243631
1755348308
-1657451095
1719122490
-1907971432
-259969704
66949555
90704826
500043045
-1086668725
-1947118019
-889256976
-438437956
1510789098
-1876894331
677349501
1922927376
-84459205
268506197
1504989531
-721469175
-463542779
-1534949276
1048881530
-1001659449
-1294581374
557244667
272376971
-1162383131
-949918638
667074011
-1441309158
-951423743
-1098443853
2136219741
1312101858
-888247428
-1628393489
-1565277477
-5489316
-2129342850
-797077995
537526862
-830682471
1692074812
-909788949
1809202744
154821713
687849085
-1319940830
656528068
-1095943365
-1653539495
1620632779
1843794218
1888920734
1215483459
1813956106
271506008
1166821927
2103125578
633850120
83476430
1941308157
-690010469
1185556781
2070662857
1718069778
-577538486
-855132785
-1678349917
911312316
-2046421935
330568869
-509226119
882316419
-1863629352
-1578168513
1784304142
1573212988
-1285634890
1218713274
1297549806
-1214328746
-1986686409
-480282002
-257951530
-1522196365
2075234847
1130168427
424850003
-1246984134
-150646289
555406693
-1749302616
29355883
1043759206
1477904364
-1616585740
-681021133
-325985974
-2012413217
645280148
-1106436672
1959496039
-1838433502
-1249401403
1028964632
-40677672
1360299150
-1784369778
-1321417946
655612292
-1879195095
-879751460
-1405782762
1609117675
1968432534
713219310
1378181089
1720851490
2120643023
-1955309837
-348493781
-1843600100
1649800464
-1532064528
-192357556
839899178
290663958
-686952729
-874137173
915564228
-1483812727
-1148704203
-311766445
-689709943
956079285
511244603
-1729592385
-780603004
2114174592
486132033
-1250806280
1726594224
2086774680
494099094
1450172897
1533921981
-1708926741
-1645822213
1634744785
574381332
502288220
844978752
1402750818
654513433
-283408461
1388693807
-228158840
-1006268497
-1668919852
-1417817431
169682405
1805432064
-366163149
-718813425
262603866
2046083197
-1242331001
-1720978973
774562785
-464173788
869684925
288162222
-1226423911
-298929664
-882355409
-272594397
509158178
1440553718
869497621
-1809120124
1331435818
868764093
1803125307
-9375164
-1745135800
2055559982
1816060148
2080703981
1447752968
-1776390979
-794538674
-1602914749
-1307202490
-941023673
1063392134
-721887319
-1937200961
1134357517
1450967486
-1298311228
-1508623132
-1108957952
-621028628
1776457566
635604977
-1933147842
1122731285
-139305332
-624780994
-220554020
-754489669
-919046383
-59310891
-124790043
-1003182188
-1420953339
-79848124
-581995357
1833846908
-2025736783
861796019
-1084245732
-1349040469
-1493046083
-1596352712
1871888607
-1102102998
-1807110260
87771241
1447434752
1607090050
1404475111
1010220594
-169693088
2135149751
-741232936
-1265377559
-1807976911
229650804
593542360
1996355743
1277530296
-196171129
214060
-1258260551
-1551823531
552734862
-797905781
1023406782
1818059456
1360853490
1256533764
764911473
1633632916
1097435156
715025694
-122649310
-1958117615
-914074682
487904832
-433520576
116853021
1703226621
-890257581
1412983603
1961380492
-488136252
-939110235
-1977352088
-170565472
-1257209742
-1558008304
-40416852
-1630864685
-1435711201
851290
-314330946
1265623507
-620117421
-19534113
-2121267938
1919773389
726476032
2024713325
-1487271125
1859476206
1282380722
924209774
1314482284
-1509687514
-540356348
201545548
-304840403
606436398
489711957
187794704
1414339406
376543948
-560675908
1814260044
181656150
-777939883
933613112
1274044219
-2012288818
2035786611
899922219
2078709798
854680268
-1972871896
776304137
1218102792
-1092201011
1785861650
987360588
309677173
-1005884984
590272496
1785864107
929504183
-79394945
-877548700
-1712347510
460233273
682823703
227031546
781600691
-1523105752
1152416235
734399592
-1904832442
-1146828458
-1256888676
-158406377
-1124947218
-758832798
-1819048340
-351660318
134079829
1622306326
-746988340
771786781
-137717543
-945759217
782252594
587477464
1839295103
1743393187
-1078984912
-1424026781
-86501849
-844993538
349011138
-387141099
1435318529
1466067598
-502888985
485035337
-2127442113
-105845599
-1272969614
1609322153
-868198132
2048992587
-1817857247
-746931538
1712118460
1627482509
985409262
872719718
-1231541180
245775538
-1217986139
2024435576
839142379
-1674625284
1157225398
-2099982491
1894688833
492429952
461644620
2117200656
1909495120
1137707598
-2005584227
-341047936
215310609
2057238484
163008387
-537475869
-2036810975
610609795
1632965707
2090620117
1983341492
1854674354
-995696179
1497622754
-1152952887
30200003
-733863236
1988059977
1475076255
-91413117
-222934977
1946559490
-1383242649
-460021546
-1396164672
1847542786
-821844422
-1150318189
529940995
-379731779
-2072187059
365945260
-585369735
620059628
-614765726
-191179374
-1892782635
-1558760560
31816321
542326231
696175327
-1875814858
54323687
1735923476
-1782962039
1306318715
920406079
1752699916
1991976511
-386258734
-820459249
944352785
-1976386685
-734807420
-2028311692
768169894
-931979336
1293625592
-1717348334
1207285093
828431165
1251310132
-1306875323
339476771
423318973
1804545955
-1344399205
411368273
825193924
-851890152
-870240122
-1529540955
-1145297514
-191115758
-472377011
-2007463432
-1256599236
-1872925119
1821839940
-1881205647
-514641442
158241353
-2077286340
1851244515
-305202600
-333100091
-631005636
-586064525
938424582
-1284613234
563848560
1738078334
2137293538
2103083324
-1439858591
-1605723207
1310735313
2142420716
-1424908954
-179911527
1118998585
-1935239869
363705434
1002514676
-1852443690
-1219265613
809505678
1606660839
-139249202
-837478148
1316898817
-1295329542
1233558018
1367474166
158962894
-1303467902
-1476446298
854652044
839839205
312365126
-474481389
-1465975541
995060221
-2002138779
-2118000421
-129055844
262758345
-2135947146
1210378270
800984079
-1419140503
1451618545
-457278949
1423327705
-1531997917
277658828
-1401366263
-498507169
593882706
1186249321
876663847
681363317
243118494
492012718
-1914960111
-340290016
768035180
-832366219
-1038927275
-635251293
882507672
-2060357081
214546758
293958329
-1874823839
-1763802461
-808210161
466006814
421292708
-813645213
-471143158
-1109009068
-2048703411
1856414689
893551698
-1388439389
-1871182326
-127033801
-1741730666
635029856
-486624448
-1999786747
-1285282256
1290333554
487607106
1463970454
1302230389
-375243503
-71969600
1877551173
1569742158
-183561263
239348861
-692213475
-509899001
-1161927201
2107214660
-1206558017
-892812441
828065161
-1915160804
-2129434488
-2003488512
115850499
1808733114
-1446157070
-219114553
-786104217
-101775818
863782202
844863974
1673411581
344809473
-711361725
-1262499376
2069594812
-991279849
661911994
1704408470
2065080593
637223280
-1093251462
42700665
-1323051042
402162107
-502694096
404321215
-2078489660
-4693170
-1844016062
-1656882231
-1669598043
-1608544425
65191404
1191308901
-373556892
-40168105
702619564
370614625
-1602952210
1090336977
1725287904
-1225662368
-1694529154
-1083382210
2060319148
-1995346704
14025500
-475856061
-264648927
1372056538
-1503841690
1622150693
-566007397
587420604
523980434
993509500
-2125389206
211693781
756792754
716679462
-1722415693
265835040
-1140801990
608760190
2037361048
503624611
1883743423
-1969438258
1804411798
-562349560
1636610561
922089729
1337849903
-1850600596
-1259879125
-69588068
-410132280
-1051995786
-1597280680
1063198191
-457405485
-198930261
23340377
664350087
-705774800
1396293889
233679029
-1828561434
1307075792
-437427279
1112590576
-1342636939
-390743653
-1294020015
-54778864
-1527771207
136525460
-476028127
957257052
-35977787
-1807539143
-701333852
-736993946
-838773265
-1346295761
1956772466
-1292614068
-285341242
-123024098
-223294132
1884440634
-109420221
-1755437862
1078816881
-336498126
1903298109
1690167490
-1223785937
1961040655
-909999326
-656622483
1043168700
-1411539258
-256970525
575108738
-590046138
-1660081169
-736358352
-969894938
1396781895
-1578801789
-136822299
-381863651
1232938014
348445927
-981069117
-237607447
864497883
-1110988759
-1812509085
-1914224841
-1880405414
-1573480312
-1640903322
1629197115
1279863698
-892021447
-801737999
1010826201
609801774
-249176472
-1271526056
-594066618
-790510499
1558330492
493293080
-653332753
-32316442
-1586405473
-647344885
-1116269415
-1057575298
866349949
-1789113642
-276832823
-1281363107
-766629045
-745298267
142695781
-463395314
-1793340918
-773539046
-398943334
1462322822
-1005851892
1364039298
569310208
1178515064
-1004941641
2121056841
623862268
2051117031
-764137592
-1453814353
-411125914
-1377545988
-1544625318
-493629508
63158635
-916262631
2048314600
-46640015
-2006700109
-240274643
-824909424
1665034559
-1260654139
-1598142134
1393903449
-884196163
83123882
-991748748
-525086921
1592722836
1359555280
-717892678
-331395187
-1748294467
-634279887
-818980470
2084152050
-646990098
-1930171212
-1382214079
965889847
390941009
-6718765
1902121218
-1669982039
571909495
-124563331
-1315430456
-647101037
818800779
131432509
-1737854019
426546694
-13674038
-1041188710
-2068572469
-871353381
1078899762
-416129599
1693331059
-498196744
-263006343
-1971709599
2106791902
1495882195
1049039936
-1661074218
984658225
1414355508
-927430776
-64695927
172319781
-946044354
-716621468
-1087401067
13288917
1094624687
969536240
1910706862
1009377242
1002184550
-209256575
-1308965570
-125667692
-1384760539
-444379875
892197328
116383946
-2003437672
656449581
657519281
-1777646475
144073878
929746545
-2002421804
-678146856
18882981
-572050125
1536271094
866561492
-1455439677
-1842815297
-167073278
695470201
1582895459
-1300428015
1785506741
1289684192
-1613391947
1460342736
470958725
-1462913737
-1616071638
352174971
-97001026
752260636
-2000142537
-335812639
-2032836370
1129103407
1664130392
-224901162
1996118403
-1612374302
-484995241
733576227
-203408718
1081589906
-1819721011
2055506878
162477977
1174246363
-1811978519
-1688937670
-1054772313
488384039
1904888176
-1040244864
2114064699
-1734985848
-1392492540
1464092607
742131339
1846622151
-270278232
-734752096
1376181447
-1811087171
1035326594
-376290626
1979563389
2146197984
258946019
-1371101611
1037005374
969036064
-147991932
569599545
-201573758
-1031744269
1793842450
-1026207736
-1694458936
-849085522
-1431265043
-1748168798
-1734701055
1346663447
1765833515
-474641447
919123502
-987587785
976106466
-1250502043
2147051847
183767923
-1651488346
-608174310
1121575263
-506775331
1690366288
188803676
-1634483452
-669972793
-1263022591
-1780389166
1279901931
-922795367
-168254106
805897817
-997575731
-2129526812
-268266436
1775693371
1501088907
-922431050
1121945366
-1536654688
-958479208
-1671348945
-1792279714
171972932
-1838993257
585711956
-1947513703
80018281
-970761918
-1383987165
-335736338
-1695494385
553467534
1425020134
-817082392
1439555426
945596684
1542947788
1511621242
-1448281996
1232956818
1686646452
-749943997
1580255788
-1843673318
969329484
-305295340
515376765
347466473
339826266
-1263405650
-812732710
688929523
330195033
820978383
-1109244696
1222621821
1199312711
290563951
2012992117
815048964
778889661
1831068742
2080242856
-679909539
-1832009921
-78811502
-728459654
2130184989
632373717
-1558287338
-1075419548
1494959162
491988186
1034300261
619778905
545618162
1519244563
1453620320
-1585287945
-1436337173
-2073354749
521768188
-1904114952
-1685290853
8999036
-110080440
1550663662
1062875625
1754513017
-1132747346
-165840081
787222292
-509173717
792653432
1999549965
1291121364
-1486637487
1207865238
-179308470
1122101438
-486654516
1570613661
-1825734710
2056434924
198838386
-149282541
-1205192822
-1172262436
750964514
-95909655
1959078352
1738221720
1803424023
755347784
-1616420444
-814840041
-1714744191
-752099696
-1775636610
-207742749
-1140204463
2079714461
1005258048
-1303501317
-1141168300
458941003
-2096865946
-510223366
-1432826749
1804646716
-1864081029
594847095
1411844248
1619877336
1307493326
557044655
-1567321884
-1891030124
-1625259930
-401752479
-1790410913
-1393137289
-1405191886
-1018610183
-2462720
1536527066
-640343676
152085488
-333297841
25573487
-1480397632
1623758194
1557318200
1429300611
-1972472752
2049403968
1303023393
82376071
1633978586
-2048441897
-1972033475
-1445087796
556376757
-236255022
1071040290
1003794317
315450776
-2058266484
-982365799
-28240334
428223380
1937100553
-375210060
1601721811
1485163331
-242471659
687783718
1095370234
1754795329
1200525485
2020415438
1864221868
-785480485
-588615266
888651156
-1611317846
1652867078
-370260884
302185336
-363798028
1237516947
-357308555
2052867048
1276777358
-1548418913
-1117634988
1542795857
958253445
34425935
778215306
643076599
-1598099404
-779785539
801962075
1511030281
-1472722493
263570477
-803747083
826404591
1446499056
-176168061
1430743767
118704359
-2028146671
-1986479879
1873419120
1821425615
-489626023
-848833524
-404425466
-1812290493
-427629222
-263468873
1240445913
-2025394710
-645454646
-1448922141
131847560
-1417636083
765975177
1006441245
908437682
1720229225
344001762
1523213193
236204768
1889909829
1028703504
320224278
-1416163167
-594725947
-1120311804
1047058162
1096791030
811610496
529279845
-263373248
568698096
-574706095
-795994920
-1304915960
1155246231
-406203030
1401536897
1779240303
1217786382
-788707154
-1859846200
341993767
-1539325452
-781724098
-1659300513
1616906536
-993978356
2101441364
1993933700
-24301665
-115647713
627413072
-543077501
-1849278681
1577982752
1679170064
-1910442113
-1731883466
-1035775599
433896580
-190583952
-90079783
-967523291
228932224
-425541009
-1198995549
754085287
-108728621
-1642283983
1847670498
1905004826
-397358439
-1536917808
-8634092
-1117889760
-664509235
-1387220783
181940633
1172714911
-485363934
-2092060830
1419500713
-87871071
123479058
920511715
-2006577785
1178348411
-686259658
552240039
-504814602
19369265
-391550760
891201787
-555838228
-1154821352
711256518
748891238
937771653
559625917
817259625
1244766002
1943592762
-914119675
-766099947
-1294385109
1465897042
-2047714155
-271299679
1798891430
-867155048
-688722573
40288314
329068484
694447181
708795117
-88558220
513957111
-1111418016
-1744984391
1620091041
-638727483
1548822236
1317868637
1759005030
-1618288436
1009472673
616091601
-1911220854
-1800154107
-1268794282
-82060702
-386351599
-1467041716
769971357
-69443112
815776137
116106783
-1658085495
295888346
-1651234909
-526845787
560310860
1846792081
1828743684
-2136021006
822006836
-480747636
199726685
-461110391
1551372504
-2052188701
-235602504
-149925598
-101738098
1069676702
1774650645
-1331883092
2138456607
554654807
1186851637
2096856724
1746461885
1993347869
1066440628
-1117988537
-494921420
-1601821285
242665309
327866102
1467460448
-687506823
-455530055
2061969048
-439188257
979767297
1450001385
1686470453
121044486
-961696763
-676582219
-148657056
-1448424936
-1031133696
-755993116
-570990844
-1821052235
-1251758213
1333319373
1652672099
90150543
1956691634
592604206
-770362020
1506434916
-915701897
-1241079493
-675719188
546956071
451079765
-753527302
-1294025482
-1340119936
1520435703
-502589747
1125824582
-992500105
-1122400565
-746358448
1026613459
-57227413
49778913
138080869
-2042646716
1487034184
-569268199
-1776535156
1798963381
-1936057096
1256264317
1492159863
-47218246
2032353050
803397867
-978686499
1384269219
-2142190607
-1107582473
700554894
1514671617
1375706270
-1851203825
-656160825
-1510341015
-1089753199
-2098542625
1537099719
1719531639
648451645
462598133
1591413153
1891646485
812646922
1732854440
1733522772
-1815746563
-75826032
-127299274
-222704360
-1030551941
1701476097
-1359192276
462064634
2008601207
-259859227
-839823094
964467114
1931231410
1932893709
-597040858
-1600100461
885348688
-1434000447
2143567568
699091756
-712235627
33350971
357727158
-940725875
-1870645773
449548121
713862026
575129669
842269764
2011591565
-1101866527
89806698
-169494957
281948695
1337850462
57477360
538117280
-1198664842
1699559183
-1286158018
-358725276
1152369947
1278165270
-1873253122
1686567890
674852192
423462795
1788078132
-1902634081
-197686601
1580824737
-539532654
-745320252
-2125147610
-600166137
1209318665
-1786264702
-1080590094
-1304740464
-2058134365
-948965210
-1845897830
-224177387
-176992625
-903741938
777823238
648290457
1777736061
710038379
647133440
1891803055
678613036
-1826587833
674562275
-1159100648
44054848
-1180528567
1037936017
-1906457681
406397016
576961208
-1200253014
-418964599
-1398004640
504267325
568375034
-167944360
399087395
-289146900
-1500901838
1802292751
-2135473629
-1339229051
680515034
2078969547
513483948
-647813386
-927452538
-2088999695
-672432346
1168314148
-1372118457
1730478739
-1989951573
-409861910
2044808548
-956785385
360915929
788355937
1391373898
-1126979558
-965532696
-895868831
1177240768
1896340113
58784510
-1565558712
-1549580194
-856563151
-231284543
-2030096903
-1245999553
900491536
920045614
770402087
511579637
-1791274612
-1581140056
1829313747
401469885
1221872747
2087980628
1749227538
-239796749
1838689604
980437667
1017739028
1420893127
-1134386916
1173825071
323354209
-351411407
-678679725
1057299147
-1089619356
351469602
-455832383
1778033877
59553069
-845238533
946469147
-338307379
1483785330
105319490
107200155
1362694699
-1394297898
-1433130094
-1135787040
1424226668
352145261
-1724896813
650674194
-687804563
-275901825
-385241429
-1642245815
-101009411
2077458060
1555599668
-2114104017
-1196225108
-792895856
1614517231
-1759893533
1848393961
58948232
88173559
-895079136
1833251915
483622708
1184794489
1186351006
1095256622
1536106013
1068779363
285024951
-1560078462
-1912755751
-1079664549
-104926642
-752488481
-557534579
-1384098062
-446247700
1862770395
-164665678
-2126427367
1444217899
433775264
1787083804
-921860397
235937623
1864924088
396928312
1633748012
376986705
-1388714454
-2025531755
-40935831
-247997770
-1135734837
1266278565
-1694375296
807916865
-1691181107
1189192131
-262032694
-1476031123
-1871600741
-776448905
1100214774
1918356830
-1578322711
2106703353
-715577024
-2012208127
-256119546
-1420541709
-1463788061
-306102415
1840789876
42719371
-1431205428
-738850404
-2122455623
700661664
2111466383
952855334
1647144567
1974585426
1686364574
766040205
-419565126
-185555000
-276478793
-216920691
1192611985
-1613579731
1659794846
1464769221
-1152166433
606470906
-2024238580
-1052104295
-352815502
-480875142
156796135
-908420518
784989780
719163787
1217258930
1489461412
1852030817
1533247649
-260318394
-1430273529
-578251495
-961487088
1040250306
405002985
1951289783
936562057
-132238401
-1268871766
1114826882
-808098075
-519264568
416071689
-450270878
-1669212639
1889823496
-1223652666
1954718133
-908506967
-1441864123
-1686814841
1266579043
-891928359
-1343651315
1928554751
-1995420881
1452412096
-1432529618
800205132
305269584
-1534827226
-1476169622
-1395287392
180791104
963606736
1219805803
-46131677
365304787
-1494554623
-2116040972
-1964604136
1916425866
1839494212
292386137
599138366
188058408
1452632169
-790486479
2014069112
1918881414
-304612148
553535561
1000811439
943917731
-1296548900
-1343329062
117501175
945397759
810560219
-854027522
-1569472784
-631945176
-1330169118
-74911136
-1868986002
1935216020
113853992
367453491
1615752028
1647996081
-267805309
-403291803
-1831309859
378204730
-2056590803
-516386541
640992691
1550641868
-821237813
1703206463
682444516
1279981497
-796050773
715392447
400486042
1991482650
-912726451
543868280
1283761994
-15262422
893397028
581564876
-739792103
-1791544110
-1838761315
1826668112
-100063110
-1308783233
-1127824288
-1373411902
1924074779
1382479931
-1466107947
459636025
-1380443391
528401915
2138613481
-695972194
45722609
-1773743819
1125306129
72521306
858507026
991825078
1471897998
-2101518256
1603169487
721464241
1260145651
355287054
758988034
-1088800998
973472996
1069963326
508877646
1439900724
-923688673
-849549982
1163900364
1695072361
1663087808
-149209152
-1313467927
-2068347303
-1811708736
1664190618
2044167053
1162686516
-1038988098
817264290
-725470592
307829580
1372495106
1029961132
-1800498679
-1633234715
2137920701
-447640155
-1025741097
-80230321
-838861675
142197955
1871214373
1951315510
1207141729
-185143043
-1058037480
537918776
2130489137
1924607165
1253577579
106959800
212999312
221143764
40727629
1524757233
-1709287924
-2071419474
674808457
629465934
1059275254
692995526
47848679
1026701815
1932973157
-1634837669
-848487470
-937370705
736902017
-558123165
48668986
-950167332
53283837
1639149504
-926596421
343193319
-80072219
1445165745
1985720830
-904250682
1506060697
687541643
-1699821729
1215547606
166348056
703967911
-698936624
-327143955
1860370817
1206733470
-344975620
-2059016785
-1024479017
1638821043
2040369839
-2110574048
1071840260
-204612976
-1982759820
-1984980869
-592838368
1756691253
-888957825
1988613953
1707741682
-1727622867
-927616819
-740644460
-501393738
786178050
1949181833
-1833047099
1500535072
1634710770
-1274807375
2016998698
1010744225
-1748171038
-651251719
1319779125
1793958120
-614456942
2139481071
947622337
-2084141141
-35188719
-1883562145
745118895
165519014
78592627
-2070253576
181946033
-1069886237
-732009790
1392819503
1492603237
1548560956
2014489906
501282402
1326928549
1562641438
1671659415
1399816001
-322915555
1247971983
511837211
-1304592791
1680048669
178082161
844966699
-1481903535
-1332727121
353554951
-1853224783
1255714921
773232108
1924364472
-327169912
318091904
-1133926773
1182157587
1320810028
570250853
1643903418
-1455199725
-2125788239
1249407953
-1624118992
1250817187
-141263882
-1292538749
432261762
-2142564765
-1070027750
1646107309
-12859466
1200361132
481202221
-179781234
1210068245
1994267602
-198844630
256140383
-854310843
-588138840
2112229925
-1744885901
558298262
-852428216
-616455488
-31023207
858263707
1226019859
1020935395
1137193924
1926338813
1684781046
-511060053
-1930693394
1713149067
349672687
974121378
623546424
842366356
1966542287
-1293865935
-575815851
1526068344
-843204031
-1200905646
1109187369
1049528188
-734694390
285726345
1458402476
828679134
-2038041455
1844151316
1755977748
1874199593
1876575906
1493245793
1480564275
-774623286
-821751698
1540026815
-696012771
-1847599134
-279905834
1253031000
523067661
-669688483
-1812286744
595203679
329450120
-633852862
-563716439
1957886597
-1769040189
1690146892
-537237996
286472112
-597916351
-1237649734
-1633290397
500087022
283014592
-661278365
-960907892
-1086859097
1636201813
-1799327988
1780309006
-1536675054
-1135818283
-827200259
-598385940
192916458
-1751836809
1828150737
276279033
333552480
-175260489
-485662322
2053077590
233002579
-942765956
1422387957
-1151131335
517899709
2091527804
-188570086
-1127682321
-389217936
418913759
1834529846
-210598109
-994369021
-179134942
-1673801541
-1862817952
-1833386490
1327453758
-911199320
1391262932
-1480571268
175546888
2129904926
1771835990
764327562
-1805624869
-1196657101
-801269079
-2132915605
52621427
61002502
706190082
455160230
-1228141797
147530259
1307916743
754495619
-1796737013
-1427069752
-1534708327
-1049074502
-372267254
1903938904
714098836
-2029215378
1179322459
-100303410
-1782776875
-589949351
-1010829866
1257677924
-562909380
-1581500857
-1039922604
1972685077
1657788786
1352339656
-496366768
584147056
1389085741
-100101344
302631114
-1522862162
-68138830
-1552391038
1540069230
-1999860218
-2141957989
-331034243
-676411146
2018029376
817307354
-1231652170
-497760565
-1533860984
286827773
193706711
1011921650
-1370142588
1915447474
-761530425
1314239270
-1033476184
885046670
-79539429
-2074326464
389193160
1998083849
-658608693
276390879
166733806
-1828161843
292631336
-458754492
-1759762067
2005154607
1095163661
-344957315
-4899018
1280954877
1476309845
2020006597
-583306135
-1134914694
-1808527220
892127018
1189243951
1153124774
2048124392
-63537040
-1545874234
278603713
870624377
-900591307
1450014685
-1987824110
-902405729
1091112277
585595937
966800868
-1527565123
-793100401
2042932247
2122924496
-723461077
535694696
378000940
-62017982
-106052240
1613935951
-2105107959
-1548554699
-492530511
368823041
1560491820
1564180544
-1428969629
718444078
100413620
808462294
1679658567
-1780795556
-1204692357
-1171458359
-226315624
1217181452
-565238935
1958144784
-2126275971
-1967627494
-1339805433
325526729
-1317109564
1541348969
-323575726
-226166656
-320719919
2123990719
-304840751
1538810289
37449684
1606554860
-954968343
1494391179
-1405016007
1415486258
-1510093200
-297609738
-531139484
-1858550304
280743551
682194135
-1169681506
-1947499969
-713939573
1499207570
-1234518967
287666098
-1151464266
-1940819248
1285991003
-1791049960
562699619
-2045520254
928653577
222504052
1381207047
432386596
147575746
-847855920
679984198
-466380474
-1550488994
2036800093
-1078033858
-1973187513
-1514826601
1594339551
-284777187
-1429632668
2112577719
-1536455609
-1338018055
742762992
1323551123
1688465313
-523004449
1838174180
-1092767817
1046882864
-684316116
-1090705510
-1678265886
1553529046
-1933232613
1069941205
-929130316
-1207166535
-624375137
-1415919100
399133093
815986212
-596626061
1564744903
-1188924103
1030063786
-1674871698
200950450
553874545
-730278512
164674075
-622161072
988744068
-265108628
-438161527
-1048476567
1702623183
-1013779959
-29155490
800057736
-1601001719
1889859981
1190577714
-272226377
1492403642
1961774045
392561689
2145935756
-370336019
894200384
123571073
-1949638807
-823519452
835604802
-2017482434
1956001790
1303676043
-1386332454
-1358824989
1422327058
1318508145
-1698744625
-1438605229
282390659
81772531
-1431049898
-1909075561
2007631243
-815736327
-1940201472
-1459762703
1739698756
1625354342
455480530
326926128
1389188461
1263103627
59922357
-927226811
1292022894
-1462133028
-1423628784
2146226710
1267062169
-64900635
394123443
-2077955695
470792882
-718094210
-2051978250
-1197276412
1804058545
663764285
485844513
1657175724
1998430661
71469355
135536654
-1996682613
-2008124772
355573691
-1905003507
556446078
1932458977
1844055543
-369240313
-1499773042
184178438
694003964
1627856869
1353566086
-74728126
-1353402456
216531250
761230788
190239709
643531665
88963326
249945172
1491204267
-2092726984
-538977530
384037946
1425691349
1158586238
1908758801
-709357554
-1341019170
1586372182
119156124
1713724366
431117541
761687227
971918521
-1368062481
-51012569
-205277724
-1057833165
1566074293
-2001889592
-702880330
-469824522
1133949636
-2051325230
1410710650
1413043117
421929461
1041646973
-92280369
1697776300
1710848877
60541360
1056334562
-1376895727
1506311660
-2096217400
611936219
-353736411
-1683315870
-972548201
890563738
919632903
398531271
-1572898386
1071274146
-583799669
933628715
-442897185
245486165
-748720033
-1088130036
695354109
1270384993
1432282991
1260207847
878448613
671396986
-214820470
-1850517999
-858007102
92223049
431696453
2049037510
-113538677
-1284629085
-1899632865
-1120099198
-988356656
1489663230
-1917627419
1590500239
-1397493322
1626281248
-181986984
687960287
-319294912
-162173160
-339035636
-1354819301
-586626097
1509982578
1427419538
-636133125
-1733276181
-1283101531
-1925193255
-871442216
413004611
-2136712496
-8260911
334849406
468747250
995864229
-111835056
-1241118137
1027676163
-41243227
2073522745
130990180
956120631
685250957
-192660774
-1421742211
-747222267
1810132240
-1500137578
-97494147
1055396833
-636047419
-837386301
-720135258
756652737
1557009762
1144745429
1142976235
1902013916
716299306
-1192128837
-2126937730
-689455180
2138840740
-1768873079
2043705254
1891662678
-885814131
311204182
1514951126
-1933584160
1989361422
-834888857
1315536379
-1116588476
446635057
425239436
-193385963
1219508298
1180073361
1723706570
-2119521271
496531419
1046351441
-1172640711
-857533772
891305851
1385501774
-868830161
1096037443
-1598808809
-1273390952
-906238562
-1958359615
1118391296
377627421
-90008646
-308770831
952974135
-1068827225
961330654
-290196131
-495930390
467677703
546980784
487447982
1696621630
-343099502
-1991936126
1334471230
-300625329
975864780
-1307839749
299501547
914357108
938898019
356356598
166924846
377430983
-777635746
-1048201303
-1894605973
165386724
-686958954
-1910423030
1972430473
1261269743
-1987756188
-386543763
579560901
-1314946340
-266984549
1562720881
1211060931
1808012522
327490232
-2063437795
-2071120922
1792944239
1976080984
-2131033019
1653531360
1039873499
-1699516182
-2007291854
-1540429684
-411713546
566212516
-553130111
262750714
305739116
-834506822
-1230647477
1414193867
-358357365
1797209805
-262118522
-1341749057
-1184099510
-325648735
-1461123414
1380627596
1907971468
-1253895149
680146839
-1543644175
1861479334
-839204535
-1751758411
-1924978423
652191518
41871146
1917254492
150690532
565216181
-1315182063
-2003464586
689609555
-400348504
775466428
-1528215709
-2027594237
394520113
2059721866
703886876
-1229742900
-2127378093
283635173
-487166566
-33880757
1054609367
527802364
1411059064
2136337325
1384643217
-138159947
1763099095
1472599757
-1575638041
1154032098
-391635583
-1898989183
-2065119085
-1993722702
1922462288
754593073
1489625255
1758480489
-2057892912
1560887720
-1804213039
-2046224301
2130243619
702232110
56175584
-2066950922
1284590373
-1794854954
1924582535
-673876858
1918953423
1510293779
1430605663
-973728099
-678601760
2089047697
995491122
30961451
-1060189767
-1766875838
1932283254
-701403990
1075666056
-321833546
2071935254
1541246358
309846697
1438992559
-243894920
828938524
311372360
-1571041036
1477565371
1938534161
-1783102390
19705445
285835328
795337509
-499117715
-432974257
1931034220
-1863133353
-2124431955
-824658687
1871887531
-1116862037
767954409
964629663
1295854775
-1575433957
543237062
-880992971
-1053144039
1037567434
969972691
-1197587954
68970735
-1064406913
505227758
1795174470
1372679920
-1483563696
-1943857179
1617040030
-1161609043
458759581
-1328313761
2063842959
-70393575
-902052544
-1169510403
1034034849
-1380961973
1320324866
-1376305477
-987795972
-73120127
-1893870512
1374806940
-734324417
-266822552
444517422
-1972795258
128342160
-2041337959
711886186
-1158441878
-1207970061
341806183
-144781291
-958559833
756153055
1379139031
1937492527
361735856
1733600270
-1913616145
1103954849
1323724011
-747867500
1364840499
95448431
1097019868
-194057421
1861253996
-1850177491
-546169214
1179913453
-1256136789
1603962290
1812349185
-277664807
1081516941
1550864907
-1615686528
124921146
-223353921
-262293582
-1066327212
1357594829
406821828
770118400
-1246255267
-494972063
-393783563
-415545121
311119024
-649136467
-1156813367
-1650854717
-969180554
1395583581
1970099030
-1541799462
-1400519149
2006512237
-1893746921
-1566301311
-43813750
-1264859462
-917995793
-617094918
-1243402721
-836638762
1586158958
298395740
1954007101
1259367707
2025588818
-646996790
105859482
-633593854
1832735567
-545254425
-2032956264
-1169917771
-459885806
-641993080
-1733811218
407457762
856157315
927561899
-292592249
-479634991
-697895862
132308136
1020968873
994361016
503726741
-1730529882
1336458330
2007000142
1271275287
-1619894960
-1720363266
-1275347811
505424211
-219868985
782731332
-994824676
1244438809
-1854314279
135343171
-781293316
1586836305
579674483
772056799
1664040386
1029787382
1051092052
1509288561
957532437
2126792293
1439369987
-741161817
1982466264
-757743400
515214339
479761831
-755749253
-811515860
-1907423420
124507514
510280334
2088877802
-1587993125
-2015884376
183037334
-1752520060
-374750987
-316334818
-1683129820
-972046882
805667849
-635890600
1968727074
577863696
1657142860
-1001666629
1480132976
1869376362
-78981270
-2002517438
2068533167
1887764663
2013076338
-236187043
-1006021797
-804566330
698798609
1424352021
-1363119073
-1445685723
-2142219006
1898251123
1983533668
1584554287
284694981
158810146
-847277526
429508681
-2121211250
2013967187
-2071759077
1474228840
1593674368
1544187616
1172614621
1478246869
142663962
1046029492
1642124967
1813335348
2022394097
866349417
1180542230
1986127042
-617149025
2038017330
-557602495
28157917
-497048325
1555785466
-40626678
1931275977
1565478793
1335684557
375658679
527436976
969002036
-2026795913
-1233283648
-58053142
615650106
971725674
772693738
1200707199
508841063
1143721188
-389269868
-2026814231
-1929612155
-1945217199
-863685552
-1713160931
1908762130
-1672945171
729374389
230227916
248723763
496228269
416517746
1648980454
2101817065
-1060764577
879029926
1648474207
-1079338111
-538009585
-517493137
-788149196
-537295791
1283075245
-1253918784
-705181008
-1513298784
34933228
1133608824
-89291285
-1531982363
-2083986580
-212843857
533731731
2074728244
-1593811686
-742505134
1708754926
-2135126027
82747863
1821173233
-677338338
347662806
-359745449
-1039426857
1558431399
145542658
1682489931
-1167184805
-1895357138
-713535086
109676994
-108281739
-230445437
-1692582588
1115357388
659196819
-1915760159
-1756177302
265459552
-2083177811
643539060
-585939164
-2070639745
418671254
2077103130
-529097775
-436627560
-1028145003
-439779731
-427566142
2023138094
-2009106380
-833002495
-1897504976
-1514382921
959478359
-1483978774
-1460530064
-620835897
980046223
-1545589888
-179306908
624131693
-1372090448
1251001957
-1387289036
-466187043
1453750432
-733824313
-277777346
-424820657
1832978033
1920420322
25764938
-1089813979
1060674226
1625836744
-1558787838
-1820603309
1233842434
195327332
292033184
193756155
1256924901
465574843
2046479592
909027926
-762123046
-823190667
833931353
1543335899
416101548
1352697244
1611965087
436909465
-649268984
-1786959198
-675143093
-341182232
-1116226993
2025210024
2031884741
1806771520
-17470291
228698621
-758315648
701671528
-162327702
-2081054748
1330567536
1967269074
-2020035200
-372390502
1608102329
352806469
-459876500
281012118
-188720472
-1770423108
329893448
-219747566
-1678187546
-845799026
-1895956455
-30494262
-1346456854
-410531122
893537638
2140403203
-1407268689
938414324
-1905696759
565666510
-1844040025
-878032196
249957192
-1303155571
-319439122
35685197
-689280729
-1927762506
-901923902
-1765593442
1256423671
-2006135850
-1604916685
-506707947
-2081406158
-1111217959
-1800002538
-814446736
-1012142454
