1001643413
1897707831
-726205380
-1812816274
-1253108053
-352646641
1008368367
481406232
404071757
-1573955905
-1730829070
551007908
-297374237
1692423768
-701910712
251129893
1798086021
515443828
-548369986
958293067
-1226269507
1816411823
1742996815
1936304120
1586424464
1887784278
244573385
2075313172
-1171577921
-1485216930
-601066064
-404133731
-1370113462
2070360471
615120737
1150795009
-51437259
512928033
758341242
-530423377
-1199869810
-1437767394
1654157945
-510757141
-70924883
-827075671
-157859422
685817057
-467475523
-1359872507
552924966
-20569859
-601958277
-1947537383
581312385
-169390983
1859758397
-36706532
1192478499
105777207
1309887542
199004044
541155154
-279148080
-1641582088
-79140252
-395211442
172228076
1883104057
852283789
2099660725
329835475
201094873
-1037938796
-1640307159
385420868
55829539
-1546699108
-1231222993
-1444913787
1154544979
-2033393002
1293119578
2005305019
2138037847
606565040
-1865397080
-1156481925
914865113
-569326069
696151339
-1936896864
692092541
-1725655120
1263497195
-1273788578
-10107289
-1726442045
-141889270
1377403799
428700415
1191292921
-1753404887
-496102291
-2068780296
2080069959
-1264212982
-1763408873
1170497677
2123673819
1273814646
2016667640
-658008563
-818756017
347214433
879698413
-58726758
383151388
1844474443
-1544871194
-524052692
-1347988660
2110622952
1286488759
-180702244
-426946701
1356379650
316457264
-637928097
205265375
2019400094
-1354513302
111192783
-240851698
950689118
-446338973
1474954161
1929677152
-615779291
226341837
-751823309
620509197
608798720
-1239316958
325914037
730720600
1452416579
-1852452100
1075637642
1253374468
559798770
-703676766
1815720959
-1629049849
1618378851
-1024757787
1453861275
1481473661
-764337119
1224518445
-838082392
-1186098977
-199419374
1580305102
1146956018
1460634996
-1643471653
1592191136
1124334542
-994928890
38650498
-305443635
-1964563363
-291645991
1405659221
1209836
1561274385
913555416
-275646198
2077281871
342930288
145401873
-222613209
-485989736
1214943000
234856803
-49527389
-1401541230
-843095806
471916662
-1568632627
-322450115
1234419210
-1387804438
61548909
-321981142
-1686286418
1833572818
-555284440
-322358775
557322774
-2027098781
2073665320
656921216
-60625325
-138706968
1276430331
-1079178947
-789236501
-1689325063
1678715836
-1687118770
1848818837
-971802133
-1485272720
-1531988561
66890048
2045425802
1105297073
259041572
-1212604583
852632837
-804997488
993837897
-286496947
1974453289
360293047
-2017495578
-1908259507
-321478958
-294182194
792425864
-764507824
-1128813667
-619790816
532388940
-1455940770
-1588912158
1554994045
334407165
1819412490
1292458977
-498572447
1677334881
987386175
-603331014
156588117
1317139152
-1945204929
475146914
212496789
-941104123
-247304727
113569747
-1152175118
983448888
-1402654150
1438562500
-865303303
1821889387
388363285
1853523226
-958213035
-459311100
-217012154
1142793438
-1885407375
1945556379
671651524
-570387601
2083691361
-834288107
787872054
1505103289
499085570
-1998555663
802192824
-1414473818
-706578593
872147169
2089333214
-897850156
1344211030
432911260
-1712416264
260036745
-1277457541
839712498
81000599
1485574371
2008806203
18360352
-1467151792
906539347
1027893316
-94137755
-455427649
1176133708
-1250900188
-83132971
-1468690482
-866669514
-627846096
78378860
-1423907785
-616871000
-2086975066
1463760485
446829126
-1350718249
-1761336299
-1007420724
24098275
-1858893752
-1298345732
-940392110
2024355023
37120717
-1628888143
-165552032
153557038
-1070110034
601240708
258335341
-310838716
707492901
-22376924
316453268
-1464988541
-1614538481
-1593750208
-1872271264
1477540293
496906209
-1134225807
-1195385878
-1999361835
-2063823400
1208616534
1955869478
842113843
-108906380
-462159872
955522937
-919198696
-1917556186
633929105
805341837
-2128079945
257107527
660948767
-1970811543
-2097712443
1376950348
-1002327075
-1488599877
-885392837
2033103416
907696508
2119288
157479770
-906641839
-1555673650
573455526
676465647
-906110954
521625261
333392248
2017766104
1317306479
-861740006
-2105960293
-387348282
-1632190170
-1908207448
2123620814
-2012311229
-2087480426
-147692518
-344760136
-94547978
-1392410975
-157735861
-1735014923
-803574234
-3432474
-159449010
609609073
606143612
1791595571
1536246229
-1277258247
-1751464692
-1111952584
-2033176362
-2068613618
1971470742
-1853468034
-1505981077
-1203721731
369938952
-1154546794
-540523527
660596524
-1074929849
-1891368555
811319188
-875405131
-1942120914
-1347829313
-638353758
1972660536
-974567722
1857543041
1978650046
988339692
-281807849
1838594980
-571814690
-649613577
-617490609
-555166016
-1408818505
607918336
-158213023
1437601518
1173095007
-1963695103
246700544
-902348607
1372153652
-1492239519
1077840429
1054026613
1426696956
-62393535
-1689352451
1540171881
-1358702003
1919962901
-479473760
1476224458
1767140143
1450417527
1217173918
1774295185
-1715979777
-1644282569
1028158050
-715630162
-1734348651
-535175242
-1730874116
-109534587
-898614359
-1515447181
-101607390
-1400890215
2042983026
-468571674
515102839
-83216250
2102891663
998166412
1551188751
1064124468
1988477482
-545462973
389620786
1740232777
475959898
1665790935
-1862803872
-1733516065
-1536365623
1390529244
1939484053
-1496775305
887571350
-171106371
1682889422
-959505364
-849779076
-1890416107
-796286005
2066650155
163524659
969568573
346184469
-130360478
42521878
1036762917
1979155522
-1006845065
-1469603323
-1158648729
250081399
868793851
-817080692
743324057
1579884333
142616543
-2031190716
-407819806
1430808376
-304654298
-490314119
560632527
1869163525
543253979
1440327949
1214305639
-87907549
1153292613
-766227045
339285116
-2020086268
1196670042
-538507298
1396014147
-1734505469
1657323120
1753555540
737668903
-1248630616
-1826988230
-2019360738
-100520999
-495252949
1596609777
-826255062
1472839851
2335798
300851665
823628947
264724510
-2044849425
-91681594
-1040325305
609118905
1724318261
-829361817
739642602
-1921859045
1412810025
-1089103069
-315496199
-1307559597
1556259311
-1769037895
31272498
-1905772945
1203738037
1599270125
1984820787
1426020690
-617949965
-1501135496
-551681183
-1766966325
1641188340
-1443239617
-990257397
1920311010
1255515030
1333150920
-1314834994
1440192884
2011532877
212009961
-1939466694
-1468228607
-211197587
1062917057
-150014539
-1559994940
48414376
1780457452
735682463
642778883
1358516692
1454192370
-1466207562
-543937368
-1248205071
-55754241
-1948413764
1666609425
-1377674134
-611941415
-1516641193
1197727267
560199067
392991501
-1205329609
252333221
-1562783341
1786020716
2100830845
-156209974
-133592550
-574213451
-1733735589
697123855
-1419755787
1011428499
2112146935
-1762053049
-1975611032
1923570121
1448803476
-1310728205
-787852293
930016939
2132936947
-1250197545
-96144767
-1262465841
716625399
1006075337
-1940793771
-896807932
-255410297
-1088329525
982010598
1479450243
-1829536585
237803100
1575003766
-1115863964
1492156457
2130576650
1480899358
289227347
577469105
448484428
1334301717
-50917501
-1876433865
-978262642
-1031093455
-1893437726
2043653857
1196456588
-2141928788
-464607347
-1183217551
-1857362717
909258539
955469957
990334443
-102982940
460742140
-1338137693
713397626
-1500625493
-1215425633
-99775543
736064147
-819487632
-1645977977
-1801133478
902289498
228860188
-1963730399
-286879765
468467269
-1260482017
452632085
1721402426
261778175
1302406528
1835490763
1843706206
-1942124146
1578492212
1148877872
-347294144
-726340425
-1821137740
1727928249
-1147780023
-1983306592
779728841
1453609639
-1551676324
254429879
706015913
1892375437
-1264447738
-1515411502
1168560967
-1386546673
1523198964
-181987177
-887614489
-798514197
-618779483
2024330270
1231394544
-1283236291
-661748129
49445076
1475329029
2070212350
-2143926425
-1451719774
-356421034
303178445
-793189525
2146669901
2105908274
222440178
910938947
-1758689
-415852576
-2139531361
-1735525416
-188897337
-1661140561
-626019721
1392119908
-1464146563
1953497932
1550335316
870343643
-1771793815
364561491
1966528837
195550632
1895702085
-1706045401
990845397
98370972
832309312
-1240693498
-2104063854
-1567532253
1761916965
-63184809
-94823219
-805540936
778257852
-1459012538
593947549
762535066
307548784
-135736686
1959679018
-1327309889
-616605391
-1316677467
1154886695
-1170035703
-177530724
-853718812
-552619872
-2076622665
1296431960
-483218104
563101429
-107406307
1053467330
-1222148307
35592741
1539892631
-931465269
1414230122
-433864624
566389435
-856136159
2113876385
-102394762
-916193331
-767416948
1935247831
-445259644
1888678775
-347851366
172872518
-609651823
1483016633
-974655617
-973278863
169304164
-1921895906
-813608395
-187231111
-1402560455
-456200912
25324779
-691675729
965516740
272831789
-753890404
-553928343
1530588278
1968700921
-2018702851
25068057
786083838
-1659625385
1239281819
-1622097765
140015634
-588659629
1088471108
-1635902003
-370437010
1472290562
-869003354
-226174620
-1120918244
-1352689810
-580198602
-958440963
832269046
-302897462
-1031354541
1846422130
-557441943
76417005
-1220254550
-1934362513
-830422405
421308925
77047515
-413505468
258105870
467475050
-112466596
193974779
348255589
1165580830
1737875102
1601911725
-384861721
838816242
-1079769747
654648593
193566243
-32499101
689684636
-930547627
-157737964
-1047557499
-617053984
636236849
15461285
-649510345
1059836156
-1489657032
-1795360393
-157310057
1621869598
-1701825424
-1588625952
-458461256
-1215338871
-1471526619
-209743817
1417804434
825169011
823888889
-1179995570
-105436614
2067323695
-1089952448
1020727359
1817687378
973555854
249389194
-1540851605
-118139710
-57979773
1185617792
270421951
170777767
1035997445
1715631603
-16382407
-1547341685
-1851134919
-293803215
-729690198
1840465623
-1739599665
-996451173
-1245993795
-1334661243
2117132459
-314249868
517525559
-86945255
-1783757368
1745481723
-1799189376
-1081157935
-101075623
368858042
1419539809
1303473946
-1600241360
-1657789152
-1735798258
213250374
-724739229
-317984179
-202441881
-990282884
-978210772
-1116067539
-395550086
270914031
-1322927599
-896941368
1822751564
1682500690
-993971132
-400699433
-155578408
-908892533
845205324
1798355609
1115864920
1749076134
828509156
-114732569
-1893356094
434625036
-452501470
252506502
1159702421
77624308
-250148133
-1824826436
-1255522860
1573881624
436812101
1779832869
102866514
-1941878612
-1136631074
1237216198
339291184
-2075870581
1745944461
942816866
1522703524
-1308949837
621542406
448889100
1807981563
-301971981
139563122
995813885
-1580056864
-1464141342
233332046
1892161959
-781138978
-1141251565
-831589742
-941720311
-1146787549
-1470616442
1731994902
-701791931
-602711418
-1620942496
224712241
-940053393
497417162
-1007805986
-2107371101
1558671271
-902819036
-624840057
1435280820
1295435369
796170234
231238817
1178179996
2129393443
2133273069
-421350683
-1708841435
1534167303
734950425
-1138133643
396629134
-464600286
-1034747749
427217165
-151148622
-1774434131
329859155
1635087737
1458991978
234202787
-2085762326
-1097105594
19318318
-551704941
-566813930
1368176828
-384071422
1553234614
164645660
1370191371
1204468111
-1073998012
-188443242
-44138301
1641210511
1293438210
-715415946
-452606327
1821324910
-1300399841
899860554
1694416647
176173102
215604801
-1239410240
1404353828
86171274
-229442855
764376941
-1077371019
793722206
-1187942210
110310857
-1960930318
1238909253
-1918152199
-213039234
559407852
-760317565
-1220155682
1114016737
371848510
1869638693
-733658789
358482368
828574146
627183719
-1842269804
894558814
377507335
1819741013
450654126
1443948731
62934592
-407792972
-1227616534
-815642345
64483454
-724428255
99257846
-2041111367
-1122013407
645017210
905123967
1147160044
-596638068
1751589758
871812618
-1408233398
-129873385
-1662027857
1853301252
2082410812
-316124087
-336063873
753772823
-994046784
-826390970
1660207275
585820094
29811309
-86062458
-442920223
-247794149
-505231693
-7303481
1954087592
110103815
-1871950745
1643964740
-530251392
1621119083
273416831
-317776601
246371912
1067805389
327592473
-1268846021
-314053409
-167653843
2018003137
318804965
-729940978
-1246188014
1914149619
2029972308
823338405
44238559
1752148702
618981623
714994915
1142769258
-1013608597
-200445649
1915445018
-1467061810
-1990420612
1001971782
1105537683
300065920
-1645517448
1231182238
-1031970898
1361110176
1287175943
1505646125
-729995186
1642317969
69145882
-563141080
-1801993869
1106500043
-967702483
303258110
-1324850393
650780911
493972688
-1675803001
-989052258
1067411227
-2111204254
1361188989
-856157544
-2011318145
1158209056
-1807602902
1668982282
-485557200
-1766927267
439588451
-1114334980
1320990012
846813714
-1718409292
1357325236
1667383549
647539865
-1917895972
628784148
-531355982
-205832779
-1941756549
457075008
462703691
-1039226411
-1294915063
-628232829
179577987
828591769
2025072138
-668390797
6498868
-1693170283
1323396991
1185342290
1629043942
-1104296108
686200223
596722103
-1875791192
1298676383
-1959397177
-881344403
1455764259
-1020365826
1955622318
-797286246
-2082623509
239724926
1250516956
-1066365661
-1820258792
-231219532
1862674268
1292914767
-1396419307
1960234242
-714046032
-140460118
937588407
139168792
-1923121660
890028587
-110164848
-1343095107
-185008986
-1797679976
-395417979
-1843050545
42074550
265728041
-1885182306
-353907832
-1447410919
1754462059
2146641437
1429438722
-637830733
-1040364185
1204408273
-700491780
1826868692
-296420605
984849323
-141642018
-841607438
-873429337
-1694959727
-965978886
1343349401
-2069372382
87943538
-2117995244
1859155615
169415375
1107164826
-1638743004
1609777819
1926019059
1527209030
494297177
-106728298
1286738793
1497220475
-942748575
1695130883
-692029312
-903370221
72602343
524275180
-939113180
-631991529
-793600419
2098135406
-1538537157
-1026719660
-358053638
422417255
267567185
-1581970648
-554931962
248097389
1948336502
-767139172
1370086741
-1636340735
198265190
62878903
314990096
1230583811
4997866
-894183151
358618555
-1328830615
304886142
705384613
443729522
-1220132309
-781032908
-1580732693
982466421
-994238335
635291352
249380902
-1370085657
1826548560
-827760813
35848442
2033130450
2068705249
545084756
-234669247
1774285934
11156179
400797228
-1540563938
1078205602
-30544301
1882961657
-1886316719
2014206155
-872659063
-785019130
-2071778356
-131370821
324470613
-242125710
909598087
-632322301
-386584006
1265940239
-145278832
413933685
670129050
1465939339
405696869
-1643700252
41218083
1156876501
1767175813
1079982637
-441896055
-2039791175
-688912572
966076027
1372448117
-748626739
1475175391
-616493371
1625342396
1128517776
1463347919
1733297307
356536276
-436643377
-1407305887
243105314
-1855474301
-1810634166
1611470214
1148788573
1636335832
900685207
739303143
-1882631251
-1834836641
1105270855
1689785660
763329434
1879697551
-420973242
690671070
-958745901
457972103
-147970681
520340122
-851283341
1918955513
384263648
-378987577
399676293
-1204167066
-1810092238
1277118362
424048074
-2090490997
220054732
-1943965000
2108247737
-1731229926
1919763728
-202344948
-2129795898
-2065093203
-823648169
1401048538
-1410319641
654915575
2114624018
533294612
1795682387
-1732763332
1651947569
1298958316
-948283252
944247042
955270343
-893610838
902270880
1789629448
602195438
1333803454
1706954410
1598713975
-73363481
587782680
1484031135
-1328346793
767579526
460777655
-352192698
-889584316
92330700
-380088192
-374837112
503393377
-58413611
1243940176
-1884898327
687452555
985795060
-674557356
-936773546
-2109383983
583616796
1287436695
1293943328
907885860
-1078556799
-2146928420
-583534264
-65274038
438787454
1831602093
-1284610051
37017624
-71838791
-53435724
1951845730
-329270304
-82315900
934295624
808226963
1876323623
-268589690
684214858
1892786153
-700095333
743217306
553163058
-1602142083
604947523
956865270
-914822044
1029820907
1944898040
-398163057
-1921872952
529042007
-316377837
-2088601156
1119829657
-1364300107
256922471
-836734695
-1751587973
-486143164
-1562990223
-1212809299
-199100973
-1248481190
-1633850930
-1862864305
341873747
-1603127449
-1514033172
-1593818300
1456135379
-1435331533
977252868
1059804973
1578938727
1689564778
1859345991
1625138207
1344027309
785416026
1109989207
-1987500269
1601420134
18731002
318325752
-1888203904
-233010873
524219181
-283073017
-400152250
826294033
812705864
980593834
-2051130162
271743967
-751349295
472004040
2035088750
1601618878
1595018377
-831491397
-273353199
-1544858238
-179916115
-887561148
-51231722
-1838478889
-1851224201
-1964203585
1864409209
-87715946
-1846688021
1199464343
1568036656
-351364775
1036563919
-1243354885
-907226921
188338257
-1746350598
-794230575
-860515698
-637362090
141980369
2019220971
-651896799
477901119
-388916722
1691530872
-1700189078
-1701371533
1184052419
-1193734468
804889587
565171648
1162716318
-1658667261
-1860526625
-1005489558
-880230034
-498866990
1014181641
-964243065
-734383386
-1975241888
-836002963
-1798042999
180560543
-1253877948
1974436295
814243612
-1064793501
676553070
-843801223
-1270767310
-791960920
496659803
97600177
-445159845
1841050969
1345058436
-1883506486
695573593
-518596388
136155415
1073731315
479417075
255678288
56752617
-1870166258
774622985
-1781021162
1630581162
488313561
-38978840
49353107
-1888512167
-1794449581
1450280927
929694003
-1225312774
-335250856
-162835182
734656432
1273084294
615784078
1056567181
556069779
1973403427
1553994116
1515503516
-1388145670
-1500679019
-405192681
-1792034983
-240507492
1467333363
250527000
-83913083
-722207734
-937934691
138937899
-715253861
-184509641
1839384173
-639356175
1006328354
-1279625926
1516045356
532312681
-1937039806
-1357954991
432660551
265976467
1947313562
-468047575
-512233791
909233750
1155353936
-314022564
1810262891
549780898
330773865
1070983738
-1484577965
-797293607
-2069460646
244861899
-1692860039
478488682
558317022
-756414444
1917727432
358155711
1903056905
1088995993
-1152641724
-1040016807
400757148
777860131
429549183
-1641609160
-1181389157
1271648963
1692034385
-102177153
456136733
1503229462
-1683629369
-1646638760
1617727586
538934217
-1096728997
-701701099
-1083304918
88027231
2098162021
-1480611433
-371671740
-860061647
1042845137
1908117235
1520417380
1319384246
408773650
-2056825775
736014393
-1467858428
2093663318
1442084888
-255879233
1467017366
11607803
965064775
-1112560175
2052173647
-1274640319
1574028837
1379616769
822966719
-1032762560
-2083844067
-1794006357
667500196
-832292837
1759495650
-248579000
533799602
469049717
-135038246
-465792513
-69993578
2107194659
-1838806344
1192972673
103120696
1064983587
9544811
-1282976747
-430070976
1909665229
191110966
1645180657
-602935076
-823131576
-195690977
58565836
784191679
-1588281282
675530125
1434559664
1943212908
157286867
-1160476884
2100920852
-223594061
-1966175022
-1386035180
-665853399
1889157500
285317673
1544234281
-669394316
1943009987
-2145541993
-405382716
1319312540
1080109282
1212061347
1009421458
623938437
-1506020330
1381621711
-1442183492
-609317475
512323387
-2093655795
-1285310136
570536052
-1435879974
727595122
-702794562
-595234414
-1596955035
847361065
666629902
-1922154364
-578257728
-63658839
-1172687952
1518407224
345428227
-1151953366
-852919795
988020106
-215499138
-1425015468
612228637
-1729033954
-22235395
-399342790
-1233483952
1227666031
463521356
381525126
-1047606862
-552595928
1678985725
-1128734732
-272028343
1937162674
-1832918680
414765059
76089281
74892813
510056946
-25555990
-243430326
-328137757
311008146
-364241975
-1716816447
327621850
1659034001
1941195808
-652169459
-1802242519
-1909814384
-1269019516
546282955
-1970677650
-818810161
811042191
2072113965
-1510852419
1231302571
-1661904360
-1200806113
1635286780
-1015272600
1221969827
-1846476373
556424557
-653731280
1482758683
-1171597667
-5403253
-1922754213
-376789314
-91334806
1616119322
-648499727
533447255
-698409139
-1175126407
-336844948
549676723
1106533810
906122042
793881281
-244696243
-1348320553
1186406388
-1067390559
-1598950069
1924862641
-407526825
2051328508
715539117
-204209652
-751322496
1423802822
1574220995
1972912629
609655949
-213767428
-551264800
-382280357
170100596
2096698345
899487308
589188339
-795568880
1479430053
-886465410
1585636700
1759901564
-106673442
-1201732470
-2040822908
608253860
-1466799910
1661414104
-279831735
-1233041128
-178131780
-925688298
-1243870110
486770467
1786360581
1282782319
-1735892608
1273163548
575504221
45465596
382754224
-1141101573
-437394797
-2113235334
-1432814589
586041134
-6161182
-1051926467
-732281489
-583724371
1172611190
2083578469
1103864055
1320656972
280139821
769570894
-750616054
-1191814577
-709880159
-28299188
-1897719512
-1800826557
1535611238
-178045032
1889069771
1213895435
-1572565872
-1844756092
1690792068
1536073529
1502681719
603616758
-402577309
-675525474
-1629154371
1304458003
-1307199844
179909667
-1591587952
737246778
1420688742
181859546
218711084
1052114995
-944287962
1086580047
-223991901
1298172072
-565371188
2008352292
1334708448
-1298393901
-1880960387
-22804004
12628200
1789627768
-916087694
-960133642
-2122089373
-1488015338
589856287
17342781
1053691227
-714090664
-789915241
-139275426
556389698
-620669231
2070689070
121604539
1030863673
-962044439
1694897503
64275838
-537959793
1379833361
1592725744
-1273297168
-1591224953
68350014
693666644
-1739056630
813799518
-1402645101
-3505841
177313868
-1962252149
-1407176864
1396175840
192230349
2084777032
1250818635
914292058
1158815635
1614599761
1090017484
1453853907
22030628
28918251
536959198
-1334295614
-339323044
951012135
-765533966
-1491987997
1851531905
1036101479
-22317017
-441898146
-1690461804
-500415967
-1786847816
788348199
-967046935
1772364258
1429480374
715195303
-499517959
1356994966
1357529334
-2008438884
811238519
139512326
-1616425396
-1094941379
-90597216
-1965377631
-1034558728
-324025952
-1993127209
-1252165506
1054295136
1213485664
-426344336
-1743569247
-1965269761
1283873658
-678969909
1754546812
98741917
-888469641
-1462336091
-987377223
1037153216
-133087792
-1791436374
690292278
-1870109598
-962798707
-486166451
-1833473712
-445525533
-841330130
-608144420
-1144256668
1613958720
-690827057
603250382
1816467
-1342975355
-287876218
302238047
796892100
-790194048
-545557233
-1820935074
2078350574
2127305654
-1889648981
863591749
1282860951
846820763
-1987366332
2004158346
-1456034665
-1054390020
-1708533035
700196660
-778327519
-1245466433
-1731842296
1123559600
1432240387
1508369871
-2131660256
-85585436
481892908
1756221521
1804975896
2098927748
1822204015
1353775131
-1001086452
-1068775003
1375326853
793348197
-924097576
-752511345
2052698456
-1262003519
1931340798
1920195286
1468452478
-2090975928
-95200051
373731243
1147322115
1741940757
522046910
-1738334097
39417451
-955034121
312002592
-1163291512
1568722422
2110813281
-1944032776
-778534280
-1584219099
581066405
731730722
-1428242389
534052989
2125043809
-1413496645
55706767
-1377220726
943389497
1481013954
-405574038
1538067238
492784582
1326741500
-1426774937
-1023364358
1954720205
27417625
2060542577
734116165
-408006733
1434924052
2025097283
817616860
1700418864
1755714783
-1270809281
-871267983
143419715
105152574
-556991105
1658596119
1272166245
271037426
-1893227478
80292357
1996581889
-1340782822
-1292646648
360720793
293637154
-453658154
1453094743
-1226015328
-769190802
-1583490259
1490041822
-850209580
-461008046
338569520
1470978115
1555107749
-1168526722
172330847
765113753
1384005436
18572180
-1573443766
2137931837
-608366404
-1360813029
1514725243
372952801
-38590262
-1704522567
-17093485
1110238953
-608423089
1454219169
1186474162
578744821
2128063356
1741982281
105563420
235059390
-268656626
-1581396384
-1402670568
826750757
1697576914
391972351
361095451
-666952311
1191574123
1620031262
721405222
1656591192
420225363
-933041591
569292140
174329576
1063023903
-980485998
2011731510
-285911417
660732678
-1106393911
88615947
816774864
887223971
-1002515478
376683787
-1467221440
-1212021767
-1420822314
-2002656101
1365773832
377966008
1759020870
1504017734
203767844
-979606594
1442857468
259245282
-1049521492
-666929696
308967482
1369841393
1054646377
1037235945
-776927625
661330250
-1613631830
-1587090462
-255709616
-1922001159
-955905960
1911647123
1043298748
-1416936094
-550390200
-1408167350
1185619332
1736294316
467134672
1788636634
-925593871
-1685846949
-376953188
636331494
-1202962234
-361881281
1641583809
-2096503713
-1424901264
1113536908
2003823634
129516106
1554941052
955533898
-886509646
1603550406
65243464
-907521809
702429419
-1000081843
1622540541
-897468343
470182973
-1044723655
-1256982084
-496029791
-768201800
-445323126
-921172714
-1132965859
-987866483
-199153690
-529090622
-1194806170
435324386
641338336
1209528457
-303929719
-561215770
-1990211204
1015618180
246335522
1751101990
1675158514
722787978
-1712105289
262088734
-256412750
991950819
-337510815
2048924433
-1000515160
456269888
-1412254544
414850588
-201727295
-401783057
145671632
460640648
-885022804
-878409910
343142887
1173586016
-1975946011
2028442224
-994563903
-612072637
-1374542098
-1217494985
24951215
-1975288709
-1961761057
-1034077344
925506987
1545257293
541696801
-1080754932
-226771008
1684112530
-1231282058
717065071
-1481283672
379164294
-112124101
-770232381
1341270710
-139932193
912199921
1017223038
-1980299530
202862113
-1940119047
-1053616954
1441893522
-190963920
869243806
-1344343516
-416466569
-605861338
1168695897
432065912
-632263881
99676006
1630639183
-1708249556
-61076688
686377457
623152158
380553900
-1263052562
2014434296
1508625368
2083467541
-1253869875
196182193
-89942961
-957823188
1426627811
-1162330259
-1885262702
179656081
-1765206500
-1947001878
-601875016
439587379
1659136933
754028517
295757531
-410690042
-1648926067
-1040852492
716205415
-792221197
390836138
1569942929
-595612268
-135317744
-1863023175
1295765625
-1624805584
951363089
1604542920
-1960085193
-2014575967
-1427273219
1217575384
1127056123
1133595178
995586596
-1080397379
-1211741521
420451181
1270161231
1968978505
-1782429365
-218233552
2087540793
1437875881
371703656
2014291299
1893601598
-2034449394
928974355
-179553439
864934738
1551474575
-280061724
-2021748106
-1282355660
1730848333
-295359154
-1863982943
-132816414
9599960
1616735031
617633178
492890959
-378445104
-533980470
-123660778
-288706477
1783231439
2051201932
1763977032
650102498
-343941498
1482602669
-801698133
-1479986304
1732188453
1572548256
1509239294
-1288635660
1704731136
922187245
-1643969648
-2105926853
927217519
-410704059
-645650755
866820031
-685856267
-1135309610
-453297992
-1666825016
-1649496925
1642345697
252467594
-87335374
-1005107266
538876296
1310069081
686486880
2123977119
2043277804
-1357558291
-640658832
1098748378
2096857207
1015886960
-2011470673
-35949918
1732309621
-2072786060
1349828175
-540089237
541566185
1689305402
-1470556329
1270241233
-772611426
1523307057
-182088742
-1640238664
978284412
-2126736452
-68351637
159079859
2078536988
-207247560
1043505104
-221781335
1086530717
258054461
-785667852
1991024054
633184696
-9965277
2145909794
1576732494
308218641
234173639
-202530704
1700406952
1900196816
734585998
-960974216
1930106713
268558960
410563497
1214738766
1253950782
-1077499690
965247130
803579565
-1214578017
-324294235
-622145033
2120867443
-1621664624
734158544
-1283073170
-2041962161
1081364890
-350309008
-946516216
324347576
671862427
-975170858
1367441073
876098080
2061243882
-1659037980
742953463
-1740042391
-1341623106
790146968
1226757138
244245143
610626255
-42184215
1085759012
-1722040633
829237309
-2101580842
-805920319
410269792
224626097
-343317573
-1947953232
-1847499129
1761532609
1149286629
-640903437
576522200
-463645031
-1552475799
181737476
286178898
1466220246
-1343389391
-1371936671
307009170
-215697227
-858737065
-688418230
-1853862333
1085407340
1472444085
1230961865
-1233777196
1752380119
489351868
-1493923854
-1922004628
1363021143
2100769156
-1687279252
1051311386
-2094118921
1519196709
1759005999
145143889
755854799
-401220028
-1558086002
-600298350
-1229629523
-1102253584
1623793016
543732587
1431121137
1379286190
258843642
-1825243233
-1445261640
1448497106
-1413791737
821652902
2107822395
-1446564336
-1929132677
-79452329
-999528583
135886930
-1042989987
-949072157
-1588402924
-2024074293
611618660
-1990728443
-647546248
1167695179
-1737089348
-437952905
-427815102
902315476
369507081
-15459161
1581407966
1515566190
1343212716
392576426
604289906
-1825003209
1888463684
-944801936
-1981195526
1929747901
-297309833
1878520377
749294259
-469561712
954898673
1569576520
-1471306563
677747217
-2129802580
-592084779
-658963461
1764180112
1473171314
1324586055
-374377923
1653215638
732036255
384522146
624368801
763878014
-1406633685
461314366
-150988235
-545936822
179295976
612862137
-1506348831
104545971
-1875149817
-279823314
-1627388796
-2064929151
-1862491936
-1889086298
-132623268
864937245
-668604943
873821646
33172138
-356990108
-95173081
1682474218
-777346411
1771043261
-795645604
188670729
-1136711602
938209133
-1230660831
-1720510854
-679979148
1212697385
213117372
138876798
-1312695366
-2101743380
998912372
-1269582786
1455241159
1961265418
-490268661
-323633153
1199019613
1610933381
2124037259
1688371603
-1664546372
-1769024865
1322196805
-1154476782
157146440
885144496
2001733142
1389737162
-1244603031
1922602297
-1824759572
838016371
-163071566
683213624
1801613960
-1897037402
-59710139
1163573949
1470382468
-1604075376
-321611404
1330805181
1959531928
-471673886
157343403
1038034981
903152920
379496715
-13451378
-1200163278
-1527753024
-750593623
1092422238
-1273525249
-1646740556
556922684
-980466528
-1599005089
1687201217
599875100
1938142464
1248689388
-1179042328
-1637170259
559261554
-451842721
881049373
-1127484464
-1078505575
-1396185054
-2112407221
-1109364324
1168174444
881592867
-1084161892
6811469
882710551
140496875
-2065281802
-433598084
1132483358
902491630
1083297224
-203083376
1962955208
-1459725788
-136301051
265818996
-890139462
-38905128
-1585773456
1328530057
-65663519
1635659455
-1870590950
541821406
1269995157
-1074421173
1370521896
-104186978
2110620666
-2035669439
1134464474
-238666807
592254378
-1731576951
-882592824
-1816460761
1147206288
1288915012
2129427821
32262008
268257302
-1423496669
-377076759
1744196080
1525366658
1236802038
-1493168894
850531553
-1302952547
-1789479805
-1321351829
-1928390726
-888950635
-1248379751
-1532732599
-1523558353
-2117644252
1778412132
-188908302
137927609
832754672
-947430399
345112567
2030429249
979301429
-243172524
1100297316
2112027671
1976664224
846097689
1021028422
640765224
1953937790
-192324295
-520347796
1518106480
2045024021
1496464478
1134674802
982276781
-920607918
-1238056247
1287835643
1696696148
910641572
1241271394
1121926973
2136165064
-1602371290
-1860115952
1608465089
1564854985
-887753469
-240450485
-1117694869
-295574486
-1990324459
-533656850
-1245393992
-1684029242
-1140094769
1103769169
-1455660217
1779456180
-1010047395
-117404265
536513178
-1377742151
-1199341559
883738179
-1135615971
-572917762
2053438944
54194449
-710848666
-1945686270
127035797
-1266542589
-408203331
1228386769
10680996
-447448647
81528543
1430844278
-294190918
1803562501
-152677377
962095277
1316327507
1415380926
-1169422579
2046044125
770037157
1820168148
415090745
1637946436
-607112772
1374098853
-1491897414
-692320141
15828453
1955877006
-1366823478
1444852733
-250785456
138247875
705671925
-1924652949
-560888592
1068002659
542222483
-430698126
2068394406
39908806
624816531
1426830439
-1660324707
183204889
-1682519175
973951730
1981171191
847790893
-1803831383
-1766851326
2092109224
-373839477
-1815644955
-1658626560
103621282
387752907
-1894413037
-476368570
233609266
39585829
-1869841597
-631698990
1928986025
-1821606072
1507175921
1113481526
-600968130
565456490
1560078726
549200339
1193918259
-1097961824
1938083620
1477713990
1183199797
1436886383
-361329757
-1305200607
43557384
3052194
302969557
-1376124963
-201082013
1742317405
1359710993
86591503
-230398952
1346386545
1522420975
835639770
-523695496
592948722
741808975
-1771296604
-182188300
1405999623
-1136773216
-1765807348
382727175
1221153024
868955742
1674235675
788996179
1583435949
894973916
1810808249
-1013088502
-158141203
1495886147
-352689823
-320947569
348028805
-6483494
-1797659624
-2107093668
319867186
-518475641
-1816061798
1209124133
-1964363776
158068117
1328710359
1618187325
-124414244
-355834697
-1618349155
1757353273
1018645096
-418804916
417901461
1470145746
1006952206
-1797245213
332151155
-1592855025
760503383
1723435010
-1736931479
-1183251293
-400406147
2038775075
-1745826852
-34190957
-812421314
-1072975362
549605721
1261639196
-252681485
-1964241139
-358659638
1410152658
367406816
1791978829
-1997070108
-1586278132
-206001204
1908666945
1704788451
1096512639
776495060
106899515
-664501127
-1597240536
-1852377476
1870075614
44545283
389809519
-74275322
1580589022
-1255609347
-432156535
-744352250
1849943049
1995843768
565882141
1391434550
-2063551349
-1675959479
1094339626
285990022
1501779053
1179158980
1275909671
1634547063
866029150
-1486021462
1458290795
-1059952215
279863990
565354143
-1274538801
1659141554
364892599
282676064
-54325359
2044512560
1207207445
-2121676301
1488467834
11638305
1914184632
-1420046817
-695315389
631038321
1903509183
757128478
-1300830411
1140199636
-1470873912
1204431249
1251609102
311472597
1517204078
1312537267
-1389963221
73373231
1397085970
1456362193
-325138973
624746843
2146654430
-1050359559
796166704
564976490
2046267143
571525617
377323156
-545612524
1056487505
-1886505878
339646777
-1553274608
513473496
-1516534667
-2079562406
1462945445
-338611700
-525794762
1032297954
262451584
-1501382147
1774168022
1836469842
2128638664
-1922900264
1109127870
848535015
-427886737
177902000
-1123544063
-907106053
1400158155
1890417538
-817613799
-1928131413
905610340
2081401714
1426243029
448530617
-1670001649
158426459
-1519786862
1400724404
-1504268485
756733062
-1410672216
1557871958
-327977846
-1660311880
265446695
1090329388
885928611
975098737
1753077187
-2051212420
2032845638
80417651
64650252
-443569566
262689696
1133300865
-1132124959
1038095675
871572960
1836741992
-666745050
2067429447
-1411885047
624997954
-304162636
1649033865
1146012681
1504430329
-1642791279
1199035378
967134475
1548213770
755960928
874609086
-1481101815
1427933579
618039067
1648184604
320085412
407075950
1940135678
65525780
1124555575
-1218769401
2128663750
-969038683
-1676805847
-1445373493
1677180443
-1810097619
587724930
-1941113511
-837083830
-1605874419
1367148992
-68910402
186040374
1698735244
52102891
963027700
1014291088
-303531269
1910078183
156765356
-187052219
-1685382118
1912457736
-1096430771
1187945784
-1650080326
-1092562965
-838473157
964223793
884903587
370148995
-2103373732
-331698412
-1920444489
1433504370
79417303
186879061
-755881129
-1548513127
1899933214
-423656021
-155013372
2110071026
560474158
-781709821
2001111881
295643804
-723241195
-838466377
262335961
-1551743689
1513691316
259213567
634096115
2017375089
-1171169082
-409104217
-282215667
1516337889
1055364640
695432706
-1843876432
-763714285
-560472006
1941958942
134525601
1901985251
1369475309
-1666731976
-1571151807
-2021596402
576870014
2025784178
-495294922
-1683162875
1363018202
1692815298
-858507447
1047058693
922504483
1787182381
401993105
603262051
1757576811
430183477
304057553
-36902612
-896712002
-1898316144
-200800482
1937777645
1145584997
-1010426086
-1667258427
45296334
-1036466327
-1438730997
-1982609302
-194929179
534160214
-1933001108
-604621708
190806216
748005696
1420938694
2125258408
-87375516
1087352586
788858653
1232391444
199806988
1982738661
1352562716
1158504237
-284719916
-286818793
2115977105
-523283909
1672216096
303787517
1639462938
88418293
-421682057
-304619182
1978145312
-1097804953
-1275748452
957191089
1822771461
-75182053
977799391
-1388183208
-46481511
1142228856
1769828016
-1722587858
463654865
-1524225948
1690860916
-529526009
-241063494
-1761061583
-477306469
-760040923
-544416342
-1319875659
-1312180494
-202826751
533482937
1353739194
-454354635
1629741899
-403422609
1265975193
-942954008
-485963984
-2078304578
-1216386272
-1545068698
700618458
-1741934798
-580420
592720185
1141721404
-1913966490
-340550444
1612805548
897928463
309962937
778237810
-136444769
-45263593
655204674
101039144
-572918887
1166943402
-1378956800
-1244209103
-1170211037
-91742094
-250530474
1168625365
-2013334189
-718887055
-1917069643
1263146002
-851003994
1702983749
-2146715494
286690680
1127537171
-843536723
528489915
-1287895724
1719295324
1499194699
1523253628
-1149281264
763679398
-1453971541
-228283480
-357391399
-968162740
-1000152957
790121308
-1229139326
-1618608145
10641468
1019923782
631532968
1276972497
808916912
-132357873
405525781
-988028573
-1993489611
1654153749
1798901609
-1007674084
1955512794
-869361827
484130039
220468107
1503075568
-51642680
-2105944852
-2003163217
-319028277
-1499949181
-1479012170
-2136121722
-519847990
910352324
-732354142
-1160710685
-1502911341
-921110094
-1952953145
-879618940
1606467747
-914707548
-500078302
-629414045
491540997
1076801422
-842646526
1636810828
-685816991
-1789327945
-232964186
-2063070801
-1852459720
-1401471313
-85041117
-1271520329
1457379181
-2122125184
-1664378229
-122126694
-1441229050
-1297495261
231860811
-548960718
1185997875
1695416373
-89052971
1110258381
483579024
1526264298
1683997566
-1973136576
-893639257
-1173004991
1220111272
-1499863998
1446241208
937784185
-1164565213
1837302
-1441843013
754751171
-19310896
-228099895
-1517967451
1674292792
701415815
-1547864450
779565034
-2125839091
2099609914
-784751482
1223382339
1135995140
-1187546022
8407700
1295476657
-649823195
-1504844423
965927025
-811046976
-2059571794
578401072
-1511919092
142275344
683216455
-123653566
1133555924
-1381915376
-58428551
198317569
-430979510
1636939789
2124127841
-117855504
2004499409
-2025180565
-560801376
521867177
1450740680
1682580529
-597458283
221616128
-1105514534
-1318143798
1402974670
327925353
-1663090540
-872799991
-2058127686
907888534
-1574634953
-1668245139
-2079221084
-164791196
-1165411633
-2096557914
185933532
1926798839
2131774851
1740845655
306178614
-1152780253
1994495791
-972236259
-531473992
-95013363
-1892091857
-1556270384
1782491278
1767103762
36435837
63702536
-449420479
-515501594
-2010248450
1594884066
1883200040
-66319360
857772312
-1414075644
889243422
898226997
-1720692857
-21550883
-581920140
1961190307
-41186447
-55973327
1997808425
305968080
790171319
-294523948
159811160
1810438418
-519459187
-1911899211
422230513
-1313565136
-819779764
1134086686
-103418197
-627204023
406610310
-1114453191
597349689
220153332
-984583077
-2057229099
1194101435
-927849304
1108277514
1683530858
-875235209
731697246
384140234
1472272730
-611351864
-126840460
401036762
904556409
-2071600298
-587621164
1689623767
-2040203825
-1857328506
-1355273643
-2065968307
-192184932
235299892
1047137632
-147253617
-102146661
2004784031
1015198678
457737674
904324491
-184354140
300527409
765984344
1976239594
-561487825
-264885271
2002635089
-876007421
8735214
-1558185192
-296546712
-1715555797
1445420358
-951774624
-1769857037
78844999
1271487370
-1360222708
-2085292981
-2057095024
1984965994
870269301
-1935581099
-531151718
730378665
-2063760986
-2030704800
-1451256175
-1559805166
213210691
1237529650
72698566
-1985664596
1695542438
366710621
-968944279
-87594196
-586110646
1401087702
-1245481832
358461098
-339750036
-1755366713
-769818984
1178544024
-2050894097
1866630051
1549389921
-2122925073
1023819903
-1083939461
-1988796321
258922922
1562892281
993215632
475019638
218148727
2093579530
1464438568
-1293786553
-42877780
-1026446826
-1651683163
-465472335
-1096422281
270582106
-1907531310
-1192646246
830189657
1769769044
-1030698368
-458924817
229297621
338523489
973219921
362434024
-1462381724
1886434216
455749331
-961273968
789145771
1907097910
2085197008
823647620
-1763447313
-1015100566
1867776739
549751034
-531423544
-157405805
-1181558962
-1069485563
1098689556
522171863
-1601187061
-1770561258
1430389038
-374270890
-1487600608
1692652742
689875040
-2072438642
705724727
-884877358
-534510955
-1656708864
2147469933
1295201125
768362067
-548904684
-982523031
-836173411
143260135
-1575313095
383548081
-731061177
-258450207
502685008
-603344328
-306158611
115635394
1550017866
-1684447942
-1293632749
-382881549
39150607
-1772763316
-205680196
116939257
-415371103
1517901998
535129395
-2049228825
2144079233
1809558499
-1615669241
643128339
1712962129
-1419646845
1679394390
871324172
-1846641734
261715791
-658310578
-549962805
482868623
-1891540090
-1083282191
1567329575
348664626
1979186550
1986002711
1937955470
-373646794
814191189
832796345
1079729906
1314423621
2057719121
-1335423892
-155968256
135169348
-1733650971
-1460204246
56088471
-2029814092
1576435565
1059804248
-922116745
1363396955
1911692796
1453580803
-1845371847
1157202979
-359279507
-196996755
-1321914754
-1866131647
-1711083593
1830826952
-1686283925
2094487193
-1782963322
488739649
1162882388
-576657824
-1629176826
1481712191
-2076754506
1342227971
1428068609
1357208300
-17390485
1494623559
-42187221
-1809575181
998261784
-1082660944
929678524
1657358219
699678185
584481319
498326079
-1572854347
-1396273536
271769302
81197226
321770177
-701692374
-836758698
-1781787731
1136769301
-210235309
2083665164
1329395534
-1053336271
531365436
621873103
865006517
137494253
-1881683734
836354766
1640755780
-816149755
1560378977
-1848227919
-1486927894
1999413463
-1706045934
-1857148931
1914493113
-1519931286
1222338705
395844796
1918787765
-1771735886
1510614666
232313948
1298920942
988237329
-922670347
1598438103
-433973296
1375748385
-1294306168
395616276
2115559352
-589718096
-1088581011
-22716276
-1716181301
1500287499
-1782419403
-135990224
-1899645693
1915432575
956329227
-901740662
-1260663414
1463262492
-23383508
-1720089822
-1582322614
-630156868
1770126486
-1256217310
-673789756
109459011
279793151
-891252419
203092513
582686503
242366728
2070280907
857643142
-1926704078
-1824408398
-1461072584
116119468
882416006
1262347024
389674655
-1747904849
-1384405790
1718982462
-2074363727
-825798363
1401969442
-1959565679
-912743461
-422879887
-679169524
-2015715057
-994205528
-1084963751
900657737
-1315861215
1391897443
1235877334
-587065936
-441539961
3679744
242951979
-1007467062
-1194721141
-774839237
237602361
274349714
-1900833927
-1093773823
-843878896
-1750165124
-442393267
-1618054129
-777955127
-492813128
-1007512146
628183769
-1060484462
438938295
-568814309
1851162540
-409808375
-1457631763
284409699
330337302
1789606350
-1004479271
1195663706
-591697019
-1954103469
253231682
-701188663
352880429
1779360501
1525249474
142968230
-1369592785
2075338064
-591982456
-1595402364
-451790857
-517552690
827451992
-171761076
-622319899
253974145
676578006
1111996205
739567918
748697907
1653553924
1838569169
-1358421500
-1218684486
-1148476663
-670849584
-2017676043
-1617380977
-1245093836
1804563561
1296221584
582459553
1909993279
-560460433
-369652403
1398638439
1494795991
-1442905984
-154522706
-504492492
-1701339557
-174859395
-700787551
1527813582
-351871772
-1309898955
-1498152664
-2004005568
-189156219
890911587
196314683
-728971026
1508093395
589643226
-1271679508
-1118734614
-1367169113
-752295682
-1188892980
1629717638
-125661406
294417782
1656372621
-1801647830
-266988560
1584210719
1835660520
-1978824089
-936387375
269999427
-2128781376
-594989749
-608436139
61990410
-1778060921
1974020342
1609680358
1696699696
2066258145
-1219998099
-1693322485
707810807
-2097538938
467646894
157690090
-285601697
-1959163284
-36372477
77207055
843936149
-1778618076
-649302117
-1546682261
1927530408
197786500
1780954198
-1587909730
1234068610
2026200709
-637635105
-1641881736
1810021397
1124690287
1969865471
1585320637
365801940
-186206157
1441816112
-517407192
-234239644
1692936215
736771953
53124018
1895509651
1301770904
42917720
-754690541
-30422904
-231337333
-172155027
-1761907576
-1913598916
-901982332
1843979188
-1246867753
557220392
230083452
2018521483
1104491920
-1507445952
1991397037
828565430
-2109900140
-1051889377
-632451648
1113940920
-771525157
-1085461118
-57559510
185051236
185000561
316298490
2007141587
-382740046
30543808
790683869
-553760008
-170909226
-1628675307
1307677821
-1125915311
-1702014066
-904598180
1123146140
1353982325
1249697211
-1603659474
344485918
1669602685
-308943821
-1957710579
-675748608
1381903848
-874868267
-2093687314
-1731525495
-300403266
-402917411
-1687187977
-1095058498
-982197001
1116475000
1803277192
-700441318
968313116
-1007244646
-766970753
-2113504130
-1507378130
-172786417
975110584
463787622
1383972295
-5214512
55287506
2069427805
-1391414657
-552276329
695009848
917115058
-703199855
-1535900747
-283217569
925811564
800934077
-225691101
1043971404
-839011718
-378999185
-2129544234
471171929
-854641874
893288992
837823318
-1184877001
-649479444
-1999142149
1211569041
817115958
760874270
1515373764
-1883438868
1711368131
-1307368342
-996115723
548575130
-542291150
1679946535
1323389481
-736085199
420622526
-341666036
1297300413
987634554
823342541
2011040810
1825361844
-784352632
-150318985
-77534436
-1905104677
1806254091
-123059639
-637804932
643718957
886451685
482767685
-1101956200
2007499896
-1560393219
-1785792211
1453093477
-791984320
780063059
418336512
328485043
-13819934
1350256725
-1415413564
268833953
-1651037188
-213222288
997707654
387574356
1514609676
1857653481
1668223391
1502933219
1809110870
-529006356
553931576
49500821
-486770165
-90347291
-512328945
892632142
2022150567
-1603675890
139261818
1625776197
-1537000550
292050760
303871916
-844386310
-609809878
1043539503
1875703094
20463975
-1859464297
-846770328
-1683975727
-2025450635
763875199
-2057961668
844172634
516072881
2051253892
1062700394
-1009493987
665032511
-1498785749
1686966072
-650705579
870367502
-171566329
-1940164917
1535681011
616120140
-1976394986
1270514616
594555806
1186668060
-2005190038
1419385050
1306207227
1649188230
-1316341749
-1504294043
-795272147
-554614609
-1901534949
-81604805
1172018335
-2072765367
-1645268933
-1527405443
-1749541632
1774458956
-1828487379
1408176741
-113729393
-2065295131
-1963905350
-2117731501
-780850536
-1926479185
-51943210
-2036539867
182906685
1746980384
-1692442367
1293228235
-975397767
-846848443
1094432495
-1430568935
619984738
-961212751
1583931242
406888671
-1107359315
-188896078
195082103
-1079820746
-587701385
1581109190
-1611553352
111599900
-234867390
-584825523
667676176
655822147
852936253
80642943
-1621222516
1702031141
744950471
-1655040097
1295230080
-1222535333
-37658827
685917040
-1747505935
1818105647
-2084525357
-1779073560
1366035250
-856665489
1739599657
2132134691
-1119292719
-1296000380
-605517954
-1932386406
-1344804429
-2019465534
-1413571423
-1640611180
-1499600003
-1249133056
-125333274
-718150692
-946938059
2000692587
-1474238353
292477107
1912128297
67578007
-895716948
2132390920
-1432669425
-1721119018
2023993892
-677433882
-835802003
-898919987
1260313460
-1416360403
-604949190
1918150979
988253336
1579454084
2063878341
2058666044
-1525685399
1858299789
-473813290
1848862534
1372234342
-996147877
-1074847470
1162139666
-1450611018
468606752
873259683
2083446341
-105747859
-1635578326
-815944168
-332203632
-2002866418
1928314896
1905106313
24120574
-1012437936
1986891816
180875518
1029648268
-1843417307
-374057925
-680536304
-671845890
-1720380169
245762171
-1576363056
681946608
1368518452
934315701
375611880
170308138
1094687500
-1187578686
382650880
-120889288
-1326444167
1551357507
-1040765853
1635094330
-213781633
695930252
-1023391519
-1359099912
-301820235
-1780475936
425431286
-1419563463
2024134147
-803086113
-1617661909
-503305388
375630508
492472636
-1158793540
-842617337
1990709646
704109746
790858362
-882895993
1853882536
258782008
-1674477070
1614417367
-42372899
1761259890
-1642672689
1581980509
-1608073225
-1821172629
1913754748
-2047974479
781414125
-2038123391
-529734643
1558187448
-847609752
890751904
-1885807009
811623153
-764806269
479791794
-749272195
1645564942
-1386916142
1680251478
594951749
-928566586
28643238
1536860879
791713611
-1081166615
-1502482034
984176446
-1493782020
2052560052
-1698770401
284688403
1687386118
-537107866
1995162872
-59393855
1129617143
3496722
392825856
-90843983
1435153444
-1747101513
1441286129
1050091384
-327255349
-533909619
2095230234
-1845334965
975562875
1874791585
-1518649248
1212033202
-222856268
2035329443
-1976934267
297526907
-437311287
2085906942
991436716
169873649
-692897523
600749353
-17616612
-1240252083
302348334
-906091971
-48074940
-59775379
1041191899
-400406330
-797295106
578171843
1172165037
-1164031267
342838551
1323010959
5013315
-955274
1716813583
1663686736
1995227311
-170832907
952760348
423004535
1722360080
1750503431
-2057332364
985671518
2109376895
-1259987281
-1345491764
-1497582985
-478182866
1250832799
1665713179
1238516168
220455374
1160764361
1839534499
-1995008874
-1207333071
-448605132
2036055089
650742624
-288802511
-1802855917
1736864674
-611730417
967583951
-302954990
294373801
-1430153878
-437349986
2100141299
-1879698736
33473999
-1439955870
387921753
887673788
-1882400481
-1068636173
1327813348
623460020
986137082
-529654681
-2057428867
-1762491036
-64601556
-895603601
-955538446
-233372963
-1924307354
1369813249
-2108393276
1434157535
-1122399952
349227831
987959359
-485874854
-82341602
1695668342
-1438171957
-384915150
-1012113855
-1337473838
1193090690
-691656382
1539939040
1588371377
635290882
1846045860
-330144920
1485199022
-1355310461
-443449554
-133301856
-1754416449
1058663467
-2099891394
976615200
-987876455
1988109216
1874238906
-896486653
738379090
-977369633
1410190930
1977601755
970673224
1859881804
625887240
1232477925
-987819199
1151214857
323943921
-1907924611
-932173869
-1666546806
-513484740
-1107854893
-1631252218
-24366487
35718515
848699871
488950839
-668623498
-1563649023
2064598930
2116760638
116019986
1849577459
-634943155
-1639303469
97163196
623853826
-1218476650
-669090771
-1895031060
2030052561
-678432247
477390059
414514463
-1657777806
1773907339
67404343
-1360320717
1205627950
582238662
1337781288
-755232012
-491601787
1258325968
-102819224
-2065347338
1210549107
1027367981
-460315882
-512747612
-460093708
186895863
-1007451155
-2055247975
-2071191094
-202730149
-389621339
-2125410002
-1721020547
-626680505
2130127257
963001171
-1494528861
-962495391
958889
1473735586
-1054264479
-1530021574
2112090721
1965539249
630610993
1881347523
-454908070
-2068994137
-1281849627
-1168204289
-388619808
1264498193
1192562667
1574071802
1637292501
1101814006
673428945
933782265
-124401452
-1756721112
468300555
-419288078
456729497
-1820642084
1533423604
606432574
-1028799073
51226236
1241862418
-1164317812
1044738826
-1477709636
928998814
621474328
1681020103
-636764437
-1981941182
1226598429
1534546673
-2144685941
727241764
-1619572344
999895414
-853351645
22616098
-396855571
-1993190662
1847444818
819012191
1378357438
-867875334
196642599
1023136254
223269306
742948916
-1114719312
318655789
-1042146142
-660083642
-1177223216
1678999909
1075228978
-1591792235
-1695106475
1857610735
1324694607
974765680
-658028214
1757951657
1556821884
1551125620
-351784824
149050634
1837484946
-3344591
755703187
1632324962
1271638704
21386509
1330631842
160975462
1166415215
1752916584
-1989453057
-342617876
-1697087654
1470152449
92730001
1657214450
-225868131
1555160471
748337846
2036101348
1205285627
105843155
-1468986794
686632477
-1227116539
702244964
-1950558411
-1504721490
-1656293752
1874351467
442416775
-316556705
-1199236794
1617806618
-107380023
1184736498
934291689
409307799
179311310
934293422
1244128052
-505829083
393506327
-1335704037
714645883
-1946938491
-1729103256
450559241
1423850069
1562410394
-507306345
-560335145
-1027159409
-881384373
-1855768922
1972848625
864328035
-1288589396
2017146132
1887903642
-1830974487
-292973728
-1608219281
-430720789
857332684
-26111688
1978860589
885938202
1318782273
-963493345
-1591205956
-1642309633
-148955083
1124845882
-879855912
-475460652
2017728709
33363275
-457144293
1018001724
874609395
536040534
-1833810214
-404017530
184993173
-2090173050
-646010578
-1639466702
-1915258736
850531664
1060602703
-1698004813
475877958
1595379672
226968617
207030646
-377720756
1114240404
-405182680
580510754
-440645792
922791471
-491278506
-1841378015
810788505
-1331063377
492273576
954908767
-954910240
2088812505
-1573657452
1339884881
1367162782
553029075
-330947865
2026272569
-1711774281
1953430027
-717758508
-2087285337
1300693430
-1037091241
856110671
2045897026
475994184
-1191364514
-364491365
-1375835960
962783214
656814133
1789216034
-361952685
1365830382
1524163916
923699588
-1586881315
1907197066
639174027
1586161393
195069445
1972751732
-1320127817
1487137979
-2012930030
-1435618432
-924517862
340817446
1961587768
-1958289253
1602183779
-857707390
-348826342
582687995
-233114678
1377441404
-1048371824
-1819271017
314760823
1628211376
-1889364055
116066265
-44752092
-952104063
-606679053
1050992530
83419648
-1155102164
-2022483719
-146867154
1265644502
-667197669
-320224500
1047072808
1531703662
-731704969
999312454
-1137855041
1569328435
1947260928
-1839919925
1827758058
277701398
-1262422752
1057039186
1824188040
-605543759
649347132
-505174557
-1476648485
945829806
550137933
-1187751198
-1367062217
-1473817495
-786564177
-302350773
-1716713226
246842067
870162744
-700180674
1114538926
-464035942
218951308
-230776386
-1508527451
1969447814
311842736
730468533
-1004807803
-1427906778
1202631644
204172347
-598408885
935562411
-97307756
1024757783
1570156165
225238035
195568633
1737150085
425150140
-1430364791
-217050276
1494121273
869914926
-755962357
-935843053
318874275
-2122236224
94472781
1435488912
-831753867
2082522418
1475013596
-1603342418
1159860321
365943188
513365126
571430990
477165607
2099865080
-448451591
1924352290
-1229585970
1882642024
197612458
-440666680
416921393
986839322
-851159816
1443923482
-617371716
-1572327967
-2009477744
-2023287612
851953015
767334631
-1614037486
1074168598
747507268
-932295527
-498753804
-525257190
-390789788
870489825
-778215513
1658196201
1943257407
591601050
-1492864009
2032549946
1074303332
-633219520
1148670903
428059451
-196247347
1875764455
888869020
304422307
-1927530392
990740078
942728809
-469074168
-1559296558
-961418764
-568039092
-206787731
583338597
-284353143
1329149576
192528670
556521076
-2120748504
1206668115
325580736
-1867451180
-65854747
2065262080
49697955
50473631
-2057532574
1171445089
1083428955
-265588940
1035295111
-673424794
2145042830
189653121
-691198351
-2118123511
2023203086
1595619204
-2135872853
-1216475794
-1871742167
1693810958
-1895956069
-481855931
1768661568
827006665
1822797886
1623485810
-1376422250
-1832692611
461562647
-849412624
-265922711
-1873812082
1661835108
1327746546
-469954234
-1065580856
907322259
-129404854
323706265
983378015
-1381838093
328263694
-1404876925
1560828976
644712622
-474463624
-1850373648
-761570227
-1315561993
1348627214
193936103
1771664824
-1335464065
-1687839230
-1607051228
-1227826323
1615089196
-1398530853
-783677213
-1240783451
-2019637492
-827782828
-649811714
-1401945767
-917277049
92113539
-1731530438
1457837060
1094277844
164143165
-1286287140
-1109633107
-2057184850
-1769060168
1351732355
-38440156
-2089292474
906550386
196343345
-1896295797
-1414484869
1281475666
-1729506646
-2135358440
-1572887992
1673326092
1962983425
290528536
678733949
-161701175
1085190511
-889574602
-288343631
1205445638
26956902
-227543556
-1799983498
-1748651333
-2077363483
-1570646886
-1070065202
-993205056
866559757
1458871270
602716382
-1446220692
2002695156
761718948
-1588647455
1285273215
-1787488327
1966688774
-692429218
-1162935743
837397209
-430960523
541228189
-393685014
1048207551
1788658833
-444980137
2019688772
-390365791
-1237742985
1929038508
952494222
840750473
918615361
1082286425
-547651164
505112753
1179717330
-2098741975
-856612516
385872148
542152658
390754220
-127670479
1988113729
838452215
-101054426
-866018010
1050817649
-417466746
-1831079990
1250832868
-1919057956
-1463139559
-1714006745
58994981
1449678151
262977186
1396300514
-390472107
1550012129
999730351
2106260901
298505590
1685044303
1148761327
-894999209
-868198845
1575614725
66637044
-447572595
-1578066536
-473803817
1099690554
1157148991
11530512
-1501275185
302534759
-752007746
1284784367
-322591168
-13266988
1146573029
-21593022
-1921883621
271910987
240842383
57357125
1476349056
-655107054
-534472376
1990034436
1592646296
1500856104
453003846
-1450226364
-1299665759
1038315214
-35404646
-1258703966
-913596854
1379540296
1384146850
-878115587
-1395914688
272979428
-1890196287
-1099930095
1596655368
-1327751877
-1873439662
1090008675
1701108495
971919798
2083628505
968117860
-1897024001
-2039377836
-697131141
-595756079
-1824683693
598811049
-2128551761
1092345944
-219043283
1161900841
-478733258
1002837632
457465446
-1374297946
418250056
1064517833
-1446533402
-1237134826
-197104625
790390546
257022774
32534938
2013996376
233555515
-1193285037
-882901573
-777938553
757003786
1830442180
262667254
-1109571892
-1555363502
577188846
-2140745862
-632552813
-1040184239
893706919
-599689169
-1032526271
-960789158
1850612488
-1998537222
-265104612
-252716109
-1677615737
-880849857
1386135946
1658898624
-478890684
1564443047
267603837
208877408
632892834
-290981854
1064714797
1209087382
-1825272551
1444022575
-536088824
-1599546261
2075109706
-3812774
1642315750
1725387283
-1497175981
-399278586
-1259583871
-1463858610
-1514880156
426890348
-1783590108
-836982511
321216146
-1054451485
1579664033
1864182629
523979242
1803253601
-1155860601
44055181
-172834871
1997375041
-1873464684
637422958
-277744534
620732486
18071144
-1751483349
1616530112
-1141531937
-429579652
2089232911
-2059959674
-1933534036
361746769
1253108144
1244345235
-2006968256
1148782060
848363344
-1727780238
-925815000
1553433728
1201350022
-1378452942
2101526828
-578473363
-206538723
-1071491207
652520404
-100812439
-1575245509
-1658515233
-772997587
1011329532
-1875319611
-1378830215
-824826675
1290326321
-2027026942
899437234
2122666515
2002630026
20841342
1478991458
-1455905101
2006413108
546092336
-271922664
-133112207
662851451
-2099881762
1474013882
-335379156
-1324676225
-1477412672
-1208531120
-1086916579
-834707928
1981814883
-482882020
799389536
1770149206
-1314174000
-1674819859
926075828
446414429
-1429562131
-1243048268
656884862
-1108515408
1216406306
-1596348329
-1230695917
-527426085
640053567
275959493
369606710
1371914678
249478556
2055648329
-2009606945
-1488149033
2080237697
-1150325981
-418457794
1777610056
1003865288
-2142342316
-1656339714
1771664761
1404585664
-1545156167
1464593358
246304119
-193495723
673207387
150639900
-2099516322
-1031177875
929382405
14533155
225843980
880330644
-1023466730
-158072280
-896875241
-1179623462
530774423
827538687
-274389760
859582459
-55030129
-1312373804
-1894056024
-435838015
1591289494
1605839399
1563271938
-190459994
-674398297
-2073548008
2024774665
73212348
387873338
-963043612
-293906444
2136653009
2072674194
-1596406609
1528177832
-595861043
2019883347
514155651
597574766
72223583
797011543
215911832
-1512437530
-895180840
1777539265
-1231162155
304687418
498949462
1290226001
-2065614954
1886963605
-33758172
-2056115207
767985327
1584257494
771687265
-1014316624
-1682276943
402712961
1481419743
-487840889
-434787733
1073831669
-792482484
224355065
-276002637
44420068
702194071
106077062
-608373146
-1531844354
1135454860
282528130
676357036
1695693551
-630790719
-127321559
-270908544
5804684
-1520452939
2139334903
-1727102865
-729555896
-293181643
908942902
-597427809
-80678164
-328897023
-1279565096
-923579374
133785990
-1092564048
-1424679546
-140350420
-73367390
-2120804912
-315036424
-575548558
1778236087
-1525487536
1539281799
-1513601388
2073543652
2077967650
301090816
-588875859
64594140
1480051228
-1074757702
-679737144
888625437
-1788354273
-979384855
-26496346
-633958297
-1319481734
200356917
1013224381
1940046700
350536080
-1079156602
-707597436
175905731
374426551
-760163295
-519387667
1194004258
252830051
-997171208
-311207117
-680378932
1472743811
2067653181
-945674283
-516209592
-1747771606
-1933881033
-1983840031
1525838931
-445200014
-42786983
-1416976267
691054870
-1279029860
816467088
-1344428414
-1045321061
-641196164
988920028
-2019726893
1888015485
498226195
1723960354
915797325
-848497697
-2072651139
314754879
-1483301512
1057984671
1034624781
-50834848
-1656972739
-654109238
-908673866
-12968816
86929649
1626770769
23863468
2106204306
-1609205102
-1052450051
-488356790
-1493933328
1907558991
-1136598368
-1603559114
-618119853
105052237
-460954228
-935803966
1258982165
-1791650648
-164863159
-1211162731
1449495316
-244889929
-499459711
-662173046
1708427977
480009364
-1669152961
-1795817001
-1957253480
191614682
-484083880
424975729
517303145
-2010383184
1509717544
-143010385
-1147107978
1260430342
-102166911
-958169299
1907009638
-329672162
-1205888543
231088370
-160502629
-1398405042
-1694470174
-961509163
119070151
-1627901693
340025590
-240532964
-1257384251
651297033
1114220626
-169520539
-930101594
991097096
-1196848854
1954799817
-534858999
1526987601
479071007
999598909
666864559
-1643730470
2109901301
-1662095812
-157015219
-115834745
-281998199
-1128488286
-317103708
-2136193109
-215378175
-771213861
1029571278
-1787888947
-1905267643
-1907285956
559249371
396779438
-757108051
1388346800
1915731100
-1154250358
-518246406
-942601066
1331181246
-1239167842
1824723082
1103509226
2089480729
1499391466
-688198201
-416806494
-317665718
-961979592
-882178080
1090305626
-115838594
1159616348
-1162680644
215923506
858461329
-1917548868
-1899309526
1368927479
1276738647
1888860178
-126652068
-1243897984
212775992
306791792
-598871659
1883453530
456875521
-1590851196
-912378847
1043756967
283486969
951903517
1330817926
787522370
-1395174861
-455141139
889040888
-1495252953
-1423697886
-1806698608
-2010193135
1614429714
-1344750734
-1036995636
2052233921
-836650651
-1387570411
-1268166886
-752318590
-1032882354
1556326811
584313957
1329727952
-1993179096
-1960672826
-1165751535
1678502616
2058714146
-1248481187
1159196222
1257139311
-747981282
1709049664
-702368691
-834018235
450554075
-411365956
-1801330014
2093307482
-1781450155
-529472992
-598120021
-1261976912
-557774485
1989288080
656237857
1917590081
1611166146
1853940504
-1866392434
667619123
-931354135
-382259452
-1109981170
-554355639
-908353603
1897423726
1575345497
-894754916
1150318351
496139543
-1720522496
-1337424757
451858051
-43039878
729954294
-1506641680
165867194
1365422878
556881233
-1746380396
1146308531
-1687865045
-1189502894
2144993764
-78520210
691901504
1534295714
-63091996
771923154
-1568182653
1673785054
-1454897821
-351961648
-1312750344
2037530453
-808262801
-662552633
498823190
-2042893040
2126316811
1105525545
1785618839
1146679058
112139295
-651056289
1189702543
-1300041248
911760303
-1211187222
-416668480
238438211
1076799055
1174739914
-1119896020
-592736693
895397846
2071340834
2056904170
-445294697
-1020262831
1001314076
-1846947011
782059988
-605276614
1661521930
-1462077470
768641666
429358570
-948369971
676614824
-1528598786
-1698905013
16612986
-683094202
1844492732
1869989585
609360698
-1336369304
-992417837
838054570
-1028748431
-883517173
355095230
1499176243
-389165535
-1310087670
-1262278048
722309038
-1868438128
262510839
956992328
-861660622
-98787031
-1155794130
-1095879370
-77225502
-1029660257
1138960423
-827939362
-473964959
-700712104
-1029486068
-820274197
-1074185595
-1677714680
-1323431029
-1344321978
2144013386
232837275
975114988
-791239785
777181192
-289495977
965778021
-787884533
-134737176
-1797334463
483441069
-545296552
700913812
-162150464
-535218994
1739716861
-828815315
-435265664
-2137725889
715078862
1735228546
-177989735
-1327822287
1734676911
-757902467
-705524241
1345988905
190296223
-1367410464
-1550807333
-910086194
-1514547720
759326769
1436705290
-544272892
1056912116
-1912317453
55148965
-1629616328
721810291
-1793306602
1437999026
-87992835
1899781114
-738298449
-918479431
1541469400
-1317813250
1385776619
1866160810
-337076137
1081241699
-1385025983
432634621
1897686631
409604671
-1028808730
-151941349
-1294575897
-1349456414
436356230
41040892
-271177352
-1636307430
-950121936
-1521399280
1417997462
-2003294286
1224800913
-1064714653
1457263084
137793852
-281407132
203416059
-1195349021
-1956318448
-1994160599
-1755063420
-711528325
1993560980
633453844
-1466843345
98719070
1687511996
-1354673336
-1282918186
-652879566
-1791774764
1841887812
2134717539
-876949970
1352177789
1003034269
1512712306
-338970129
-286959628
2115638765
-715135179
-1744757108
-12871782
299216907
1854675352
-1913044761
-1202955856
400983932
-919025499
-1075478458
-1002095775
1175248168
691050792
-1308814559
197219077
-1781642416
1098423702
1134443837
1643327139
1722923967
-1225072086
-184265991
-1550731592
-2121790145
-368371888
-1307959833
-1033242314
-1584063410
1486945863
-2116716898
1695817935
-176938223
-1162183679
-608032819
-982901646
1473094793
-2062453171
-928026989
-1522353387
782522116
-764420297
-164320242
-539213899
39961045
-2085711186
-596173774
-343035494
-81624506
1209133671
-2002541093
-1425642273
-968004659
-310301695
1387075620
467121969
-1619003522
-263965334
505440505
-1451467562
-1181894975
-2033906816
-119158550
1557043697
1710734660
-41341189
1088331842
2015155204
-1508100558
-328148087
-1883387560
-1005459531
1219336357
-829909702
-1267164124
1504579284
184823640
-1550079970
8691476
-841375076
265545632
880573995
1040118048
-1947517384
922459036
853667684
806863131
-368114295
-876459093
-100208584
-1980930484
487920678
-1691747554
271335975
-1498943939
-183936860
-901307346
2029128363
-379636782
156721174
-536414416
1467577429
-1050487908
1180751319
96327942
-1684226507
-1323527825
1066777478
-646261544
1905155455
138085169
478780753
-1816922876
-1122626198
-27552523
-848214410
850048850
195897691
-1891091897
-1876379129
-936963988
2032733506
-2041683767
-627477523
-1927630196
62273604
7993342
-430623186
-1717204105
-1545929318
-556227995
1270474354
-636506711
911511480
127296457
221724610
1373378769
1310626225
1611030743
-577282925
-396683905
1863834329
1606386672
1253530883
-1118169061
-205696853
1461590848
1227730273
2080005913
345897709
-1359428593
-1456492301
-594100118
-1397115374
-983025833
-1981754126
-936093131
-1926354978
-1318663275
2052149209
-1887364410
-2102666672
1308999652
-1357704994
-803318842
-1033396037
-213670842
1555014592
-735785812
-656757963
1198551877
-1162736445
78841971
-1662653387
2109812922
-1935417096
-131222899
739488887
511582700
-292741438
1927636758
-889411293
1750332124
-310736236
-1940633011
1300461613
1510038750
-1836674049
-145153217
-1477644546
891298411
605882091
-201276
-1575987372
-1755220939
-1376645852
950736815
-1556726170
1015223164
1353270296
-1970021056
-570815925
-909916768
1722936030
-1670154019
434438555
821226742
1890151546
1869617665
717203798
-559916322
-1192900001
107730804
771792132
-240210156
937274164
-1203302212
-1550957282
-1411655609
37491163
-194841901
-897904724
2012776935
969539758
964367385
-1699082450
-1262437565
1815645451
1961384844
-1404820544
-1479244846
-1837488366
315533109
688132728
-462296880
-1727915603
-1982208539
-77451502
847605772
-651327792
-431581151
497974223
-709850112
378102785
-1019417510
-1187880039
-2042481375
199047962
-1371215263
-2069794197
-1592834952
68858701
1108173337
187871215
-69377166
1322133097
1931907437
-1641906072
1944888563
111986267
-571689596
871837649
274275248
-811526410
535690035
1373670214
1674510781
545177590
-606436685
-567464797
2107721061
-678233278
1556376211
-581542806
184258361
1087841136
2137069039
936226282
1927681387
484386446
-1520688670
-1144669796
2086850652
1760944415
-1025524168
1038195151
38855794
-1351244444
-931308184
-1941107320
104617263
327906012
-1361252416
-2089196125
386749823
1903665676
-1656218142
148480061
200001872
608635010
462042734
-1329965483
-337589145
-399779561
32817920
-151494736
-116829583
88982645
585365596
-249343746
130692184
1448943065
656242152
1506228282
-257474856
-1062402024
756484186
-1972683946
996415057
2102718182
-1042652239
310967574
1697579998
-736505770
1276512360
-543495109
-150798427
367270556
-29702167
-1952587548
913280112
898572826
-1903649728
910470193
-1765132163
254505881
-219887856
-1933783
1287051153
2141030102
226388937
-1376041507
-282015150
-451504831
-437905125
1857515469
-384768298
-2072143616
-1148193371
-60119415
2041632375
-323307463
-369130511
1395882395
201719016
-1757962095
1733767588
-1431040348
-23380851
1225496303
989144561
-1019068220
1701981190
-1301135484
-160824497
-1024470465
2118750476
1452827151
1185779819
-1313762212
961557632
1153052253
-1723827106
385264016
1764254657
-1052588785
-2144751070
-1401993764
-2037271747
-766179169
-1682903230
-1949003405
-346827190
589429412
-257977903
-1770417761
-2040618954
-856610475
-2132029028
528956388
767591068
258379
-96347998
-1958471835
1263934713
-104556662
1294036676
-1326837626
-198528642
759070657
-411161416
1335059154
-508914905
2129461969
976972355
-336478945
-330964725
969058699
-1329833049
1913717744
-768400650
958582717
-1739320743
513365529
1474730804
916714351
-639085322
-2078656599
1405903279
1259418730
1171620472
623052547
2032180284
1418053625
1750135972
-1584717746
-945657807
-270179085
-26569274
244208398
1284720954
648080376
-1197105760
-729248237
1446916460
2061946873
-1154766433
-1805261423
-1419872614
5440254
1813816400
-1064675440
-1536145177
371878691
-2119094255
54981254
-478576996
-831904797
-1156806389
1713914433
-1603090117
1119031192
1257640543
-1144772854
845588436
27163970
981598879
-1083475193
1490856598
1418782342
506717055
92678625
1400691624
-1679029766
-1986209588
1789304486
-1472175815
634512799
388162204
-1999918097
-2143179563
918443438
1790807750
-1743367611
1099942906
55925655
-767046252
1688930496
-695357973
-467644090
-2083660361
-187929616
1386181315
1725205671
-1522957446
-2101905663
359995340
560084844
1613627194
1537714969
-2090658543
1773297421
470316821
2062272772
120504369
-1377337072
1443940321
-1420164845
-1849849738
-60549238
1882321248
352107840
-1150066651
-49354267
-1605332559
1052731798
721282839
-695917086
281617416
913628879
-351327608
644252897
1426519713
721900350
-312209874
-1008205472
-557839375
-683936273
2057286285
-1415716671
-529442017
-1787652084
-1387893623
1798706511
1937384370
1751910530
397943356
669531266
1391216778
682100195
850600201
-353321598
-1559042540
-208278899
1491452145
12635113
537892792
-270436596
-1515820764
-1310371123
1862410390
450322108
-1639003685
2084768764
-466261134
-1535935821
-936353948
-932821111
-922216980
207931101
770019966
898180999
1693842164
-932082329
-282850842
1473991700
-645173124
1852335201
-1419116239
-1010668647
1214393454
-1083121250
1663678684
-1636125873
-137165601
1113139422
431182753
-1930179580
-301531259
1957410862
1968092427
-1522700514
633693286
-1054140785
133969228
697595872
1812187090
67586262
460078670
-27214613
-1407697005
1006317778
1797989895
1920499208
-239257758
1237203635
1509939729
-1962513884
1729730715
521731241
-397332359
1320911259
-1191757516
850504907
441381334
-960079687
1870448107
1334808890
47771805
-1684177284
1029675966
631426694
1290781108
1615006623
232080544
1032861775
-1239422396
344169939
-1445754007
-472446929
1645319891
-166509745
1386830605
811638487
2138320785
-175170933
1240063248
-840387721
840850929
-1483560377
1078364985
-2102487709
-1028630661
796669393
1435248773
-1882823693
1787789792
-915697272
784455006
-1066704726
-1058028466
1740323739
-1683442932
-719143015
1947212293
1978383638
-171062676
-644834811
236272170
-1409968353
1749494238
-841554105
-1874433829
-512343940
1934651011
-412049421
-1893874301
-1267665065
-2121651032
-134648004
-1629574546
1403284293
954395516
1416926871
-1871056481
-855473276
1046980617
-609491043
-1833880863
1709688196
-2052779167
-1872103371
1894207259
8658856
-1994260457
585168113
555605224
-1329652659
890155761
-574507592
-1299953049
-285359862
382470875
-1113786202
-1627994034
1624284729
-156716003
778233647
18371141
-889924938
1013045968
-1854715510
1335126129
1165690854
-170389362
2029194316
-506835378
1452517883
-1858053784
-1992164270
-1544756543
-894443403
337941532
1773526244
1304388973
1570441963
-33181305
-1200735210
147373381
-131545590
-73044136
-731469455
1851528289
357547230
-299595258
-1423756589
-328278763
4835920
-1703044605
-693285997
253858880
-2740497
431231025
-346717720
-1788750623
558030578
194119061
756065930
509710575
1823353981
-1001991606
948783769
1023968104
-1690152413
-1948016713
-695683138
-1019072598
1950392748
1557293572
-289880432
-1571028478
1187666711
-550034231
-988661960
617375106
1488023522
569505544
-1635159978
-235609321
-428099960
1911865949
65390630
-83976742
-1972940214
-854759053
-400704546
1913766054
-1478012110
-1721136710
1848949083
1746776298
721146452
1311743062
1056530171
-630121793
1731792470
-1898663334
-879929908
1706961468
-846902221
1368735797
1552820709
-1592228343
835551291
619359340
-381106924
1178591026
1600979805
-1623288439
-858296391
-832361923
872732840
-1028127918
312769521
1756747134
-1723644145
1678636862
784989942
468816040
-1226519700
-502394844
459881668
1114929575
323200711
456996149
2023401984
995410605
307989719
719551532
188852245
1321215371
494614216
506707651
-836935776
579778625
-2127176130
1213371240
1512201485
1247147736
-943528807
-670589647
1035916162
633476718
-1810224518
-1088461044
-1738167813
1573451153
436198278
959659578
114996917
1990933968
-1726303639
1626324989
1333578960
2129496719
1499199774
1330253455
-495943633
1539090715
-1380923028
1923014998
-497499230
1590511101
1533563315
-743054250
628671815
301505427
1496523240
1062673127
921480492
-1361250853
1415300317
466041255
2052923961
-706601070
2115578309
-1654969423
-60049075
1701776509
1105175031
329398030
1565831846
18830597
681408242
-592874389
1948559749
-291743991
270294177
-724398580
2108103185
-2086203408
1100039135
-1293747712
-1122180741
-467860484
-621260484
-124771434
-1541923742
1083426534
1953692673
-81774577
-993196167
-70518362
968530289
-50427244
-990001561
-667247
-1474701231
-1952595094
698430702
1506704553
1468264618
-202289565
1925391950
-1203833040
1099467725
-160777065
-1910589717
1486497406
-1219516264
956239188
-69626835
-350139116
146341878
-981265838
366042791
642984944
-428954197
468542251
492472955
-1292147422
-277667503
-1509977079
123888123
1279062942
212769693
1136632736
1507593876
-416560044
713079782
21353567
-646263833
1379335293
1033822696
233989345
-1304843976
1860557112
97544132
-1235100759
1112767755
897586261
-1431963573
1420679694
-1269567732
1935788655
-1671854725
15968884
1007991855
1463410239
1507369801
-705102404
-1844930281
-1551747793
617826976
509250557
1382504123
-597251795
-775599959
-315126669
954543431
608748482
-728703411
-318228297
-136752833
911971938
1051022327
1870450480
827733738
448021509
1913947550
-1792685879
335030253
-1344204810
-240735486
1115502052
1649741621
-186513942
-1859395531
1156871821
1967300378
1752928083
-1086377380
-1255620110
-1261029951
-1181971978
447165622
781463827
1414800321
479638459
-1380163107
-1204272971
-126207736
-1371439165
838716748
1075445403
-1611940865
1988929727
-1719604959
-734571016
1497575148
-1779886977
-1015978974
-2111820001
1538295704
1774443721
-257793019
567629436
743488817
-1569156756
92446699
-1539678521
-170536847
1180501907
1809391405
-1735986571
-672878082
-169194914
13148251
32983154
436251412
-919895890
-1225528191
-1094537203
556936288
936696896
-1048733012
1448765492
839984943
1760683517
1329727404
643970528
951669960
1446755215
777160218
1727491538
2008092693
-2028137929
2057636508
653419903
1949410696
24318685
-1604593561
723091272
868891963
-143170712
507310597
-151239187
-1018903719
-734990001
1076449880
1453345603
-1958317380
-2020716176
1742746078
-1668235739
-1835276841
1646643488
-598025163
-1149441112
45797846
-876325758
-1311647262
748756882
-16658429
-1732887012
1715761741
-1476880373
-1260332693
2101943207
-999831025
2012119188
-258254655
-156220378
-2123161232
1127163961
301921921
561124153
-1651312853
-1818630398
-193428648
555060658
-1692069005
-328767826
-526211902
-2010301592
846970682
-1566621021
1895835637
1146440267
-821646416
-852282593
575545085
-326611272
866405897
-456837196
536357927
-2104543986
1992733571
562132210
1895538595
663107713
-1203564121
1456191845
-1892922524
1757016877
-1571580210
873192897
1687695691
1924979566
-641253658
518222940
-956993661
96911982
-556552074
-1328907301
-1848111314
-1384830977
-1262918178
-1749546704
472095041
-937658454
-1565874461
-1168696125
-1106864725
-196639993
-127265173
194451183
-1593026372
-1224487602
1830672516
577404847
-172768572
-1603371986
723555498
410916248
-1614817798
-153157155
678025289
1088247818
1314997920
1900663919
213622144
1159266466
94792035
-934885781
-1520764377
668409842
1032922119
-1211378533
234240787
-2047094412
-1358379965
1533443364
398127000
1595194043
-1713905431
-657787947
-1497192114
1369491946
256158026
-500054077
1394963480
-479139990
-1932245289
1618071061
1919765090
1760923351
-927976181
1162700315
672532905
-484932806
-147934328
776432293
1551477568
-1451158915
1701688960
-1060805486
-1455372976
-1844143077
167901526
-158739801
-714368993
359419670
-2001594492
1995086497
1367878549
2115261230
592433086
1926559628
-85049092
-1124609713
-1639983784
-1192134315
-81650425
-73363638
1298322404
558885278
-620007915
1546130120
1142458655
1579952593
1488835254
-1574731910
457185548
1591369335
2120533101
1320330389
1755775073
66714570
700246711
1332604285
-24491742
-34306168
832641612
-210359872
1575216524
2043028489
-1294891868
-693870523
-1653058253
962279571
-1702896708
-1207492156
-264832914
-307246355
479424025
1371410040
566343154
110255666
-2126217459
-870612205
-434710852
-1481282842
970874680
134193394
-207471564
1507312718
-613676719
-337697390
732517519
1115520763
-536131802
-14957247
-698912396
-499635032
-1864457503
-948241128
1407608034
1511424325
1800841356
-1746694104
-440825776
566277459
-1458619434
1297687538
117412373
-1706542734
1107691030
179351580
-2033066742
-1962504393
163266704
-2081442462
1812858477
-279946429
689856247
854814666
-141490680
2055144592
-1254334925
-1357088741
-1706482543
1562670350
96320356
-594638705
-871992236
2002898798
-2103552219
878401735
-1538805745
-1433194948
912902420
-1326791426
1371251740
621789235
-1645549678
274838657
-569539115
-1629563444
132483015
-185830562
-2079007437
-1288195048
-1151485464
-1209502885
-1796741960
162218191
-379583044
-2076923862
-153517170
1748229031
-864916645
-324078886
-1906686480
777582826
-334615495
-648523633
-565839927
374952258
838770786
1728102517
1235076506
1965538007
-897475578
2113344753
642320288
-365690981
-624285384
860365849
762649397
1975141604
743348722
-254014618
1557065334
82368570
2052535900
1249344168
-2108218843
-2016053902
450038605
-342738375
222029265
-1019717125
130850065
995319925
1462891060
141867383
-1540324756
-199824791
225986011
1725654925
20196319
-1310217271
893945868
1787677437
2043370281
1385417255
657470947
355757556
-2088825072
1236350818
-705888834
-65159264
-270473375
-699736228
2049502426
-1014047993
604128564
1581677807
-484879554
22636308
604416884
1344162336
-288521769
-1234770958
-1671617635
2106130325
707315428
1763375517
950315719
1281218372
307580051
-1368155210
-973346076
-1247181203
-1909211668
-421063018
-2084780987
1623483081
-1071262226
-1150461532
380136290
948512515
1976581367
-1339878677
1200692954
1456409191
240277608
-238391322
-874858056
-1254023207
1715007624
1935054750
201041399
-1780994041
224055464
-303287818
918287176
1474003682
-65223288
1636995141
-142043631
1939885129
227319289
611732261
655168185
-1769558009
2023297475
1264019850
-1750722270
2100203775
1185329864
2093638934
1197724790
-758276187
-1491055511
-476799062
1601893159
1563646896
-257731288
-1746788800
1500490544
1553923341
-145795443
882613495
-986300768
-1068074986
382299982
1929465967
-1523006376
-1808985853
1140020137
874506326
1307195666
2065380000
-1335398380
-889542845
-1702159194
-1091535808
-423488999
748594114
138682248
1078213361
-723928198
-1040152913
-1744853867
-1554529808
1720124315
1674009287
-290252018
1776375391
851356449
-818134661
123040996
636330549
1137100245
-20963065
1775254837
-1301224843
1283071694
-324689981
-2096295146
-234863454
639318735
-1503723335
-1273394029
1052714865
1584045293
1289008503
-2055748109
-1357696320
-221630091
-692930267
810688831
74283719
1030882059
-1614280487
900528645
1671832204
593010198
376753449
-602320551
1816867228
-290208165
316213505
1125627420
1830457591
152855272
-1942036041
-393548416
183133003
866829363
-984034212
1687035851
-473813915
-1995528063
-2002949036
721063258
1830452196
-940006772
1620004649
-64679960
1499467567
1096861279
-1520848485
-2011436016
1093836456
-1735343995
-552171013
-1791903985
-1616459231
-124404894
194319288
-1272294193
-1722427250
-836716833
1422686266
1848332832
-1417855236
-1407044019
1267708142
-1562304696
-1642388798
517499010
-1244334431
73330365
-1189852427
-1831522744
-231452142
-900252624
-868010720
2113118968
811999681
-1549320243
-1944633036
-309654687
-1312577267
-334507583
-1016715075
-374911251
-1437008771
1352303100
109131094
-1897046266
-2076647587
1876027447
-1094522273
-900452171
1488479884
-2068424
1474369004
-1723782004
-1488882540
2082022996
211451136
270612678
885547771
-241022923
-1240033542
260424108
-1293783848
-533619235
1002507343
-27302855
1195355816
877059818
-405672839
2103844608
1428475746
-1806653413
1112461102
1582902605
1605215944
-974338798
-396340011
666824842
1852011775
205312603
-1818576331
-1519416348
-750354591
-2007729235
-1819315345
-306506194
1662264978
-648619410
-152501714
1957070341
1267714513
1059895420
-1749976292
1086897203
2032536464
555072298
-210276713
-1174187944
-2102965435
485669512
-485742428
1609106375
5204098
1028114663
-774800349
-1503789395
136192835
-153571685
1631358276
1360804728
-706433658
1940577794
-2053746887
-1668758411
-828227039
342107077
609855788
-370366533
-1911368497
313366365
1310357107
955172167
1341140875
-1279881255
81778178
-1772496024
764875041
1768661213
2140110113
-1827900067
-1983438591
-944643091
1521418590
1940299836
-397554602
20386283
-1315222076
-463238636
-203857834
694890718
-1331316916
-1026855083
-902629925
926996980
-2088147821
-758351248
-739048910
1922915273
1000537293
-1399883334
-1985109709
-718127895
1098895865
-1236824171
47246481
-82976109
1828256341
-813023023
54588531
-1882628160
-111014636
1420789071
1231170883
-15355805
798651982
378519271
133981892
1657464049
-112486856
-1209025909
-76701590
-910163422
1049436052
-464969812
960843493
-1713727239
1154247018
-174067236
1507190526
-651076862
-1972721672
-1224996684
-1512848985
-166908198
1230061798
-114843145
-1812615860
1481148660
-755323202
96629239
-1124286353
-934998887
-43931750
-1546987977
-187809421
-190072528
1898937118
1052053073
-157042761
145500095
-1583490136
-532504806
-436045338
213097649
-854620474
2076853251
1064127884
1809641945
-1918467864
-1715268927
-136844307
1827052726
576051286
-1167346384
-770867183
915166456
-833084573
-527377036
179860003
1492524867
97725922
537155681
-1479863300
415678514
-570127911
-393715172
200147705
1752161182
-1797654668
470360322
328356628
-1441643489
1788074044
-130520376
1955780402
-745193774
1463755144
104740834
1815157433
940031836
-256409037
-781031128
-554704795
688578607
-1548111985
775603127
-476693924
2033523468
-291959400
-1770895595
-1815900289
156370376
-978639252
795689368
-902946302
1582995282
-1817271046
-1325414649
-433394882
1899903219
983222010
-1021153919
-2034835259
-1403705384
513767964
-886344547
-1842940234
1356393165
485333123
944814802
2082829139
1095229515
-1922959244
2072585497
385378256
-1469765452
950354762
791305424
-260677011
-405376804
-553793619
-519436319
868986310
695558347
1445968643
884465443
-930893463
1669509824
-375677403
215500544
1114589097
1715811961
-24004266
1627213399
-1774576463
-243317583
-1295195280
-1026148446
688810715
-305568022
1534462047
678162523
130525250
-779536532
1261773523
-878503269
19528085
1328004492
-588538575
664964356
1067286062
-1969567183
1778339274
-850957087
1598671202
-477554540
-35880370
-826390901
-27321062
-2021050554
1741213314
1642776590
1545615778
1769438583
-678981072
2008941067
-786901311
1474269300
-1007916449
-298495265
488249865
-247841423
864485828
-1581621244
-1487430033
1502129032
307688568
-1958821449
-1617632995
1440885249
1932376810
-1057733413
1308370822
-803594541
189779990
841803549
-147508549
-2097686165
-230324490
1375465815
1289966588
1993493931
2044674873
971232313
85440146
318634805
-2106062542
-1535988954
-1900154149
1788577000
-256075501
560564571
-355058010
1731837098
1005357402
539555158
196202177
-509204632
-2131880822
-1814088076
563822031
896744794
652512798
-1650763556
1755188318
-2039747957
679785146
-1926100068
717065783
-1398795368
828458915
-921715440
505207032
1949180599
1394457969
-1998218870
1151240160
-1112940293
2065418755
1842696239
1134323945
-1019142187
-1860948558
-1365655009
1808033564
-909969699
1096423368
-177668136
-1943452128
1270258130
-1651777997
36583643
896205587
-201651489
-1687487371
1551925648
1539567260
-986108641
-423588386
-1213885594
-1106979776
-1744438429
-942491907
1581116222
492552949
-1289033934
256029267
-316020215
-77182220
-194599920
24278090
-1676813393
717833427
-1671896317
1242307173
936708146
1066759634
-361774510
-1288398409
384971539
-1453218444
-438962800
110518425
-1575080716
-1636304815
-758322728
1745346454
1698388862
-1224891350
1221487193
492645802
-183542908
903434558
-913995500
70466476
-1376640664
613268699
1130811364
-1871295737
1738816445
209940791
-2136212034
-1404265552
-1720443858
-996825472
351786042
-14056109
435456669
1516478768
-1658144430
1029468111
352626318
86581670
-835112600
515006181
336337606
-1862944526
-580815475
1626866987
-44800209
641996528
-1104303616
-443182522
-627940098
1752147351
-846956300
391950423
-2109642473
-560462446
216143253
-1707842379
228829359
-1956167664
-1712329907
148228061
1548862515
-1440169512
-1521386174
-1601714010
-260203416
938242975
-1545520605
251096760
-1163209262
1330807709
-1476376540
-1238544322
719433306
1381086301
-649556666
762851034
646383914
1611875540
-2145355813
1194323929
-1890659109
-216218187
1956924233
-1582079065
2003578834
-1632538621
1565586701
-1456041851
863301350
1859768551
-1239896573
-954305416
1503947334
907665091
1145695203
1443000964
-1299991398
868928390
1530226446
1312481050
-692346777
-1483790271
554186891
-1318625330
53950391
-1632817670
387667019
-1429269940
-972846600
679755712
1162470324
-2111328628
-440142812
353368575
284443740
-1385162683
157304610
-323198187
-2039632107
140383134
-1878757269
1223954725
2062469929
-207220437
14649585
-2113251030
-1106791962
-2023799529
-393580997
-2035229874
-1473239460
959806876
-1378072108
-196542341
-927136412
742223035
1400220390
1398226226
-1536282139
-1671997143
-1800333791
-379114084
1060667730
1968663176
-835571744
1863114462
874736758
-1779825450
-1975851890
1184946609
222988403
-1566709974
-645909690
-2078686672
1351552007
-1109065316
1085177529
960471284
-1148852975
1098397317
2070382676
1755457885
-1494015405
1939438312
-1786611294
-1367568078
-1209289351
-1703736785
1962450926
-565785236
1589825882
680108313
1483718188
1599948878
712534141
-1574767630
-1577248488
673539257
1857195997
1541460997
-2117426785
-1767480643
-358364688
300202063
1526325630
-1527547533
349994469
1272356212
-1799975383
-1069729271
-81387731
2019913974
-1675303443
-668102627
-1704277699
25590692
938883928
-1567427761
-1986767983
1696366416
-1506782504
-225141231
1736057331
-1559856188
-430279007
-604840512
-811256579
1294028533
-938646316
-143405064
-1876541733
-423189383
-166626339
-556916445
1546764373
1795614774
50907420
292069459
1878159884
444805211
475585991
828292177
977436163
-1498983788
1155698189
-2035859978
-1660924575
1867749497
22281855
641455032
616296052
-2063022266
96707499
32850567
2026264313
597716689
1846089737
-1665576999
1971062426
1002877880
842198043
-1831552765
-398930505
-1291188007
482792655
-1725117493
-956646296
1185451014
1802230823
-593923014
1234599362
1804204537
980711451
-1368271947
1337959257
1230007685
-759649347
1768076622
-1840536314
-1504092658
898537118
1128756055
-683763478
-1708420805
-961407376
-80534984
-1684215886
1785066473
-1915592980
-1218374526
-1007845092
-1894871454
864463862
44108867
151803064
1835009998
-170298883
1296346523
715461363
-2027459351
1504424104
400098959
-542475695
1068183030
1042828206
-2024783843
-140593927
-1188067341
949587461
1877789839
-641365386
-289682163
795949886
1468049172
1101097403
475221
494261039
-844597109
-1096249496
-1867810636
-1341264942
450082210
-1741697973
992313116
801949036
1516767775
-1973637080
-82961408
1324449009
-631265923
-1513546564
1535444997
951877798
682048698
-39942913
1582429177
-1802163448
-1250306705
-812688214
-520512508
1261676524
-549081568
1115257848
-1640736228
1218545639
-1450780715
-1813742673
1595337662
1713743343
834229481
-1371845279
118841050
827736897
625856801
1238406127
-1676453362
-1546224251
1453934336
1303478350
1865692183
-1343061200
-152492456
-1958529395
-11497852
195045930
-1549086684
-723321066
-367106133
60804272
749632405
75614259
1349769185
-1512861574
-769992598
-1078477868
-203690524
-358515680
1923613316
-1688932977
993549980
60227256
911055545
-314546969
1621228547
-808792636
1333336296
-523827248
-1486543008
115621195
1603185484
-1013962382
1830204090
-1333955003
1690842901
-2004500179
-1215240821
1493708603
749424180
-161837603
40868020
1840433967
-2138558858
825796958
748527025
-1471806792
1577131476
1590120530
-1594563315
1221688177
-574965752
559866401
-15329256
2004873620
323682659
-282174143
1790155222
-481175583
1820742365
-1132078154
987177785
84382148
1889956717
-1314008100
2003332755
913484726
1522102939
1558913380
-1934711227
-1879591454
-611641261
-322168165
-236090692
-1635736308
1595211258
-304400910
2094695326
230284718
-575757114
-40369222
2125795391
1131564387
2063080778
459243566
76630873
865678985
-1055976368
855179702
303724028
-556101088
-12101398
739067754
134135235
-1836766216
1704800203
-98473004
-1399541176
494132491
-1565980718
-1576550406
1096687065
1701152807
-1505664025
-128658790
1779643755
-1597653808
1618021898
-1870190665
1427919822
-1667095453
-533403735
1114924116
-250629086
-207151746
-1462375631
729215615
439082889
-1547687521
-722914586
-1090297456
-1793146339
-1700851445
608770295
1996293810
-1661691100
1479991536
737658060
-476733022
1879653506
-949606451
-317933149
620497335
109661550
-1428286447
1339308634
1792681761
1270383720
487217410
-1419733363
-1629307787
1561136234
1872231904
1027257571
1421067368
1988069725
1618443081
1910533797
-228956198
91385806
-250033441
580161680
2115096598
-2104843295
-412725977
-1863478037
-676964008
167678853
-118642252
1506634458
1652222350
-2139078679
368315780
-650256652
1355181923
1815734830
505768873
1548908819
628870520
2090620765
1097114667
-286661780
1890498036
876142490
1463596332
-835309858
-697550274
-456082279
-590259635
1603569806
-1306127607
-2107225263
-30425520
-1565379405
-46406512
95696112
-356113666
663085742
-434240734
-1539722482
-1345084597
-1451119011
-482771999
-79011036
1292858295
852714160
697656774
260267327
-1311161098
-1983000197
-1224360217
1240367600
-1304777517
820991117
-2091361796
859321222
-719603376
1285999618
-1624989665
-756355458
-1903488494
-1036407339
-1037096238
1072133434
471616507
507706041
182352454
-7896335
-999992552
-1603523544
-196195366
1698970087
-942797122
-629248069
358831329
-862404387
1584636911
-470039620
1494836648
-2056469559
-820839935
1314179321
-1688061770
-673592374
67396993
-238461478
-24415659
165257813
797744468
-716220746
-1215916975
-1348783180
-1637523937
-306452639
1406527999
1495180465
-123576344
522293769
-1232228224
1821413262
-63077891
-937578686
-620167353
1743232055
1809797396
1995301726
937833687
214362042
505891763
483857666
-875107375
47902454
269060305
-622020363
470531117
504230034
1041081533
618694459
-373011257
-1169425871
513087551
-1871712926
370178333
90051811
-1861394948
-343551461
139956055
-874036002
1163168286
-1518567925
839314054
-1744482195
970799156
-766198301
-1206293200
29524519
1351152470
-25914963
1715314700
-895165852
-536970100
802225513
1601730825
1098540013
-206335121
596365016
1367281301
-246833166
-432528111
2118610070
-1830700261
1900559680
-1848965863
-16776594
-1664650036
1797885618
1226741042
559587049
-677356127
1815704808
-1749680474
575673896
321048481
-1680888009
-995499451
1109573107
492202335
-101529633
-1238523253
-169126127
1722080966
-1027534973
-31675391
-1560627239
572559896
564747221
174677987
1813187593
-978503372
-1713078896
364741890
-1789608491
-1514728681
-1153719893
255222508
1827167299
-672566876
-1573449269
841280329
1831867061
-937583705
-728496136
39622023
920683975
1992772375
-1382577773
1294061753
-418764453
817122203
1556053383
1148399548
1545167857
2034826575
-2085457473
-931744869
-161148101
-1564753977
-1990081577
461822004
-632797712
929925459
2002329877
384911131
1547517664
1956523652
-1770942054
724784317
138220872
-39903761
1624081108
345942984
906528359
-141585360
-748255946
-418198838
-1187787696
-2066117583
-1194544853
2132686872
1863880194
1029107628
1816323911
1050972144
57556149
-1468347410
2137153471
1565839586
-1619365258
-766341412
2309403
-1005745557
-1932515851
-17854405
818877993
201511394
1823328157
-234263765
-499274956
-1722539625
494377957
-1364333580
1242249846
318670392
-238229787
1960547844
-713349174
-2114339210
2106309932
-718272968
-978261083
-585813783
234917328
899921242
773094727
-1860969423
1354480069
434167530
-1990808532
-355162787
-1185362830
-161771487
-2015552311
239511695
-1222104703
-1825758414
-224076684
515862495
-1452981258
-619337006
-1423589213
1447244927
-122637693
-131460614
-1833958056
1336774176
-1608076007
1792930795
-849289508
-1381288812
1692401602
897871986
-1386089814
1683732405
-1187782995
-1504477075
368241582
930894212
-554694774
-525758835
1107008943
-647285100
-366236648
739072092
853044232
-2107307863
1117823483
-1336124542
955901854
-1185656933
-1261521966
-1826860221
-737421299
1789205632
-338006135
371755595
-756603868
-1139983607
-1168505365
473695405
399854995
1616614700
811077498
1348847145
-1696369694
2053614851
2029865602
-1702578003
1299059365
2086949107
-2016434581
-792922338
-286396690
1600581136
-41537457
-55541673
-157161470
807871680
1951839436
-1620994447
-1489461426
1209041822
-1130681574
809848388
-1671943269
-956658528
-101040801
2003899182
-2062464128
-1871091589
404718145
808854290
-584135912
1643899973
-1715127363
-1255520605
-651620107
-1559112356
1318760246
-254981662
412157524
-1853923450
1370450641
-756090651
1078251153
-42886823
-1279456257
-2098092839
1005847005
830020317
405691226
507606345
1822449453
69665391
442225077
957942175
-2094847627
-1199416345
-1486693779
-2110771477
-1316051947
-313895427
1233020677
-797331997
1875272339
-1151604248
823961586
-1058966230
1847615371
2144852295
794230450
-1588812844
-678687005
17835588
-1037140702
976304170
-2099519678
1678928375
1178633745
-1590466903
-1415520574
639020295
-1328782577
1771232592
-1244694813
1198565015
1226564491
-1827506405
123696067
1998292318
1861114140
-1716968502
1200147083
618047255
-442071778
401803238
660722476
1582031388
2129742721
-398059259
45803851
-1742846643
-1801175331
1958591052
626960505
2018144822
368073160
-1715135179
-1080215641
1110439280
553023851
-924816751
-1199810600
674054471
747662675
-420415536
-1421006312
-382849379
-1342525308
573639808
-989601620
1277634573
1547182036
-454558701
-1564684406
779445075
1321877877
1386190820
966627339
-2034316054
-336727598
-491766404
-1745343522
1785891318
557156767
-1400306416
-1820228800
1790260324
-581512917
-1670523826
1204511337
2089956687
1351898360
-759342760
1715862089
-1174543963
-1618022516
-261279216
2098442356
600456458
-1044013943
-1718959210
1865775705
-764770565
1255598331
1450411534
-1102760006
-1031801290
1794675953
-1906325338
257343576
1424770649
-313574834
906441174
-1997563667
1187838921
-619115296
467042282
-2104458402
244089301
2117863345
1554140605
776691248
1315211034
637082525
1748688838
-846002373
746535976
-2104806620
1090600280
-82168418
-2086971291
-242081919
-52553179
661749491
-823064271
1251394299
1962890243
-1805386814
-1621872821
-772338566
-53933838
-1760215238
544378482
-161638308
-1548514979
1507497501
1909642063
2060585609
832547488
-1745567492
841192337
447509956
-1111540278
770612644
-759714727
-1903729596
2110238371
-591891496
-16801063
-151956093
-2113859856
987683135
1587931959
-61356715
1394872821
-1313382241
586037686
-1464659909
1696447546
726435915
2002141719
-266614536
-1510487150
343251930
75008317
-1360571547
-158262440
-736199399
286797071
1332926593
1942063356
1351518274
1783023265
1554048972
1178148029
2092762989
1996737174
-1585489452
1579317943
-709564090
-1211692097
-1882175473
2039275552
-906973441
1432241160
126496235
170012878
95602056
1453311891
504399651
-1275995908
-823280131
133350949
-1641578668
-329152692
-325904032
617594561
-289765681
-1310653681
-279536760
1617037714
934731952
-351362364
811555160
429759501
-1497858513
-87152930
205452850
-693474474
-497501386
-961807158
152749230
-1246162717
533975090
1510157872
-310788474
1550488927
347278637
-1963163528
-1125808171
1026524624
-1569246692
1658947727
-138677888
-643778821
-1373669259
1638315754
-277762316
739662598
-31514107
557555658
123613969
-1343730337
807182591
6357954
255060069
-787695396
703769943
-1162322826
-1228457827
2138602532
-1206068400
-1799818844
1308235575
2063003724
