224201866
1610509832
1364817245
-301851121
-1746618413
843163412
1468964184
1575532121
407204516
-674000267
-1000747607
-1514519120
180489906
2128118328
-130968933
1491100672
1330545230
740986184
586853345
1786459674
-1137972211
-432245689
732558042
-2132701018
-1680954197
-1585086558
1445454102
2081150552
-604914900
1921297119
822573848
1746011490
-1941399741
-1954893512
-1250253987
-1703368663
1987280375
366989165
839522717
1016044859
485475460
848514774
-1539855792
1910565503
1979219327
-720360009
1653953139
2128416685
-806761412
-690784041
1078221707
1691716608
-1459910029
1842752083
-1065634839
-600995030
-95542239
482714031
618989360
666103176
-1064383061
-1966929619
-2137761004
463019927
153516105
1411595362
-346672028
-1029278555
-1137104735
-1959918587
575440969
612628683
-403598414
276085514
-2087518769
-617288166
-1024514573
1128640750
1462191013
-473798381
-1603610437
2101534036
-1210417632
-1718697892
-83265053
-579356463
1742541189
1011073969
-1046984279
-1330426109
767970439
418967064
-1923411241
866704872
-2062698738
1062078296
442573091
11179628
264505
369748139
-1580680743
-1946725821
2109083302
-1617667918
-634455369
130896633
-1677461008
2023568040
-838581481
-1576968634
-1445204871
-1313714982
945523539
-1728394330
-416369048
1789448790
558714468
1256871721
1948390133
1406534626
1500309964
1494928775
-814488349
-396454864
-1302751306
-812128905
-784976050
-979168433
1197631322
408476224
1396967078
423828835
1455871910
1306631055
541791739
-795328360
2022963226
1294378635
-1119398790
1294257747
-172477453
246209575
1678808887
-1602090070
-1897518197
1151330486
1214491436
723285270
-1182711809
-1003548476
2145125249
1388579175
-1353403118
-1255573726
-1595701235
2080493559
1048612176
282079298
686966812
-1836904926
269845622
1634055877
-1076882062
-50470923
-1081357296
-1939368622
-2010756208
-1896208348
567701092
1658345897
1842366261
-769324223
714046350
-1160960777
473780775
948202027
114779372
-2066518677
1394542386
-2075979837
-96195909
200852744
1238069873
-131758618
-521977854
-779634243
-630558261
-264059498
-1407498066
187310770
695867840
77280890
-580315650
340946660
1420698213
836481416
-1413118687
1473431795
-1846894420
255949568
-851958756
-1650318278
-1134915607
1584359323
-1745567503
-532904160
245821329
1112776964
-2086648067
101525165
777746756
-666845817
-700739935
455485280
1909601036
1901338375
788071204
124983102
-1345363481
493800757
-2043919656
-1429179090
-225730430
-341491969
1523654010
-1002186364
528621127
962447173
102339806
-382364710
1446333081
-1734567726
1380500427
-28978650
1115451486
1786221961
1713032995
1516545289
1997604285
-476357410
660096327
-814385819
-1287998424
560876936
1479905209
-415514831
-1763353444
-2047512972
-1174054142
1893213583
459054119
980054780
1724848341
268055582
1352438955
1806782040
-1194786700
2086429069
-2015363616
869206612
2093429074
-77256848
-1475362146
-949299901
-1180181511
-534690986
-667373988
830307123
350131501
1685615898
-1418727693
-387793311
968832849
1790922361
1087860392
-826064145
-1203046902
-304224283
1442794088
-1861942828
-2025289695
1902939800
-1712199595
475756307
-828732499
1336197099
-401837439
1299185455
1482000497
-1844050457
-1147291144
-1423042595
592000130
687048988
-1268660732
-590972933
382132013
-53974095
2022740907
800535232
-274127337
-55688772
2006632828
-1135191499
-1203808092
16923347
-518560886
490722532
-1442763364
88789219
-1441686599
-958506290
1326821132
-725020609
1477874232
-1823289951
1426227306
424529148
-514426291
998006826
1602675452
-1399039621
-1406841001
454508808
-1929896839
-819359162
1113806353
-1693533022
1789600751
1151292192
-686428653
-42268070
441563368
1819912534
972912542
-1986905854
250562760
-325822629
1048400280
1851190926
1668040313
-237732461
754398165
1212608267
-1810573239
25394286
1342925207
1677106895
-1313210350
-1045601351
-1773948840
1822815218
-1225088614
-2128182480
482787014
-1246852356
-525595843
-167710633
353286158
795988703
263185609
208934281
645730141
124355623
-1224759128
1975885393
1095409571
241948527
2056522564
1071928568
-352650343
458764055
-581897050
1079690590
-1184482811
-2106054605
-2088439712
-1052198643
-656620996
1579960006
521484205
846192778
-1071850264
993702191
-262293034
-1001308690
1107954955
-443961630
1700710102
-1122097994
-309168829
-1468604837
776486976
270066390
-1875980977
-1550363056
-1525910432
-1523685613
-349328431
-1732499930
-1818032223
-1051494254
2009278549
1171909029
-867790802
-440052821
-303949423
1546216430
511559642
502710274
645166062
281171371
-1788118972
1055912920
-1495495609
693174921
-1779530442
-797386594
1912685295
211425763
130922829
-842365749
-1362928904
2038953663
-1161742113
-906101010
-589659726
62352125
1491451672
1228643846
66898546
-1322677811
-2109470362
-602957039
-568614252
623060321
-757525226
595437538
279806402
-1348865053
741479231
-743006409
984341109
-1709535319
1601779422
-571432438
-782168389
-770586969
1660862786
-2129447385
1704619323
1502501
1495003306
1374566910
562985590
-1954797647
2080617772
-1614036550
-838333873
-2075860907
1290751959
-1902497390
-412422708
-219030771
1532182556
99428702
-1188087522
1351982451
1823155049
820581740
-725850658
-1852105284
1966172950
-669615980
-950151783
366210279
-2017325948
-933805175
-1231128434
1208111154
-445280381
-1022767759
-1963877195
-1050214960
-2039210252
-267763272
-630511357
1512141017
-1688830033
1677498145
-1465267988
-659748734
-1956310618
1096180765
-499528663
-1867225459
644038474
440476768
-790643013
-2028486398
311951149
702727088
2141584687
-442885345
-945140760
1982038527
-2122790622
661952908
-1628260802
-52067140
-271539705
1615750610
139556225
1511237989
-391977433
-200616690
-911566284
1278373216
-1077084183
-1631140383
1025525489
-1401487605
1890493267
-1803982422
-784526451
-1290417135
1424744400
104590583
213843577
700129535
1972898355
1937683256
399872106
-1036669418
-258555141
-1096148555
1152128572
2139358562
1695587544
571733441
1531122963
-1460443637
1806509934
1796358703
120216771
1527736554
303850072
-1870221307
-757113743
-1912118689
-1315578770
130420335
-1565942406
2116521313
1435763531
-1854292490
-905344877
1179734997
393635593
2001249009
829151536
1061111843
756938318
-302494917
-1072274646
1041671175
138573452
227425062
1986596507
311517348
1785773187
1292146094
-1864880628
-165069858
580217098
-660302863
1253282514
-614646040
-1393545713
1414299614
-1423965260
1806735899
-779624484
2098079277
1423899089
-845485559
-805841253
-1293028466
-455424064
512702930
-1644993508
995766564
-1305768200
-1715448139
811885012
980751412
246130546
798902506
-237626584
465802521
-1351066227
1970406830
741218283
-981581445
52832816
1027190430
-876049627
1273003456
-1371682507
1429795400
119958038
1856367041
-1878404603
970351102
-323522694
1907154113
-669862273
1419235566
-265646323
-2052051814
1109478429
1973227631
1582538065
377074744
1367229273
-619078243
979185550
-1005433525
-827903667
2034439207
-857081831
1401631032
857214873
-2043446682
-29809959
2101867856
-1890429304
496745138
328562182
-1720740285
-1371990667
1091821041
1049574196
-358725930
1215016299
-2137269392
-2047003505
-1034357293
1757352459
1018761717
1572938344
1029619521
982496434
365542932
-149906192
-1627145003
1235516890
-1410793023
667633218
-712775256
1409120448
357781798
947099814
-722203351
-1502669497
1071929527
-168831725
-698228396
798303260
-96161662
-762522123
873719843
-4787942
1676603595
2031405617
1441571909
1911037934
-1785136169
23600229
-1594087155
1095249662
520589576
-2010707340
-1903807059
-16989050
2032106793
-1763790527
1349668771
-928962044
1416166411
-401305415
-830566286
1973918166
577707856
1052232727
1474632341
1255097120
-726774138
1664068195
1538222512
1469851635
1533162615
-978117829
-2047741432
283916715
1387572670
-1374862379
618513205
1201100695
-1160475491
1890539587
222110229
-390196257
-661371378
-2010102535
-439661052
-783981918
228449303
626977932
-886643383
-1791256738
-901080734
1058274748
1445043410
1086674069
-1258130932
574399924
-618184924
-2131275348
-588243523
979870351
379659916
703339285
-1256964360
1202879006
-1227184486
-223137616
-1433195597
-2138253080
1396578511
1638475374
1119759146
-2136711823
1510572181
178170679
-1273873169
850088895
2081749615
1445894669
510901573
-1395579623
-1053529488
1560377713
-1282442577
-672432111
174136817
-457241339
-306245437
-1950647099
-1603316611
357883250
458726467
-274054815
31384592
105044619
321330285
-1962087705
1603628161
722303922
2119570833
-1430798798
-1035743685
-301530502
958941412
128247095
1075828787
1469563790
1752208788
-604816242
-944348907
-2142791216
-499558628
-2067401424
271138752
726198213
-563882792
685117058
745527029
1483197231
-719939877
-1726813038
-177723318
-716806405
1442558976
1119850143
418488932
-252090531
701328703
-716297762
-1440080284
-257547207
2025892417
2048142459
-747061087
-503970364
289549109
-1257444131
-40259432
-280424597
1819575268
1283557678
-895951840
-1815366413
774517763
-1110394086
-2015807007
-1993187871
-1376227129
-1476811818
-903266554
941570843
2075423679
1295570019
1237089329
-312651058
-998874403
2083984915
-2064804433
1399187090
1264199125
993900364
1596656364
1330878412
870825130
-589537141
-1062960855
-1531384236
-661525628
1638446507
41256299
-754571946
525553607
1719682919
-1117390410
-1014734211
1314861666
1312397597
-567828101
-961889459
-61035676
-784777516
-461668018
1559473360
-537400620
-517187712
304154075
-1868568204
-1828799807
-1686509692
1713120794
-1791123149
-1023766889
1578162039
1610544321
-1248221196
1166783412
-2142201046
817255674
-1288561103
1861121850
-2128165654
-1440692650
-510099495
1179407654
-61077247
-1749976064
-424985226
-2096593759
2142205315
1339110197
-328383598
-245860970
2097603142
315718899
-1396435881
409867140
1978129713
-128028944
1758156661
-92085868
-170092871
-1163530291
251069512
342901741
-1449356631
237703819
1798015544
-2139977145
-2146885343
-1985006274
-1132094621
1132040126
881452000
-2113808641
-603882119
1598227432
1482023877
-182232794
-942930712
-1566068439
502921874
1849040825
-687497672
1313231941
137729267
595379486
