1216185780
1949594558
1776752800
-1284348054
-2061966971
-1312586438
1050309719
1905084182
-1448056708
-20029109
1228786687
-668074495
-1653061436
-1868977893
593188383
53336784
-313287809
969714812
-1606345449
631915125
-850003550
1955768055
-1602750292
-175536808
-607192292
803879460
-2114839612
-346336300
-278133699
46250299
1399732845
-1150843420
467600725
-632022549
1842908195
-625661411
239014043
-64774550
-1555878318
-251719713
-968758703
-1272148788
-727471335
371867847
-1044646108
1186695064
2115741776
-1440342681
-825873192
-1879549032
-244383028
1885671737
-1396709084
183457521
1470749153
-2020077104
1465701082
66092402
-1038266585
2051431759
-1756550837
1337798192
671219329
1350446111
873539048
-1485697454
91976283
-2056107556
-1200729044
2040810792
-894953422
-2002531953
554173369
-1459186302
-1977779879
-260683486
1628059841
-245678017
-2048345095
1593866256
1843969703
-104948700
-987254696
-388901541
1596604645
11362030
-1295061410
1535236291
743542319
1742246825
-1670002859
1315699508
527788505
-1525048766
1984499696
1715425919
1094291317
-2014442405
-1949170034
-1958759347
-924726080
-1324573858
1011800511
495031375
325211581
958479316
-785476858
21565882
1289664290
365965815
773482976
-213391374
-214234381
-435891323
403882757
670905989
-1401334931
-1719004458
751198189
909464666
-1026088924
1631070000
816743061
-1848171991
-2126651025
-1914444198
-236779134
-49311699
-690319869
1643225967
-1153054714
-641512680
785874653
1429645043
-673931583
-415644601
-2088917659
837915691
1424365674
-411825865
11567056
-1521266776
1946980047
-942334410
1258975173
328678181
-1097327590
283693149
-585803965
-2143102318
-1653613483
-1670303043
762683329
1142044272
-1400945873
1588738775
630984598
-862482593
-1317238273
-1552535471
720703899
1122645748
1721334281
-1615010841
-757968114
1344905680
-352315648
28500383
-1514808391
894895853
688975308
145560128
-680262574
-1856430021
1701907341
699957252
-250351835
-786243477
1045553374
-770362740
1571579632
-869322231
-130181795
586044947
116738061
940643280
559320939
-1475272218
2133055446
-1174886855
1839281200
-511233517
237678148
-1845297579
-1831132191
-988788640
-1361308199
1664340444
-1194101179
465741951
385353151
22368388
1886108532
1087931263
706550321
-1796489577
-1214135070
1814308484
891694874
-1037065025
1216248475
1946935482
1811185915
-606426844
-1144635185
462017670
-381650927
-490707528
453751185
1337665534
-855014986
418238417
-1869762853
-1588770661
-1663067129
127862007
1918243029
802108973
801601478
-603680513
-241273770
-1026029298
-802925438
483295576
64286122
-28104806
-685704459
-1291527772
1878172565
1062592222
2026076588
-1457898102
1433573016
1961448078
1282246637
-2069961782
-1839785870
527366204
-45763884
-1228462447
2005972969
-386592313
-2027702081
-547732211
-1761499958
338942737
693941995
-372037052
-1065037779
1447255796
1601310047
-557429471
-1676653315
-878368907
1919950088
1765604815
-1702972234
1262239034
-1292352475
-370690998
486773872
-998168007
-440156956
-1240583117
-519363043
-253299790
-1994177971
389913059
-1551508978
-163496098
601464671
1747035329
-5999429
-1471473688
-219313032
1945621208
1108460739
-1787755364
-554598663
232792483
-16566991
-1644664738
1476808489
-986150869
-280379392
1472814044
1825036377
426606163
-215939871
1136621319
1637939017
-1686428302
554862650
-558285378
502696650
-620763614
-937468302
-672848948
-1183884636
-1183148201
381863787
1514560532
932776121
89883315
1082424911
5957386
1636331626
-516892137
435798416
158307429
-1642719175
514617981
327178025
130411538
-2143446610
315217924
-1645276887
-126143893
2050040703
-1925640372
2116785777
2036267944
421558762
715364355
-1924303941
1088094869
1673861477
-1532590912
1190312159
-1342884219
1388011386
-1800029169
1189783121
428881030
-406135317
902411980
647966446
1805492181
-1765917668
2096779188
-1041346057
976817556
-1853011278
-1472301000
-961506979
-1462143046
279063926
2108810900
305793086
1848798026
-114507905
-1841360608
150463919
-1019386425
-855272048
1302137574
237260732
-1200155162
-1143717186
410391924
413594284
1692627845
37929814
1501887474
651739272
338092764
-1404947972
482642806
-649747234
-483272975
-654103785
-2052211562
-1662046014
-1327519919
-58293652
1748394558
-1539341547
1891667196
1641099017
-1928629820
453767433
-2058224992
-1676111516
-1986054087
-369413404
-77085686
1122662338
-1789587199
1754994947
901499097
-2019130147
395932070
934153505
-1530849676
265608384
-1739694360
1459151833
-1758284483
1379941366
1642176280
1465762408
-2103077626
712498403
870530469
1134107832
-1947710269
-1044394128
1665676279
-1144909927
-1133338239
-2084788498
1273908091
-1979737263
-1882060649
-225336781
-223113986
771261014
689936666
-1879657975
-1446719169
144429145
274669717
423494089
-957593922
-1086567034
1231965945
1234626114
1860305114
1809408522
-1792660014
-1571399970
-567417830
1427385813
-658483525
720065799
-1052015670
1257756832
-759915244
598205894
1068877001
-1029153231
911941361
-1645379155
-1853269599
1115380445
-68554411
1272323831
-624268328
1177721934
-1742414945
2137078253
-1152711035
541620870
159962692
-1078034550
2079659557
1840921891
1327775934
-121242015
185864623
-440594204
988283587
-1622670914
1852285157
-628207253
1699548346
584907531
-460729364
-598201532
-974328982
1031806325
1690877982
389012006
-2090638604
-1731883057
1581028895
969082743
-2017835773
1915181238
-1310685906
-1214378731
1560278593
1643276532
-1459224643
-666034093
-1967368436
-854628311
-1361103550
1211541825
-671153303
1601775528
-2108238513
1496140336
1643978296
-571678818
1782083552
597449588
-1008460887
-1216439687
1108215539
-1642471573
-1393934610
-1250004346
1598858590
609563326
1023196977
-1883142692
-843903268
-401998618
-1846097976
-1087650696
73063784
1259545842
-968112217
-964297559
1546493902
288476806
-1581071338
343787950
1903480190
-556227802
-1131961693
1063471261
2119476131
1217129396
1605541465
1980938117
1081032563
1080770103
62217265
-944348458
1374587336
1837220829
-1608494392
670008577
185124847
-1496949950
-1205175982
-1933902757
503113152
-1434117390
126906830
156302150
-1715417874
1048573996
989831802
-1685252462
-663921248
900503017
966062729
1650349600
-350692288
-1303281636
691936787
-376099896
1049225361
782587706
-1320692403
207582332
-1204137465
-147410949
-1403905287
-232724563
985816402
1770761058
-796420577
-883386131
20598587
1389660923
428591869
204107733
1269387444
-1770207901
1851748155
-366101976
2020999209
-149266675
96030051
965753912
-2126625764
-1644983486
272984975
1823433608
1505833712
978245993
-920426141
1463779250
1860117508
977433224
85477693
1966286219
1465990659
1727736586
-277407573
1142104196
561714809
-826512190
-871945187
-845572526
-871483734
1533426991
912646619
-899071791
-1025468002
1029628929
-1932713928
-572267995
1316255616
-1265502756
-1928920313
-693020894
339800617
68077403
-370512818
-1128600595
401635062
216829015
-45913031
-881535261
1396894177
985311080
549827665
1888091577
1837034959
-349704789
-2015983123
-1852020509
1849613862
603185861
1054796776
-368113351
1595624866
1508454696
-1028792428
1509143512
-1518461335
-506404203
780015853
-1149077434
-1090091172
-985522975
2024894993
-483543847
-661153105
-1993709829
-2138577425
297307480
665854395
-1490634196
-1589706177
2112595938
-935075310
1032184737
610403505
-18983922
1144758227
-1068434906
-991815832
-158826413
-2042465984
943647796
-1307483991
-1196154454
1423718285
390359597
1276303823
44757361
640307450
-1648250651
-2047073918
107455890
360765475
-1151076252
1141226792
-824178972
-2092956522
-873952535
-1325826662
-1133540911
-1031110490
1447807026
-589956325
-826258120
-1733638018
1557043450
-1432789883
-821386349
-192485768
-371124541
1133829572
6392412
2057511087
1906928597
-959592056
910472108
1898539986
-1245040763
-2113414602
1779893797
2020915003
-109329734
-1419758049
-1734166766
-587438529
591425709
-1122010381
-1211997492
1349356231
-1884071953
1692175479
1943586655
1854190879
-1032953936
-2106516875
-2093546132
-1475056370
1057209661
1172050420
1160481616
1624352806
-657732150
-734171735
24252037
742445404
-317699983
1859787181
90126152
-390908454
-1138094982
1255005807
-2069306756
-705828077
1941376988
-1208187157
643177934
-586120680
979513860
-248334821
-2123349480
-773645271
1963914964
-1183178834
583061514
404272271
-1713934866
2058098679
-1954680057
1921758120
-949302735
-628576472
-1702769076
-733470909
1396665731
222809023
214366295
1687682094
-286036783
-1577256897
-391722875
-310659828
-2124230573
629004323
1341938429
406952555
2058032148
-16353265
437874381
-74657772
667397297
97905992
-710376879
-229819483
1122735200
-474941338
778686939
-1322301347
-579328972
-1126195384
-781247344
1629721654
2008137118
1444278855
-1772858480
-955524551
492242998
185036973
456234841
1671147021
625461179
275234920
-169531540
5299408
2041876056
1494396154
-702928847
1750107945
1444990760
-482303565
1247503127
-2093791075
890574076
2135692066
-1915788033
-1382285278
1089954139
1356827592
-1238524198
-719712783
1314650057
1420513295
-1873646448
1938889376
42015052
1128058234
1607607843
1198373743
-489917397
-595506916
-649486572
1653573601
977882105
1377861966
36485125
-2025425778
-460153391
1886598811
-105257313
-2109044937
-2105228062
-911945729
130275253
1332885531
-2000264403
1942916689
91262889
-27454328
586191501
-2066873604
1277144334
-242387276
2082120183
-192954891
-1247825521
-1094359347
-1894915325
-1155373336
-386632434
-2010646195
-508933205
490059188
-1636882673
-1948139885
944566353
325844506
-956661161
691017647
1536530950
-2089008464
-1954277680
248022141
-50791159
-1458699493
76926383
1562263284
-513715315
735525244
-708768808
-2146060353
83321022
882391850
-1498474880
1956300813
-196468730
-1792511838
-893346284
1082633381
766223499
864164027
1918931801
328736316
-704779012
1005226781
214739667
-402318582
1049800589
-1103647245
1079521899
1847276954
-1033018817
-854945057
676601163
-1863942943
6751076
-1226674386
-1794020852
1076646290
-777558430
-1351982260
2049001235
1184677040
-119535434
513262970
-884434633
2141854564
317764412
-1571429443
-405616473
-2012269552
-44143700
-1445498599
-1471547381
603523235
-1500939673
-294317569
-631698968
-1085605330
118982772
545504259
-1006757816
617157047
399710660
235199697
1618625177
1767735885
-1282283587
-1329759135
-925501995
-26494884
-37232651
-1067397526
1570706147
1786022466
-1534801090
525199123
838375228
-1619763678
-201924382
875005680
795454418
-1281533705
-2106799569
-1417137620
-665567700
-1600328981
1383455285
1384384257
1121552341
-256029464
-1117291059
-1882388624
1366632439
220775279
-1485101090
1030081070
-1476545726
1855830697
1210596827
1125762781
-582754799
-817885253
-644757361
-1045319301
-780688177
-903537826
1897393436
55417119
1645024919
150819245
93942336
-709509663
1397794330
1125616449
-1376660006
-1156689382
-1066064699
1076317050
-1610303828
996776653
-1562129373
-1107781601
-1502636446
158802788
-1690764929
1204893225
487012307
88471710
-1881243699
-1712824357
181804422
217784007
-1998670903
1079724054
1738927222
196917034
1822004832
-2137653526
-881477863
-1775925052
-2018000561
-611480720
-1143245666
1486610489
-1572013558
1067536086
376383606
-1843266805
1993772766
1338442938
205684246
753234441
-1142955431
-1945766724
424664314
-801745147
1222232297
175843662
-134727444
-1931085367
-933782334
1231667149
-464051578
-1063745462
-1615909883
1064805845
2041109492
764673566
1411835166
-1872209968
-176785922
1850349355
-2102401683
-408128304
-453494459
897726880
517983784
943078302
-513876020
-1058829527
-357006466
-1620032237
2075681466
-2098289314
554318336
422907813
1227710557
108633467
-232884676
427503684
-526360974
263738198
1814094506
-1756152730
-880251741
-519685235
-1868226612
-1995325088
-243995824
-1689904898
-319360368
1146150136
-398427503
-167814789
-304843528
2065320759
517297531
-106427970
520629500
-1824260734
-574251614
705008794
2119380398
320245483
740186847
1182646643
1299555999
-1477039676
1610888019
-975919632
1395033473
-2042908043
1578442667
-1049919762
347147789
1173703567
-1468358747
-1663064905
1006210087
-64846048
-2092158255
1227361907
1981318206
-999171768
-946202212
826480862
-1613888007
-1312153588
-311123318
1097696315
-184220401
-1253813142
1338279874
-604578424
968416374
1491515564
1728913615
794216178
-485662785
-1632364543
1786342564
862573450
965484224
850848584
1830893537
2129914425
931118963
-1059490001
679732052
1173447665
-1567583715
1389967228
2030735041
-1273013979
206816178
1622485930
1715186661
-1061760390
615567991
-874784585
-228180552
-1075982146
555165929
2086081596
-315930637
-955490279
381158109
1149299901
1974481617
1389570689
-1835597592
481182530
-1800591592
290733427
-1434055168
-1712264666
2016847450
-862587169
1279753058
-1294181074
55698296
-438088349
-295995722
-1068144931
-162029721
-689182788
-1767096719
270944005
1528925750
-1584810119
-1331775365
144060065
-986019761
-751236368
-1941745903
-1864620830
-1962275844
-794080650
-440584213
1328720263
1433916205
-5516087
750029217
64137329
940343672
1293004497
-1039547575
1567724150
811642464
-1594885496
1011329637
-1320702091
821809113
1877109045
1404740348
-211747415
1037617419
-1938678561
467854854
-1521733054
668868950
711109888
191445516
-2040484047
-319543402
645808761
1276383760
185434691
-62683737
-1015873850
1270167209
-1120878223
-1379203029
1187193458
1541823858
-141043595
975412874
183281357
-890416475
398367648
-952772806
2097430235
-1702455038
2079077354
-1860936641
256570254
1272947701
-30787510
2002990069
-553332936
16257015
931366984
-269759987
-984986566
-181174989
-1480737840
2054816980
-537560319
1868296301
-308724665
-1591809349
-1670966477
1492049439
-405710109
-2034656237
-1326521308
-2020785180
-791218121
1013949719
-1369024370
269055002
-204107507
164228143
1363345793
622032833
1379648631
-2101624717
324164760
-1473303895
-1560434904
1999490157
-995145363
-1330809396
1096316927
1090449699
-426450354
-2079044616
2101643748
-1006023341
-591811536
1408715953
-180652329
668595456
-1256631837
956117332
751169606
1085152557
-1581097337
1609328767
111526046
489734120
1604365118
-430210128
-1985621469
-593494903
-1349225438
256400172
-580694268
-307120069
-139376519
-22868959
-2046808407
100876987
-931182041
738735374
-203373488
1817707360
-1060343709
-88599454
-1264901417
-1045990822
2034418093
93220195
1029204442
-29695426
1255389439
2073646929
39145472
1293934017
-413644222
-1825875254
-1942978926
1228676547
-1916257789
1881637232
2139787853
-1734583409
-899498906
-1794360376
795137400
1013416801
172855130
-282312347
-1008138441
712248103
550437902
64147269
1058391073
-250252916
899328931
-1744639878
-1938791408
-1970001615
1726978850
626490636
966156601
-199068611
-490571089
1988401949
-1332372357
675607575
-149105666
727191118
-1550576901
1590554994
-293710842
-1726344863
1891948784
-923361143
-1062997003
1460991519
1462857147
-955128405
769932643
-1038817412
1841020218
-217555462
-1299243575
991898104
254698077
2005250159
-2085421772
-541950393
1299578616
1941662496
244321333
-623343052
-2072527654
-1893863227
186514715
1080716225
799427615
331627128
1469553763
359193235
632812226
-1587842629
2051210351
-882214004
-1728741002
-903108929
-1226561418
2706105
163791285
800794339
968069820
-547209361
1770139928
1098004346
-2121223678
-1832350032
1056513513
-579258159
834437694
-603967534
-933594890
1327986031
-1123185
1302955874
49606823
-1896275554
-111879574
-993895355
-1427494573
308760362
-1221216231
1363049248
-1087887666
-1100687000
-438375834
-570643463
-996721850
-907047559
1028610963
-1285366242
-533229745
794104528
1982137228
-1623806395
939956027
381638640
231690079
-1107973388
-1086977617
-745240710
-1237578773
-666698974
1489185650
1282591078
-295974953
674646814
-585726840
592467088
-2060066618
1890722736
692146815
-1530096522
806596552
1252396925
-1578152952
1665623872
416123155
-1149029713
108562888
-1474316289
-2101640462
-1016055595
-1427593104
1405811001
-1233700868
-214713081
529365002
-527744091
498792585
-6647731
1928383638
-1952309966
1551769442
345080384
-314162219
-96850866
-1170899529
-1551855630
-879815581
1377983332
18485845
-118514422
-633128437
-954650459
952598551
-614786253
745575254
604986890
547813277
1117864887
-1305099163
951373210
-726497220
852936550
1502081792
789818856
-1889006540
1759254716
999272430
1194410719
1971463208
-1325747134
1088070022
-136020287
-427756086
-228324556
-1805335674
-393304211
125018581
-1679690653
978669602
258116576
1863230784
-1197291683
-2005359008
-1347744259
-1037395536
1980335562
88195490
860488848
562694445
-552814824
464721540
1723120016
-327399144
2100615770
-130553624
2000914596
719229020
83202669
-244027570
-50437656
-77873948
824897628
-643541144
459814128
1809742924
439779333
243564525
1818724364
-516895782
785251068
-1069679699
-2054504499
-1828781137
692569518
-1332366875
-825566520
35905849
-95446327
738537428
1792517529
-1014610709
1538263259
-1684635763
-1205556438
-1993828560
696493625
1101404175
-1751227083
949291164
2011897633
1246444178
241398023
-925818524
-1114406365
-1286057693
-346698619
-172600304
438988476
-454417806
68444020
-365656210
1637091907
1804988138
254629108
1641991113
-208609528
-1112290558
-1889662643
1802612571
-1312814663
2135149266
633180141
-1660557825
1842108679
1489097449
-1292167759
-694601686
-1520876662
1176838749
849978211
2076372252
724490210
-1316623838
858195075
-1459084207
-1284371682
-1179351649
1094964810
1469567550
-39253664
-2051856258
-592510229
-1703062471
1361145024
1673270723
1636248859
1305726904
424181360
-359943136
1486409683
1383321789
-169613791
927404934
1794643540
439868305
2031840165
1456257023
-1559121813
562816431
-383078698
-1480147526
356394742
1975970307
-1482950219
-1733121433
-1600686938
-2079519660
-1168404267
864321477
1586030341
-982777859
1577395706
-456137864
-124941381
164275683
1791185148
1606119455
1745989132
-278915678
-1204604175
1202684838
1353722020
-1091205623
-12802166
-705487144
-380858474
1635371208
217163965
1233037879
1092056738
1487162727
1703790756
-344607729
446322614
-1378820230
-723982940
-2143945784
-591602249
924619795
1472101585
1559977596
-2138204288
-1503683977
1813855889
570259657
1991530282
-953752557
770230655
1910837735
1360314765
-1953769552
-437145711
1724163068
1619776007
-352877595
1564879228
195073454
1142642299
-1262353203
-1704977322
-1387726598
-1165842532
-629796614
-1183099523
1594876739
-2123095701
361488809
-1850138441
-452676946
311107582
1508764214
1801755802
923653292
102663298
617419474
1929212206
-1279270441
2068317826
1030842994
-152777520
-1469439230
1262015848
-149978102
618842968
717083530
-126333372
-293997830
-1753699458
284603634
825346508
-804676920
-480872839
-1530869841
-1702705501
277792272
-1315897880
343948607
839578589
180893880
631198709
-1822558337
1729355715
1895608679
351609272
197929278
-1514254638
-81359305
1400995800
-1755583476
956268297
619219112
1387279736
49667928
1947786084
1451080920
-234520241
1024795833
366535587
407269360
2001391896
-171618933
-409187249
-994686495
-1564144851
454626750
334666494
1468003920
273895022
1910032362
1966719701
1982161102
182406247
-561690971
-809990834
215154764
-2106154575
666646296
888642362
-35658291
2029441176
97597648
-1684674039
-2118942115
1537982974
1028101841
2010401097
997021761
-337973122
-1476002319
165256300
1941572463
2066981332
1692320866
1601717453
-771455680
-306261381
-1415801201
743059445
-1276567709
-1620068457
-697524948
-1668741607
-2034497003
-1843397867
1031565448
-379831065
1448305038
668014096
1211329829
-2136010111
-497506626
-960598666
768884105
322745545
-1351839943
-1620962069
-288576170
1637947615
-1633460114
306732012
365369752
-2128525593
-74495457
-223573705
1559368286
-490332657
-1166969843
-845453206
-836238965
1200673999
-729697550
167677418
-722867475
457226611
-1966597965
-558009082
-859989618
1352005334
-2013080619
-548414373
1051774538
-1233821329
-1027206608
-17890183
1925727137
17666193
-106243357
222934214
2134547150
492685294
926749576
-1619449182
885294616
1283683676
-106421081
1127438028
1583662183
1866155739
371519855
-1827074813
-928792039
-1789977386
-517794142
-3864080
-2106330346
-1871029079
1699914961
-1138035902
888486433
-85825693
-732771895
1931720218
1228337521
-556189492
-551740083
569829290
-1330026368
1149006505
1099728132
1854344216
1881729826
706959422
-1361452108
-104798297
-1059478056
1790082579
332924848
-699646440
-1909654683
1762931195
576425103
1652466766
-444719198
-561979567
-1764580322
561465392
1522338702
1110635397
551287447
-866856238
1992040105
282461910
954935826
266651863
-1616510591
-390509216
452751675
1195248912
89562508
1774818393
809541956
-424777367
2074820152
-36221033
851801885
1048396292
-1316278464
-755926187
-2052205598
813946534
1303080001
518411829
-1915713387
2025698898
1864709516
881276808
818653453
905595187
958438973
-1990392371
520460845
-1895656258
458319756
-917565065
-1091285161
538222103
-1240089245
-980002829
-1198101725
1858604724
-1645500369
-109874455
1989228363
-41550016
132859898
-1715619903
-501110806
-436728639
222375097
-2134488216
121495013
-1317987332
-947560478
-1636684205
-1037574999
-1449890025
-259984574
18515139
-1635162346
681963904
-423810804
-1359831221
1698445242
-1036460531
1247054132
-978876529
-1470035902
278930277
-1271957507
384111949
-795141076
-875156835
173744592
1755893665
-1720892735
-1312299995
1875038288
-804577660
-1726970814
4800229
-511640406
1084985493
-521408927
2092395938
-243354831
1517631772
710423538
-1766875481
980229161
-147035573
-2033118238
1351027104
-1114751518
-1173925946
-2040415385
-1684310072
1149193224
1860644196
171480953
2120329798
-1584916423
-329234889
119687552
143213268
-1793558568
716877769
-881675442
350491298
-1604996320
-1166633560
-1730261426
-1959201927
-534294148
-1111314139
-1405795843
201887522
-2091657452
561772888
-166400614
533510407
-1372371029
1697238886
-1749296871
-2136916453
-528055641
-1361433851
-1451802276
1523535607
-1017131919
-738882752
1407234981
1285744709
-956688129
324710263
-40539067
42196321
539093934
1670274218
1400401049
-272471748
-1951670188
-506744074
-1926529994
1629579652
564277653
1350948702
1098549603
-366565375
1653854325
-441190962
-633856825
-1948527038
1292165423
1733091165
-1547643805
1630609272
-2002144956
-1092106030
759634369
-1260620639
-1106085162
-1999901335
1130858349
614397672
-989886155
1997609430
26849700
-2138299317
117084858
-1156619382
1590859
-259741058
-263496748
-1770221516
1846982690
1087439886
-1943341217
242872714
1388964153
384189385
58341436
-708986552
1311541410
-350113187
209004573
2083457401
197072743
-1846664641
-416901216
-369343244
1762576574
-1735385650
318512031
111633449
-959598213
-570141769
-552858683
301748765
2029648581
1630397850
-2052827547
-777939534
674827276
-515343122
-170771066
-97268948
-1083776966
1852590625
1610633538
-1696550416
866712104
-1808772606
1053375311
1182716557
-967332781
844737891
-269275170
-110427904
-167270449
357342969
477173667
-1874510029
170460794
-874601593
-1769748684
221955015
1246774389
1349967931
-68757609
-266131182
-1970217776
-1034120360
614069269
-711784341
-1197965948
1743350548
512799060
979797412
-1397422427
1833952963
1755333028
946507479
1306446039
-1677449676
480483992
-302787483
1803794177
-1898460326
1732501465
-509690565
-764969151
-2067803602
-1000593610
1969478487
-1900560609
-498761004
114092542
-2065652598
-206387452
236052988
-620447855
-1033079937
-2077056788
-1575664758
-1446445772
-1181870853
-833270182
-826088583
237172517
2078696806
-2104069748
1391634684
1392647919
-1679244663
-1019357712
-8816666
342272767
-285059688
-817263658
1940567114
1912337270
-1688372877
-1422816410
-1912873882
-1758212032
-1266761432
1565397715
204299452
1685144676
1640850108
1250505680
-2031484287
-18740579
-2098132437
2107065411
2013311035
244045610
-1945413460
1584997944
1450326181
-1525980446
-143420360
80124695
851936213
-1462725750
-46259
-1133636071
784491168
1099191658
910881007
494584312
-541215683
133823005
153203951
-1018647066
959955495
-1613287255
626269295
-107326017
1061942856
809167567
138485412
-847119999
361713491
-866335837
-1437742627
-1203472389
1209350001
-89932962
1875096772
1786945732
-1869045473
-246653838
-951140380
558969198
589270613
-257712674
-103355541
-457772548
1781360107
224204483
-1476704976
1250665616
1559935800
1189107511
-2109787402
19512424
2020568060
-2033026471
-1303667470
-703590389
939931775
232670629
-1313227638
-189793602
1955543545
1594780041
1979028319
1014473021
-1372005580
1144174392
-1256042867
1106202023
1134376816
1946312637
-439674319
-2135157063
1527513990
1933217874
-1899026133
-1832303042
-1675139761
-837156879
-1633684188
-1090702650
946625861
-460373461
752155346
-1493860202
2141562475
1920529209
529036922
1116863966
-741199766
1270092112
1394926774
550800945
485922812
-1834608839
-1081914504
856676657
1659060621
-189420512
-1799975090
1355133065
1466890783
1006501035
-589276953
1932615968
-381664659
632688974
187715285
512320394
1547544659
-628705827
989243283
-3727422
1935659628
1721681506
952063946
-679823338
1713775100
-67177168
-1023713073
-132378782
1150881552
-814522824
-2079194256
-139886976
231973604
-1052607590
-452207888
2088234238
-1195395964
1392398207
178660431
-81837807
1262930869
1432213285
-1497582131
-1163306294
-2081173996
953293626
433941169
-472314233
-1692411264
-1830063762
79693638
-742272341
-309922123
-1629961405
2072631590
1749030033
-1865977031
-1181487577
-1384867910
-1049794371
-1659295366
-403992381
-421246720
-1389688236
2092431416
-1228154475
1114648207
76570062
-1823530464
1915562684
1394540248
95578857
-1268157767
237545234
1062661805
-1307278880
-238793341
-853541761
-1660530937
1918992348
2007108445
-555286644
1553056515
1712350891
1209682471
-323818442
-312389074
-2138162257
1697452711
-579051516
-994714879
-1062051304
910686384
-2084675237
-1845188178
-1176378283
-281372288
1498286097
-1146144995
1402560711
1451891818
-978609345
-2016848847
190614967
1172937140
-1880672166
1728070990
1367705738
-1953002558
1279285124
-942042593
1784505394
-1128354189
-1605844705
1051233684
-443897112
33222858
-1010251613
-2029659606
-2055616745
-972464944
1781260465
1317301870
-768702565
1840519609
1293540456
-99361341
2116891434
1031400517
-2041417226
-667424414
-602087662
1333975401
975557233
-566649438
2141977892
-513159378
1312713446
368476025
-1889839888
1467840472
-417520974
-113865150
-2040341454
-2003264695
-1695896816
-692445761
556212875
1289007783
-145378317
12373090
-756202381
-664825284
2069830166
1824201159
-1947821715
1021791646
712139344
-585342587
1384943997
-39994865
-1522919892
-281330138
-2049411625
369570598
1401214392
123902067
-1100349224
819889582
-896978275
552986356
-1637154503
1016210637
-1188845456
-681614922
1378712705
-1669526168
1368081990
1690775118
-1587215173
457178054
1252973965
-230504418
-1045219991
-1849305229
607504921
173811926
1514834872
701004134
-1539528835
-1362856643
-2065035788
-665243547
1855424412
-453103055
-173574595
1732421544
-806846849
805783020
-1473981317
1229984700
745707367
-1899279992
-1993745521
-807417430
276727590
749399748
241716682
-706370472
1470607274
-219316728
-1095353182
-404497362
-960673574
-742543194
2055212962
-1884867332
1649197732
-1180472478
970950306
268281370
-1347963818
92282164
-1025234120
1181540560
1753804077
-114571701
309126510
-111126280
1335982635
573369173
1270458292
-694373406
797947181
518387965
-1445501416
977322359
1531949372
87481269
1098370228
1350198176
-1739220958
1547292597
887712102
-1248327704
1417137472
1605283138
368852166
-1215981729
-1512576609
51918131
-1914050988
1129185473
1582753092
-2000477776
1897390065
925417688
-1743650361
640089917
1191017616
-936571618
-2111092186
126685686
484351533
1346012325
-436618282
-2132161764
2141673213
-1220441285
971664667
-1919315249
1967385062
-1324109112
303907993
611969564
-1282154959
-930687237
475862569
-706467526
-1982981507
540790565
1857829104
-1516282351
-1810416906
-1962681756
-216274258
-533524741
1869256391
535702020
-411691949
-1856182835
17410252
1522085409
1478902743
1292338968
934072204
-1225160560
-806883510
-1119807061
1626052710
755157503
906843434
848577116
-1576924663
431775066
-2016178700
-1592879097
-344219095
-1739635344
720216829
-1620323369
-492570002
-1002467114
2125053569
1200439747
-181909328
1984866315
-609171204
601437531
-900452767
-189670948
-1047394376
-1936292156
-318272694
-2114270711
-1169059673
655645697
824854394
1539679785
-934697102
1320075891
-1975629702
1562068170
-1625532463
-2117804894
-973142587
1186173660
-1502355171
-222451651
-1727958922
2066150222
-635058398
-746282913
1262363203
2095281401
540384313
414695443
-224720983
-1985674563
259119254
1297393946
-651626135
-1988234775
1647727326
-1471483157
1864169778
275747552
1166355965
926279162
-187431521
795387896
1180717109
1826629437
179026275
779740837
190494585
1264064491
711535042
1416554198
536493819
1350823302
193640514
-1979964258
2146937346
496027164
1618529186
-963053545
49547265
-444056375
-1319853045
-987322494
1394066917
705446527
1231273605
-587991117
1535180974
1458650889
-653689941
180281003
-1951666879
-764756404
791149986
457981062
1952016763
134163919
215773511
-1874346345
-31126903
-2068091266
-719702361
-1365487407
993868918
593968810
-1444176717
1033355624
-507164923
-2079866796
1381377076
-835552585
747785152
453877675
558595580
67008356
-512650928
1314954706
-1762674594
-875637567
-801656817
-1588427803
-586133537
-782522507
1505588187
1755300413
-986769619
-482609573
-1696037075
-180076557
-46192049
1976172457
858471273
1817124515
-1486790371
-1474024364
1489502838
1934128754
-204409613
1153390003
-321229423
-1872212399
1376275873
1193623906
2129708382
1007572098
36776357
-1262192792
-115437760
-1981932709
1903334811
-1385900388
-484338711
1809571401
-1109235980
-1020884156
-2101855436
-1927146729
-653840922
271010814
1642156337
-863483024
221434531
1799618787
246057089
1847077538
-1446161971
1009465576
-323727900
615871396
-2144711640
324473224
870760720
1479177049
-855941744
-1966377825
1396500164
1192905494
-2061734098
1793052825
-817338341
1550770017
-1902741274
1495903947
-614370523
-856658180
-1148688877
-653276128
-1348759373
537990689
-613609098
1675859960
1708229490
-153697778
-1825534870
1138310476
-1297644486
1232230595
83240285
2014616085
1837395880
-2017781495
2022957435
-1434203922
-1317553943
-424577354
-186688085
-2136596233
-1442105896
-1919092945
187910846
-924266499
1734154315
-326315474
1767110885
355496663
2110761130
-197436731
1028433508
-1162260462
-1268673088
416314531
709264773
1441667280
-1566904875
1845467540
-940200498
1617908716
958928123
-138267826
658992245
243521378
-1208136536
-1212723863
297838611
432862190
1332912261
-2009209937
347229080
-811649294
1886473348
2079281302
-2125140865
1141565084
-808914888
-25976822
1849434178
-307389369
458498912
587319918
950351118
-870801118
-369541180
1903827940
-1137950278
422441231
856519748
-1389802548
1621999861
261097421
-1821543123
-735639413
-1748358209
-1822499752
1744854478
1277885325
-2132523238
960409231
-1282500789
1977584012
852105472
-666137833
1512036528
-764816623
-658261865
1080469887
1135645768
1817360699
348286371
-176617308
-733977041
896854718
1428017979
-1273434793
222320678
-1286587090
1492382143
-1430902980
-444526938
1382209149
-2044951544
-2041888780
-1909574857
-2077431102
-168895519
-523241346
-1503285247
-628354501
-300082762
478918874
-791768925
1650949013
2145299339
-131279377
-797139901
-814317974
483346223
108253614
-1314194203
-1619045878
1703334832
-275777162
-1867937792
1023667325
1296168465
-599980358
587037774
-1540403768
-549833414
1770497504
628082915
-248136849
-1463293649
-233240724
2060464513
561950779
-1504220795
625467229
-338303958
-921205699
-471978224
-1087408426
-1107602443
1750733074
320068833
-1779190783
1992060197
-895297945
-1518443409
291716144
662402679
-1968807233
1839184147
-510192572
767701946
-1414658957
210159289
1765892946
-522576475
-1795160326
384606164
-1219282045
-1173372188
-1774714774
-1306388846
599493947
-39672205
613937982
-1398721199
444573820
950284079
-224180135
-1151776176
1771040909
1360886954
-656349877
1929607849
1992402390
-1023593154
-1062083886
-415690626
914418189
-1563713180
-1526814814
518256754
257712791
1614063686
-1873515672
171254363
750656808
459047314
-785816052
-1865172683
574331564
-638766960
2073964343
313747033
1394680937
-2129126282
-1871244780
841946093
-444936348
1101552122
-1687135911
-2048335202
1327485444
-558551
1807538056
1808221836
-596963339
744485495
1353592689
1601339270
630587471
-958041578
1719312636
490004599
-547794442
-881018741
1678532133
1632868895
264827459
-1193164419
-1358779322
320666885
-1751688733
327440847
1858950556
759457451
2084979711
-838831631
-548458749
972246531
529085341
303612275
922531332
-210099422
-444568763
-2055237670
1345850129
-1308428749
-323405081
1847768759
-1443116018
508762541
-1035286532
-143838988
-990211309
-121097272
674542570
-834548879
-395240080
630223660
1989625004
-1449669938
-1052418319
316988139
531821490
-1965319542
1726809442
-1626875471
-719878395
1220729165
809119829
20553786
-2008475474
-1570482559
2127913250
-1242109181
1956884568
-866527962
-1625823442
-756141245
-508800204
1606068198
-345355152
1835170588
-695685604
1478195815
847152689
1433544974
1732558330
-2085561376
-1762267630
1965794987
488643179
1685544686
-1451276461
-1161775472
-1567439202
203252392
-864463791
-456870509
-598496126
1402460400
904577104
-1921959111
-525785568
-468935156
1516790139
-508572310
1609447748
-1638779532
-1383131352
-245458073
-2101515933
-504496147
1934018655
322008059
-1646509128
829898454
-1671936356
2129619696
1611729327
2044098753
557324500
-941563452
-323084921
1765675844
193229493
-28776547
901059890
1932670481
-237708238
-587193223
-2123524225
1438862148
1717456190
-420035671
1860855674
-1031819012
399950294
-892989057
-1470545390
-1730777044
-1053849019
-808337338
1730179580
1626213555
-1603413085
-1274804110
-1445511721
982500009
-346200930
-366012392
-1529572207
-1661418245
-2108626308
-86932065
1255250952
1198018873
568406624
983742904
1926497780
-396710738
1020967627
-1490582389
-445755645
-405905743
-342947483
-2132913614
-1415427003
-1728955334
1975947517
-543837590
664054474
-428861257
-1529056306
-1485363321
-2130295416
1802580000
-2074237436
-813993816
-1619888766
1203150408
-2061945730
597476140
-2013282265
-672041098
556250068
-1720801436
1617070071
-1440000460
1934367642
-469078903
1470604140
1909027430
-2123329050
1606051824
886504983
-1530817123
-718935281
1304261500
-1749243896
-1657175891
-30088777
2056019
69793651
1027511932
-1631827188
1278888659
1910415503
-556998628
105368394
-616556345
1299179457
-566641124
1308544643
-1435864363
-155561478
-376972517
-2084320862
-480047045
-624789668
-378588259
689440685
-1067633734
782752803
1513965345
219711305
963941585
444789698
543082098
187477123
24455214
998093388
-1079684291
843565773
-764249247
-560377835
-1569643293
1193986885
499947474
664413081
672114320
-148671683
-89415435
-1682131557
756900492
-1399124233
953852347
-1134201967
-288698671
329155760
259865931
-1523669953
-1614229796
-2035936289
782448369
13533857
-325386553
-477936450
1937245526
1267311373
-2107958377
-2118136823
-269071
-830208359
2145000659
119564037
-1810424387
931496121
1925239637
-1062538301
1169125420
1122784044
437985635
-1765848667
-747446949
-741137383
-355065855
231118369
-108380538
-1357008268
577422720
1928675780
1268342717
460450982
-982261414
30908794
-73821736
274287981
75989313
-1407059956
-1401493593
-1407147264
1184437109
767593449
2032636526
147498102
917166677
866964776
-394784369
-1899234969
803898681
-791083059
-1036113527
-963799085
-658636162
164855370
-11545055
-1038312382
-1744642335
1775749193
700099549
1161625645
1360250384
-484744792
-108307271
898028188
-800262018
2088785349
1128027157
-594815216
-201209226
-793226502
316513772
-1921143134
-1570602893
981922411
829918539
480964459
1425218734
-814073858
609015295
-1146368474
-1826033161
1516015274
-1095234160
-1887617516
1489899464
1091814645
-1700018322
810789663
-1490625642
1255460279
-1466187670
333230658
-2100860054
1003243811
-1459040921
741964839
1489728944
517478919
-548372144
779197969
1039985231
1290701650
-235094452
-2068273924
245532921
9685463
2011080240
-639717631
393283779
-1031358896
-1778147787
-35211521
1689167095
-1210428508
-1203086870
373519991
-180214999
-784247444
1883840876
954597816
157525640
-744123725
-208288045
-1235779013
1496769653
-209886979
1318256367
382317392
-1006924199
1391270794
-487714509
-1365244679
-1510341453
-1360831781
473109233
1521322261
1998563183
1027776629
-930274873
2038566592
798971774
-2045543708
1261130073
1206063097
-1742733918
2011588098
-266715073
-114076282
-1723061623
1010625400
1106085953
-212437740
-1607261155
1212532613
261324225
-1630827103
-1558383590
-1196419586
929100408
26011166
1920486368
1628818325
-1559629980
-2080878001
346182026
-927072419
-1307076095
-1797357066
-1900697026
192661645
-1665484618
-1827299793
-510700090
-1233734525
-757233006
1104009501
772616031
-101312244
-1437669833
-810757178
-9230383
723044066
-1374956522
-107020741
337743039
-1762205579
-548661284
1335645692
-1533546176
474208494
977886507
-40884583
-194671699
761454448
-872416371
2070524060
-782164804
-1824507232
-962361947
391502502
-930106419
493246567
-412051545
-1165995817
381871236
-168978954
2099812617
-2051230093
1517044119
1817314314
-1172609670
-966865471
-2052247320
422226801
846074131
1184021046
-1870172970
1651643851
1720531915
2113192147
-1803303217
-859300203
-1515411408
-1455805749
-1033240791
-1777250205
69011796
951266920
-1862416846
-1051176340
1616657412
1602748974
1986148997
-1223022005
-1085055168
1192328768
-435783522
-1603381756
-1753645082
-1798311934
1880297393
-1425538492
-624374865
-2071395329
377057206
-266477332
-874545313
-314578419
-465328952
219833296
2055537720
-1656154193
-824970321
-489791557
1784606895
-1309848391
-72799301
-218342474
-1691819934
-265961926
-650788397
-2068639607
1467832136
-667579499
-1952118579
-363733886
-1251138519
-1014832655
273357567
-797298828
637924945
89420243
288442645
2145202946
1438653056
-633464056
-1493556700
352662301
-1294560476
693236423
-2022348545
1160678090
1594621897
1406732311
1005423305
-1103357656
59901904
-827749778
-1463981365
906986161
-957334434
694564506
961976199
55427776
-1860000361
-968020508
-2050147059
-1826827950
1492610828
-2030396558
-226465652
888103184
-1707710607
1776667629
617247019
-1019217524
1972651923
-1213883549
-905012711
1718415819
-1256262520
1215520109
104219106
-1845817597
-789630681
1479648148
1828795140
-191050844
-1681952070
-1280408080
61991362
750291612
-321991438
187650578
-673717449
-33015081
393357595
1322107939
-108574291
-1785647355
1747270800
-150131124
1819185711
937110943
101708400
1905275480
288350044
-566624982
1175207057
-314707560
-663929475
-1418923843
-1400668236
-324020473
1347685338
1644968129
-46526726
934240173
-312137911
-797705224
-292394345
2132641095
1157409287
1650031808
2017015236
-1340887257
-722119478
674680471
-1899620358
363351385
1156642070
-595730463
770506076
-222330361
1016093903
-162800663
1285450356
-1057850082
-1149583601
761407781
556586785
891186736
767395385
-205879363
-1837611824
668348571
1846212430
442504270
-444562454
-2046814741
1223636606
-510709014
1741806733
513503868
1970831618
599434851
-1102639491
71290980
38318120
-1338746935
-2015962020
-173937521
-422356561
-1726180816
-1932356071
-427236822
1357717844
-1994213707
-815901018
73410629
-872018004
-993088317
-1992103699
87639475
-88997324
1757057682
-1329297404
-270901452
431982758
-1499958800
-1322717538
-173734954
1196344205
509082948
-11900475
770890647
-983623653
595368142
1849483973
-1405346737
1868811578
2029270067
786764907
1362487500
-86186528
1136900152
917593967
156565054
-1930244953
518393037
413594158
-1157409835
-1209490276
352779086
-806537317
-1432514392
740447062
261320964
1865204087
1815575512
-1095198646
170714609
1807098304
-646657291
-597244578
371583948
1371039590
-826936673
-398267205
1066019146
253112900
1957617008
1265276903
-2070657633
-672951731
2088217881
1524325394
-577206205
-1853479418
1116072394
-2075140177
1720922361
51653683
989774807
258942278
-252326900
170294485
767118232
-416993400
-62978341
1042062675
-1672363120
1557746339
1922877592
-1341037578
-1893895984
1302841047
-1265593524
1991368346
-119501411
-167161783
-410357475
168784034
-887209392
-1683156969
267317715
-408855508
-1074476931
-453651796
-213844840
-919000443
955653207
-1429377196
-881821185
-571430945
1854922835
-1852437230
1960516167
-783325631
2140886794
438984881
1973205983
508623806
-690448541
-782551016
1252079149
-1059819543
1386634992
208266978
365005962
328240263
-998627688
1357146158
-1538077295
-1037040250
-1078829705
1195461042
-550690151
-1712083922
1956048385
1726395414
-527051905
-1905778283
184185197
2032739455
31408808
245349464
-902777520
-2071745687
1312695621
1362662791
1882552199
-1558920007
-1971094568
1166143713
-1574405030
76029202
-832631049
-1919716288
-84778275
-985212826
-339315632
727442006
741858201
273493456
1079566317
953437337
267855212
-140677983
995640759
618655868
-1199180627
-1372209480
-715878592
36713439
795093139
116341783
1697507772
-1358465849
-71699754
-754834511
-455118768
590127185
-308390506
-1974186616
-1747732849
1611449571
1705843580
2087987703
-1600587968
623317925
524398111
611574348
-186455195
733152559
-920752472
1895657113
287608184
-1086876285
-1164020552
1311880395
552357111
-1194996931
1024055176
1030882555
449934883
1324875273
-8198831
-1722513660
-1503014397
-1459974060
-763040529
1861840213
-458571089
1979322437
206798272
-754974457
1065967562
-274861074
1950564818
-726148303
-522102961
351691966
632542780
-820256901
48404113
-1229533638
119817676
-907424783
-507379844
889070572
-1673393694
-285052391
527019552
-578219365
-1385384549
644607302
447320688
1849266363
1780920113
-1492096466
1278304838
-828210649
-527590496
2028557242
-1465309271
50160397
1484480653
1609562397
1355673426
1188769320
-275062685
-1691746008
1120689004
893448757
-1161177921
297352923
325787291
-1443640673
1389587213
-2042905794
-30170304
1405038460
-1792702605
-532543375
1776771834
-1396977476
786223597
-1989201406
-1502301585
-1689489249
1336013240
-784933250
-2088368821
1877569895
1419025140
-1402767798
116584072
1344997967
-265858428
1842832307
554328304
-1576183877
77139000
295288898
-1507724320
1651030704
837289774
-1016069291
-112316339
-498320507
-1075082123
-1538554390
-538695156
-2020678694
-1208454158
-1091899458
-1734022835
1757955017
2035192711
964485526
7825512
-214985125
113998961
1360163035
-1046599204
-320587458
-1925109007
-1853536148
-39736685
-1088853068
-426406866
576619183
-705088406
-590706483
12189273
1418236137
-1341139727
-1556336425
1322790674
-563625009
383482990
1021449749
-1459356663
966412637
-82278104
-729259856
26753512
1213838309
-1684258079
-249897494
157189488
92626538
626330275
-1051496807
-1962900766
1526612526
-1229503809
-985896750
-448581729
-210628215
-1061014766
-385163037
1886595602
-1338201093
548957578
1151339911
-1066200115
1726234501
-446990616
1010842452
-129273358
1294314292
-1456293946
1426129783
-936529964
2076964605
761395676
1230485924
433203165
-1192823600
1578366334
-1823718073
-348957007
648175334
-691948696
-110896641
-752444269
-163575970
300402366
-1533394100
947204359
466414855
-1454988467
-940066938
1495149753
-1873655425
-371485674
146564624
-158020195
-1564414852
-980150771
804926669
1398561110
1827043433
613784350
2131255507
1217741275
-828287948
1292892528
2126771807
-1658490792
2139186790
-1691284756
-1186245625
-1637885359
1397812595
-416005888
1578249525
-777140979
-907933357
-1779355489
-334577709
-1577166031
1395837520
-2064098676
748171587
1088911530
1338169633
1853731800
-963033454
-861089584
252906552
1732555433
-1405490196
-938421560
-990347688
565830460
-2141896879
1361375273
1458698857
1503807788
-1539763576
1870997985
-968372081
1669927155
-192473004
-1832581287
-139761544
1184388529
-723570459
-1651352617
1586308341
-15597780
947751313
-210469340
649358540
-949355497
24019907
609539694
1930357963
1314086039
-1280993485
1550313071
443115296
354816258
-463232169
1859923917
1930798056
1545294057
-2077465576
-2010735420
-1834592507
-851775912
-1722679863
-1743106302
1344474932
-743171748
-434580396
-1099695919
312705629
1342199749
1726292406
1147085947
1432537901
970437932
1711734700
1694371305
-229610526
468283191
-623847250
-1402801523
-298964379
180134427
-470846436
-2114716799
984029597
1817229666
-658894409
1730225648
-860003327
1095608557
-844871598
266718644
1974578031
-1894763972
-1805476920
637910592
727716412
2078194157
-2081554896
-862982720
943473035
-665357950
1856090191
-986757506
332857570
1794169191
-1871563442
-25943417
812462842
-663625934
1408454060
-943235698
-1314305067
1993808940
768486773
-2023612145
-239234026
2070870031
-1968676429
-1766601033
-1248932468
-1857113071
-1500571355
2085727490
-1945367281
115253793
-704527314
-1641924058
-1186341489
-128185233
988954640
1697663279
952369257
2115211570
1925185881
-1263514262
1686789884
1207891621
-1869155939
964982791
240320892
-778192047
-1192102812
221416441
-860610811
-1735399791
713836390
688426017
-1218012429
1659821395
504115701
1381738410
715293552
-1881653477
191150010
1100941494
-1599314611
-782561459
-376225117
1908828474
-1966896874
993504939
1849260059
239243813
-317821601
-1176016613
769830268
170141895
-1927015836
1097374638
1992798145
1557360240
-978982191
261666525
2111492736
1720833624
-1538816547
2058723604
-737052138
1927583166
1205749404
-164348556
1736414499
1867878994
-2098938731
1186077397
-1809008328
468341463
1770156434
-1784377591
-221129009
-24717820
-1847443273
113754727
-752240517
627864491
-1481733418
812937095
1131266400
-1788662755
1496046593
-47490230
-2110021916
270404043
987747935
-468596452
45605286
-2058258128
-1086622141
1879732092
1066185134
-151209234
-677575814
-573919044
1738740198
1037423671
-462470172
1493441541
443049673
-270950034
-1200569531
2075556510
-2007419814
-1762136307
679953501
423554413
715474774
1928182984
-886001867
-990060867
558939564
-1646391565
-1713106757
-1565668287
360227372
-1453592032
1623883665
-517132968
614010751
-1616997108
-1486816735
1196816786
-182579625
-591225669
-1408134668
-1164471438
862429926
-326494496
1860401220
-408413323
-1677935213
-1539395966
-1320763441
-1009094829
-1691352341
342886109
1811539949
-1992402556
-684417323
-712875899
89425124
-317344507
-1898932470
715123921
-1692165765
2006026587
666718403
-1293847690
-520522292
829842135
463355315
-156684687
1604071262
-260609252
1686168631
1232404522
-1722087821
-905181730
-916932917
-719624234
-1698411363
108787180
-618893632
1958271004
-2068143978
-15053201
-346956245
1909019643
1837208401
-748178317
-802132704
-2025556502
-1354298804
-984042329
1750185504
1934640448
221246248
1300574560
-1284835889
713129430
-1992024966
-791532317
637616617
-1511641622
-285325341
309818339
-155862154
-1585328570
-452802211
-1957237688
1407594557
833632416
1305495512
1119063089
993124213
1029120068
811823877
1756511548
-1992731198
-282857232
-1207975312
418328580
1911264351
2072918014
-757296684
1729520619
136443799
-97190968
-476631382
1091987224
-1586524039
-105929401
-29381886
644911811
-2145393205
995188733
-2132833898
312100783
1017925694
585634836
230070044
-443093256
1487824355
-1150394681
609977563
-1171602674
1523132637
1060777217
-1011672959
-528308991
-462820008
1051188291
-1433795277
254640638
-1428346183
1440482762
1422574052
-16249575
-599610346
-818653200
-1458966295
1233375564
-1313877016
648159698
850996429
2143215551
696641279
-1733331662
-1711714718
208772681
-1158835531
1486488223
-134053864
1326217782
1422402150
-1308814381
1873392273
1136100170
-361097185
-566867877
-1443871116
109196037
-419816299
977729661
671350656
540140585
97155671
2041471573
-1008560924
620871289
-1456302009
2077689153
-936021298
428808898
-529455290
1047777150
607093058
-329669858
-151587026
-1647312365
-494926804
988722039
-767187195
-421597459
714935
1967898186
1175233646
-871959221
1766331359
679197101
1087516258
-680173477
2033223237
-147859310
-1642246368
-1568732123
465135937
1012143181
284229986
-1284770648
1296718141
-190559661
-105384752
407507778
1235059008
-783355324
-926702151
2017865300
1548573641
-83972054
1903737856
466583333
87895262
1383352067
1164830036
817189383
1883670883
-428953732
-1587437917
-1866726217
459767727
-298363137
725524688
1897465609
-967690916
688179951
-273816414
1713095108
1391988318
-590982094
-1573883392
-96237622
1438101846
1729054447
1001025115
157349244
-2039055064
16845464
-2081677718
291725916
-1218231350
-679535062
39636765
-1856419597
598302303
1273535667
-608773686
1446299892
-583504253
994510356
906180525
-1705793632
2117492968
-1298509816
2079742095
584872556
2113307937
-353991836
-591974205
-218585118
732548798
-1222153824
2016719449
-888272188
933860248
1838354069
163390862
-409500810
1350523757
2094799496
-2050091903
1650471837
-270429010
1236355174
-330645972
803840002
1594245783
549944401
-1598929775
200283324
-433457024
1116749403
2110655027
1099868046
1245361779
-1751736944
-723258681
934706317
1115388669
60342073
-788563157
264450310
-1745969591
-1575707041
-1197482857
-1674538850
-1499313558
1298317198
575188754
252967097
249275639
-2115904294
-162152666
759041567
1859288540
358796838
-1857418538
-1441814307
-159869073
-130797149
1088231888
-883484055
-622535743
-1390307177
-628546338
842609160
-5500106
-1062060961
797950114
-394550412
1324740696
-231768137
2140274562
-1094929480
-155810585
716947511
-885768480
-360820641
929133620
-1136247776
-1961553010
1487467725
1340962478
-1414459304
132254081
-1534262805
-514587971
994742963
-2050217277
1253010442
2049060558
1158384755
55148974
-602348800
-965926738
-1155524334
1076890198
1756158103
-1563582949
1633234238
-1576417465
1870661928
1596691096
1333856804
-867635856
-1451464062
1096523393
1533878512
301882205
1595581711
-1927412898
1045179028
1646514092
2077719353
1345290619
995588041
-894528839
-1416772855
319945399
-1694843565
-256473189
-716974575
-1824788836
1425399944
-532096940
-1232757876
1589322672
1781565458
-868437693
408064195
-1387785718
1546614003
-522993699
-1791396943
478995239
-795351095
1113024668
-1783532567
238820093
858625619
-25237450
-1906635337
-1413464495
1148974387
-612772846
-1714359418
-166786491
790878709
-46289417
-816600704
-1916792524
1976744271
-1200849146
-1356810373
-516960062
-797375062
890613226
1055954195
1500878126
-1532399135
-906918835
-81480685
-1266434583
-211608505
-37021811
903957784
-1875953812
1780803054
-1747744593
1659163256
-397132218
1313372710
64278419
-810996385
-283394188
-1937257916
-337017495
1903765819
-1027216908
-1418198620
1505911395
2028384601
2106836380
1391539696
-52862292
-776682288
1806885671
-1408608351
-1803696488
1511146653
-1515488880
-238737723
-1549573605
-1976500209
1157792930
167653379
-468521089
1075225445
432453840
351344092
-1103079087
289107125
2077777985
1071753779
-437833828
-1369126130
657028399
1098816526
551337049
-1134015519
942968177
882556318
-527799515
-664438116
1522428757
-1004132740
1585084468
97228439
702498739
169915957
881597061
1516913459
177088830
651410184
1090755927
-1625647552
1924783389
1983430893
285088987
-1400887137
1805673657
-1286615847
1563178
1362627880
399437016
478644288
-443590024
1942344141
1497473515
1568547035
622773642
887942911
867956131
965337259
-1620560027
153569616
-672716343
-1947942340
-1838614201
-405821095
508441678
-1907981010
2033374682
-962507299
-1423224671
-1720908047
1382677671
-23331794
-1637035456
-456465457
167323848
-294767921
194776210
-1752128465
-1420493087
477979226
78275570
-1245382121
1237505617
1237209252
-1504322546
-865807630
1923506595
-988935650
-1105741966
1875657107
1981606474
-287439491
-1784349601
-1539996551
-1016851571
890002845
-2009992479
-1590973356
469063872
-118798942
-282660832
1386391239
153008820
1275665248
-268041483
-851529361
259281008
1568455676
-651799104
728856868
-922898656
-678428973
803428728
112421246
-977445555
1994160794
-701821437
-813436773
-1319123634
1586297029
-801637433
-2143044834
1472355069
1270364972
452506240
-1498928006
1071311022
-504367124
-1452285613
632788847
1888630621
392769419
1349868579
-1020134700
-1130068442
-439271073
99721764
-146651497
-1932688135
406151727
405977517
948989186
1638712973
2090359066
-1399687855
1368179775
1009442196
858564279
127104559
575765534
1123457329
-68715907
-1927577719
-2063651820
-1993010010
-1887233435
-1832456301
356892038
-185168302
2035130573
-1581616755
521877063
1185757657
-443861857
-1911210733
2025203551
-50167388
721493938
1501001395
284804110
-986027124
-542021776
-2127198784
1373496592
-820243247
1327811512
-1995803803
1849523233
1599174992
-1776594940
94938876
1612331970
2074081781
1247392462
1890161568
-670271683
1551783533
-540248273
-833475840
75661031
916721184
1151296713
-559208074
-941425499
-394699682
-294477337
-1010200745
1406801072
-1844558889
-1446720542
-669721716
-699314532
1035099472
1815851462
-702686367
-569472363
-1699848812
-1729391308
2037523356
-906590484
-1371830616
492246409
-1039825199
716421585
132413505
2095065407
-208921356
-1286962334
-381807750
-653997677
213168176
-1506804764
1419666881
-1119341464
-1596153098
-1710693809
-1235038446
-2007766933
-422337704
-1081446641
-407513240
-1226195082
836157334
1229917961
1675126639
-1158493383
2085597177
1124944603
1761171581
-275982313
-681678369
-1749066136
1323405251
1286781517
1946177559
-1842461549
-9824065
-935736999
604607598
557529929
1108669173
-2002702951
123379337
896467909
2088273629
-959060943
369396725
-939105522
-541526498
819502386
665656700
1764206276
1732885245
-295643145
1555277242
2070229533
-236631281
-731192878
-1684157201
-1301457111
1917825334
-2091607320
1986805269
-1308098467
1163154122
-418962087
-589000395
1032253006
616453141
132768419
-1277229322
-1093300804
-1492234235
540894023
-1015289482
-1012815406
1755797276
843263149
-2012371364
-1494843733
-1202165333
-1031702204
-1195248083
-105385960
1036443966
482367213
-857365281
1740892320
-1886290598
-1940928615
1111740331
383526087
139134821
-151205840
-841307097
-1388646765
-2014920219
1075143092
825044115
-732328629
-769648915
205138086
-82176654
-833131135
889862611
-507654488
-1466541988
1717388627
1552658470
171551331
556910610
-1990739732
726988254
50878890
2049604050
1343832913
253800661
298181087
-498833427
1588291418
805250934
-1173949803
232794518
-1567396611
-1470763341
1081028215
-148581381
-1689309486
1884816188
661167719
650008729
697482194
323600877
289190633
1878193356
454545762
-1842908281
-999196734
1541899941
1180463504
-310616158
676584924
-988554497
-1950475877
-895247646
180502380
174409940
-1137484616
378209385
-606567850
178204108
-2118260973
-1398528372
1783725263
-647094249
2127244563
456519368
310870084
26995067
5917410
167604470
-331862406
-1474322512
-1490954196
1815816638
-556925707
329674219
777565221
388854857
1395919518
-521739336
259067345
416294714
-1822479457
2128207116
-783995777
-71004963
83971985
-1139714150
-1154892650
868493985
-326457895
420923749
-783178605
489950147
-1980881841
-264254314
472622673
563446604
1339380767
453063823
2015514763
-1125344963
-95844108
-1397366721
2058028191
-855402745
295102034
1414520247
1427707028
-168401088
1133500227
2126492413
1098267998
652721300
647879733
71753760
-1309540000
-1049807879
-914959582
-257429876
-1265785039
1700718118
-1508106767
1383571871
1254285474
1820990533
-1992602852
1173888123
-1539351041
764287974
106833042
220205341
-1934634603
-702202313
-1882044195
-1241690962
54077300
848021106
219067015
-473746151
-152636042
-589747306
1172296122
-355791907
-498964609
-617100967
34151462
-841676253
1505045509
-1573770148
-829081818
1479977491
948970706
806120864
-772005851
-1366052510
-1748639736
-1433185992
2027484990
864342319
199564646
-1456333760
1952403490
-1872236785
1038083017
1824216589
207236414
1908632422
-1053964
1952442533
377293085
57080056
-1112449645
-1760340879
-1905159670
940169663
278476668
1901259568
1133706233
1137677566
1484571704
741426735
-185463642
-1776715114
1060372930
1927703478
-2142550530
-828602473
-826741874
-1690806331
524997310
957906969
1187115468
1243012096
-1777329830
-209300915
-1175052051
604048103
1486690591
23140046
-4342426
-1082547639
419165595
-988921284
244996019
707995898
-1750641604
194960395
-132277090
-420236349
-1989644234
-2140352872
-1555667520
-1782872679
-1415051094
-894131075
-394277304
683212562
-799175420
679298853
-1007267846
38244628
-2019939420
1160024738
464727162
-237066545
-1134319936
-1744776515
-953243958
1253096172
-412281977
1710521678
-1844588271
1040845830
-1837504630
-1059930674
1405678238
-259939239
-1659242409
-1773623766
-1505506773
319203512
-1120710297
652744921
-2043596699
-83942716
-306641863
-2110865360
1034935979
-1773356454
574379710
-415979788
1814453782
744428109
-1997016073
5457457
440427193
-1681736619
-1395981604
-1009836983
1582307113
-686360506
-812365953
-1852104369
-1199956929
1816375940
700166769
-1074877291
-1757724388
812414389
1337655908
-757358717
1078146925
162808760
-1470342127
-811865686
126863343
-1196324394
-1737491364
-2010465768
1936214837
1706075191
824731829
3076589
-812553560
886482071
-950091328
-1635668946
822963663
-685944775
-906552265
1207234264
-163735599
-1069774565
2125923343
-1649682120
427645239
-1708878230
1834913241
-594091143
-292005387
-1326448584
1123457643
-1984167042
436772778
1298854507
-783470401
-1994667278
1006261286
1673091832
-1698491878
545378972
753332269
780416849
-1759777680
-39844105
242339450
-2002139876
-1389048058
-1262900735
1699506950
1324583460
-979712679
2082217555
8966793
873490324
-2060075970
-1510944911
1948583489
440413282
1004148042
-1764439197
939677681
-889103608
-1831498637
-1722293884
774373932
1290344057
565335030
-296854887
190873810
-573019566
2109049468
620600868
1077243355
-348036528
961310584
-35825414
-163191213
643933442
-571606574
-1809057517
724548517
-562068033
1529656521
254710433
386135323
714195417
-82901228
-924745117
-725391964
-1651942126
1417824331
1583374650
-1477944872
2012762446
1126123653
60890364
1993253433
-1371077238
-709022143
1367820935
-417628740
123060236
-977678711
-2012084967
2069571719
-611940388
497869652
1740107487
-1474161926
452929906
-1582447573
-1440078133
-547617549
-1296411984
-1817606896
753944490
1515434318
-705037806
-37642342
-857947019
178355626
1008502051
-1853257116
293221862
-1478983054
-587636174
-679746904
1082617166
-1481308389
-419362491
879103014
2090950821
-251658582
-1918396338
-1391236278
-1130937374
-359708551
1398832796
695180685
-740924531
-805127879
-1142625388
-907455462
1696634001
-514183110
-119147360
307606709
2023312726
-2122236694
1877386854
-953260840
-362628081
-558819174
-1425443524
1258464030
-255496624
-2041448312
-748699428
-1533668635
1433558498
-921633767
-1593745580
-1867637203
-2045217062
326122341
1461543743
-1220996666
-2105283864
527088121
-141258439
1216894890
-1425086996
-316784169
499202191
-1895205977
512784334
-821466431
-1709743306
-360733119
1550829454
445403574
-477916930
-579184171
995025817
-1958820675
522023431
1659026945
-2011053218
2006378208
-299412365
1513960771
834358817
864522363
1823095133
333543648
992181007
-1972506698
193578248
-1657366778
-1733894511
-115724977
-420839845
2116955956
-104777500
725031324
1215828365
-418606887
-1979065879
1628513744
-2084533732
2118230075
778169913
2080189820
-726353918
-604985958
1326582140
-190589863
1554854955
2047044244
210076155
1736342596
2086058017
1183271371
-802721422
1830754185
1071627528
-791079740
-1630638294
1571576675
971806161
319747090
-748595385
1838159555
1349941418
1583195571
-131026082
1290645840
-1475531852
-718750279
690329674
1750275759
-46511880
-431764180
-1449128640
-411659773
-2076160614
1424266030
1676431391
586702263
1952376911
-836461472
-1361605876
474409850
141114124
-772606844
-1654534338
1731274891
1108476927
-1606627740
-32216811
1268924982
-1692606014
-434223631
409002353
-743002467
-152885554
1884987566
-941735871
655523259
982380589
846049358
1149199450
1818048166
-1974570125
1652439964
1026983049
1564984595
284735470
1284739482
-987288085
2093300511
-1393283300
1089383149
1674138491
711420748
-726081443
-1266057865
-1552596244
-1654874423
1699159017
1170564677
419009208
-1516508171
-244127485
-193213012
-1084662408
782364966
549167982
-97359442
-438149514
754448293
-84181984
1869005473
-374357120
1792787197
-624832203
1408949778
-1347958786
-1593929611
-1780051674
-855165978
-833655482
1119226586
437525818
133452226
-1599019985
962737793
-722968773
1677775020
-96044060
-1787324021
1277494893
1585348850
-526046726
-1664277398
91365307
2103177290
-675348541
-104751452
1974828339
-1254248902
-767090460
-1916494890
154443956
-826477895
1850085156
940260604
1188961766
1066896150
-1752801401
-285654545
-1519212695
318189849
326053019
-867487954
1612004176
-2051755929
-1922901488
429296608
-1538448688
987594282
-49414770
1082227737
-50611916
-1744263439
1249607875
-2140980388
1064513044
1248999124
-746565446
-166511776
1224390341
-341671973
1818373747
1657072407
249553683
-1730616673
-138251089
2779627
1492912429
1506278706
688842506
-487019702
-1584399136
-743742405
776461903
93048420
617055752
-878884251
722232839
722644531
-111588798
-661341702
-992862381
-1131090501
-506520090
-1327807286
-1204290309
1821836435
1582166068
844320337
381693126
2018774947
-797718836
2127975448
-2077310453
1857907246
1632992355
-930817957
-2003831417
1777095442
-468896077
458740459
-658370959
263332430
1894107059
467520598
-1332983604
-1380461883
-1388417528
1158416196
-267563781
-1788484543
369469627
984505379
1742802074
-136717894
-1788800469
-1048139002
1963399306
-356591658
-888965564
1943472074
-326122418
-1204607053
-921593872
1461716090
547859093
-298016284
1619614157
-1332822540
301885207
-638958150
656817697
1596755660
1392417187
-949911356
284783114
1201441903
-1155889543
-688264552
681236473
189870731
1490151380
-797804334
-1254374047
250011822
2118829259
-1267241124
-46438486
1324748333
-945790631
39882991
157811819
1786402887
1621662650
-1602006054
135760088
-1139159415
-81704200
-118677758
-1829430151
443162995
188510916
1461048105
2114497309
-1995991205
1218142345
-1789189006
-2057790963
-1825838191
-1170864706
655984676
668277891
1655798723
-307420293
-29377874
-180364452
-1101961309
1801132879
1837507050
817488909
-1515092282
425752912
994283429
-976416045
465656015
2116455282
-1603458977
2036689966
372462540
-1348232676
-202935730
-25028209
1574057183
223450616
-1876242263
514653519
893925152
-1870573814
-392302814
-1547496989
-991406911
-960395004
1496113587
-1031337906
-530057613
1035108567
-1781793635
-1088759338
-1317423863
-334252147
-1660835667
-1391181574
-31452838
-1302129067
277002176
-5550686
496584298
1933688799
-39780982
180455576
-1724671541
574890730
-1794887534
1047747126
-244593087
-199744998
-2111744128
1674356833
-240280412
507864334
1868908186
1028972469
1881691914
746137265
-2142572148
-390734847
-1180165596
1318065360
-555838105
721708021
1300639976
1789269229
-491061525
1449667610
-372666768
-1969421742
1419669769
-783510271
1438286369
436779368
663285666
69376191
1471875600
-1719663543
-147983723
-699425896
-194549856
70728850
1067435256
611062777
2132335215
1304606334
-1548020572
615529899
1360962930
-1792259792
-1958906378
1637633094
-1147157922
23627855
-1093017644
1640812771
710534985
-1762819369
-1941281810
-977058027
-1986477423
-1342825682
110012230
1417018648
302682364
1712999541
-1954881807
1291438923
1069904416
227930401
1068717342
1103843035
824385285
-1776492855
1500297815
-1738236992
474933000
62155585
151635719
-1859675667
1102845697
1492627174
-1993150149
-143359549
1819881128
-324200389
1452096172
2068261830
28739636
-1008130892
-33465603
1680680850
220026436
-1050455342
399821376
605146639
-100787197
929014127
1776971710
511492835
-2144599162
752889946
1419311351
1102223656
416069239
-973613530
1742806247
1240371038
1505402104
592428863
-1699852405
1592235683
1200727745
1937730109
795912610
1346509089
-715324790
720868732
-251197256
-642567225
-681678928
-1976176148
2094836575
-760129733
-87173614
-16732380
-1550987841
-86408178
1492840508
298202301
748358225
-1561356751
-685288505
-1792107299
602637031
-439135321
939758591
-1464744942
895096303
-1809108357
-164709690
-656539040
-343268361
-1407120908
984773559
-1641487972
537176435
-207871224
1970554254
-1629199109
-1016680258
-2111349747
-633963066
797488613
-646553506
526996406
-1052134781
1865107983
377760140
-285225156
1102708402
972674760
-1110320398
32427995
1238457454
-1038047855
-65954890
-739832961
-1535458907
-2048320013
162206391
783203519
1151853307
961976461
1989492245
1395850762
-2053783315
257216364
1903673078
-42523617
-571841735
736919455
-38888057
-235222078
2120771197
1395134473
2079836481
1200000684
295387166
-1734651528
-935208595
-891644990
178871403
-1222726666
1619513833
1505324682
-995656959
813649247
1964896300
1266483674
-476385936
-1762972365
-1768962938
1175083473
-1693541346
-1225197139
-1603265620
-1043025653
2113467755
1587102228
-142640012
-34663152
1995385622
1681879632
-1399439908
-248553972
1350853086
1600549823
1359706448
-2040762939
-2105952404
1367213897
-2061345492
42789320
-1555152273
-1182061391
-1986288770
628810982
621572361
915876654
1797337361
1726229470
-903583383
-894562502
85860518
-1588188837
1241075896
-353979992
-369770876
-1388341984
-691954631
234593276
-860866509
-2045681023
-306655061
731733494
-329513853
-505699820
27481073
1075587184
399460307
-244692312
-57985804
596623721
-1989887857
-961471114
1118244296
-427678368
973326330
-1869276778
734684173
294808038
-1988357331
420819636
-724489321
248165742
-1539809186
1421557507
-1653715119
868048999
-741495707
593055857
-1428200355
942314380
-1657860996
-509154021
-880415872
-818874502
-325621690
211081986
747160765
-568243838
-1866051566
-513445121
1873197375
-986322496
1832743776
-1274892556
-292733061
149730924
1509981091
921331524
-661332587
-1479358353
-416198840
1755083652
2046217731
-1653152455
-1208024842
-2130861454
1722141296
-1456424495
-218239209
2027797797
-1590812446
-474467539
845404055
2113800582
-1247840482
308905923
1158341612
1775828990
1405411402
-540555681
231403861
-1471993744
1360406740
664337975
-2115462811
-1610067351
1545043091
-1491839940
-1790067006
-769155946
-1366635733
-2142529102
876061226
1736703862
-198668620
-796968958
-364723273
-1610199217
-1899243363
-458979890
-1233316765
-1802966683
-1453864754
2069092678
-1079297075
2108981353
-698690804
-1328223303
460715580
1752742960
-1730775390
777347695
-486486300
339910820
1658342460
-1715564363
532396648
46002175
-1459909099
-44251336
945116576
1410202677
1639480916
1859896470
-137638757
1748868017
98127795
-113173710
-604590617
-563268284
851604578
516333639
1573137935
390141786
-776571094
-352044993
1879613284
-108949906
-283393324
-721841083
-1704517120
822177471
-1404240950
-1065503464
952553479
1073153347
1138937855
-2136783070
1698163248
2101257180
1844470028
-570545207
-1906259837
-306365239
1838787739
1973928964
1606587236
-275988130
905811720
-1113272272
1470236879
33765367
-941392828
573110563
-1604267548
-515850966
-1237947651
-496937343
-1260901210
1845486651
-1823052293
70288974
957214207
-433640748
1995081677
702294468
-1096212473
793867253
1231307940
609540967
-417611643
-43074007
-1441790338
-172035498
1087071157
-2080536326
345730950
1534306018
551206731
-479158875
95260346
2048355428
-1529716297
1566322449
-909987122
-1831103414
-2037966421
1950385405
137889615
-1144091021
-712977959
-696801671
210853900
-8430915
1410131201
1647228823
-70920527
1869479899
-1085067734
-1179976095
554049203
302783339
-780838609
-22691059
121222003
-173154489
926168957
277446511
1218331805
1996296218
-401662695
1997410734
-1631124270
679794998
2089650664
1348003386
1894760070
184977829
-224156886
-1298051843
-1351494870
-2001432963
1076248903
-190288432
1734838412
426917496
-1756654130
-245919696
-211007362
-1593029949
360820154
1087285809
-1137789258
-1824069354
-105622538
1733847730
-143408908
568068868
2024806434
1884828369
-59241111
794113684
-588743273
1402581665
2072996695
1280431119
516134568
-709812966
-222811660
-1937504997
1542295595
2073438033
64125332
-1027909368
458944823
1167279848
696924934
-2131365271
-1194814674
-1991908409
-1610358467
-1209667098
-2114677251
-1258065653
71518514
-1176356272
1639699618
-2084396738
726510601
-988356106
-1912889874
518465992
1584795506
-1321540298
-1261455988
2118240678
-2024417198
1666575958
146858305
-1652717735
-907451487
-948287852
972588660
-1538368992
-1604138603
570705019
-1731060751
591704680
818097920
20040568
74150889
-43215485
1517111541
972665004
-496950723
1712734360
-672532814
-2127292158
-1410039045
-1651407142
-515762759
161621124
-458414808
1585733372
2078209087
1500805866
-681599553
2065191908
940901834
1540722036
-861927687
885116062
-2003649003
-1242193415
-1589202993
-836804717
1328002614
409205566
-1995325508
-1818319622
989233154
-1235111285
953602759
-1334362995
1483066288
579868283
-916205120
560200320
-783563845
-2077908204
6195913
-1332908114
-1910979827
-1225660650
-1285108200
1301823765
-847984295
1412033175
330765050
754778756
555045320
-1887704369
-1984173798
-1175025518
-1295552553
209878832
-1864713725
-1716591150
-1912318337
1906080698
-1339777310
1143113540
-1759203947
934290572
893013648
1119101965
732518771
-1883928899
-143497264
484668522
1431738584
-934475156
-492594220
-1136401438
1581817100
1415877141
-553091834
1760539323
754384967
-247547098
1724577284
-226018642
2123284051
-1017834543
-2044613397
-1634514211
576754544
-3712476
1892275927
-1222848764
748414327
-1734928298
1531723690
851129839
2137824065
-1240452510
-131823091
-1115796693
2048165449
-1263257383
885910452
791640064
1811890831
503813364
2032724453
850501534
274313407
821879272
1625414202
-83490155
-1281069422
766248830
1387801508
2146440586
977990004
-1396184606
1761786803
-174549209
1941907303
-551632198
1104002069
1395470675
-2093759962
27162490
-1213010852
-2088304221
-1676832627
-1877507850
1867852804
-1146657521
1858505271
-1852950472
208971955
-728710424
-511479448
-1785488237
-987681598
65835785
-1471729875
-803477768
-1377545732
-129035444
29183426
-237339001
1192598692
-168009664
-381209293
2073043560
-1775844676
-820386536
-74576315
70343900
-36265084
1634883301
-1030393962
966300558
1780331328
60927751
795425026
-623359697
-1735467202
249682145
1682129224
-277388223
-401330665
-2130180405
816560621
-1993699535
1268686900
-959585716
2078371167
993723819
-1630202732
-931067000
1862613854
-2063834326
-1706674741
-1243177993
1112962967
-390576435
710783821
549953623
-981201263
-1752178575
-1449309460
1131855331
-588213044
440449787
-409049441
-655460667
1795531815
1606113269
1936282244
1646969288
1200958338
575631452
217796391
-1084757679
-1240623965
-1139085641
-1348140028
2124146063
405791837
-1197083029
1501501002
2094966257
-1538967314
-1251505075
-1815418911
1917386200
-1916581207
1251193977
418497198
-1149687667
472240852
-1437787807
-1758137323
1290213493
-2017657645
-1553887192
256220351
-555612797
1838105989
-1889923536
1143158940
1496575725
879717613
253486065
-99867861
-1659960286
-1404215787
249712908
-1120166920
2108958970
2144547118
1731511711
-1159393434
-209647313
500018171
904881371
127182766
-49844469
-1913527184
767073490
-367433177
-843656861
428337558
613934997
1503487175
-1531163453
-694380879
-116455042
-2066436119
810318826
1775957155
-380084023
-1485551536
-1395793032
-900739694
-142468503
-1498544789
-476977947
1902139080
1212637209
1702834138
-449483595
1114051803
1057346480
-1032618960
1738657769
385375757
-1338053703
39218682
1379503288
1627528949
-218495678
-1704368384
1933828734
-1055865506
156581620
-380311862
56980725
-281184914
115372387
1282391653
1579380386
1994910986
1497290919
-144753561
-1001269615
-1163871879
-1975434453
582980911
-1641738941
-1798397113
1936972228
733219697
1101636839
-320572309
-147335931
2117246193
-286979896
1588231339
204649425
114767758
1611966471
-613320641
-228473040
457620097
-777480311
574274740
-1900402842
2045396966
-839786702
1446760467
1210738241
659532412
-750000558
-1998467518
139760307
-2130455640
1275835231
266027177
-1196662369
394835391
1828123365
787827736
1393463287
-2091385212
-995100231
1392728295
1352913414
-134711825
1671640692
-1797875362
1815274506
1547961648
198559263
-608365993
-1557491707
-195515917
1102848043
72747554
-1947878188
-2138121756
238751139
1426325928
892918400
829692532
-446406748
321035218
611925971
191942877
1218713868
-1381427413
-786150098
-1448309148
623509360
21511619
1767205018
-1623958307
-1683568812
832368470
1167533852
-1550135436
1009995669
1358866862
1586313036
-310256727
-206856150
386118469
1220141352
-2047164772
103718923
-1689596883
-1149554907
1806201482
-938559888
-122386124
-712436601
1079343255
311348030
-751518397
469705969
796261069
663378622
-1979280122
1586606399
1008437860
1037996175
-543930159
355949971
829423171
-480928291
-1441953599
-1634892627
-836684346
-818626861
-1313470686
-1009845120
964674498
1839244110
-559430384
-1533407231
1823393221
252915410
-983890592
1396425281
-1956418655
727237569
704645568
-150753602
-2104036565
-331706935
1154809372
-830137611
7740480
1281261470
526693955
1289686331
-1811588856
-1975715863
-499047990
1148091596
-1667154306
-1198046849
378968624
1810558756
-1913194193
-2066128170
-719098046
-367061363
-729232831
1132785844
1592874432
762594809
-2054238025
1248450600
1373936705
1889586705
-1421565198
592270269
1578060371
-1976133747
-524780422
787382253
1056214502
852528837
-2043083778
-1688517932
-1748296983
-764234616
-573903463
-1065387227
-510435019
983164972
367000918
-435967391
-1212105558
-457851162
-1273156106
1966050885
-1165818985
1570241627
-90832912
-1411883645
-693102753
1258979446
331297976
27892661
-786212008
-629817732
-591693245
-1030571890
1617114614
-1550904996
-1631008053
-2028802478
968556584
-240680629
-2017622833
-2134895737
821692161
-1633104240
317751133
1308382188
-1175551077
-313010788
936877715
-1365637974
-1161974473
709927005
1046260834
-211023927
212355497
-308168493
-1298105963
-4951323
1205690354
389124322
-2032104687
-1001755360
1827860782
-1754131606
-223094946
208369754
-1246307408
-1584156012
-1088989082
-2101634657
-1115141013
1974110063
655062395
-180677407
1502372499
-850569542
1091537310
-131092506
-652809853
1969196803
-2032596483
896184451
415911137
1899271152
-898101059
-2043409910
1434462975
1733028572
49500154
-1380553216
557721988
600513701
1652666635
1599026195
1251012683
-640458557
774382602
-1696576182
400649866
-132225635
-1511627886
812758654
2062994998
-265369065
-838487862
-11330040
119126438
521542767
835242914
-893013829
-1804347530
345731657
1710009180
37831188
-812605267
246083079
-1973568690
-857259088
445838626
-2069379746
-1233281051
-370589699
1627722267
-977298138
-963524627
1641008180
-178335946
-1074311568
-1682747890
-1578490490
-1967635060
546728157
2115825305
-352457323
-1948433134
-753400275
-331606652
835828261
-984073149
-149109994
-206157645
-760976365
-934185477
1363341654
-52137351
592347525
-225848922
-343451893
962187357
-773204126
1652971929
-1860038846
858032672
-1699770876
-1334551617
1693999053
416429310
-1367145172
1386473592
1777703000
-1574779084
-811850954
-1980703811
791301822
-554123326
-768451699
1565578375
1068666008
96306802
-1490212768
-29442447
-1655127529
-1000519656
636873621
1076023707
-1510698477
-1888627942
1808952062
358624466
-605959325
-1840760782
1240357834
597650925
1121788782
-518704270
44937533
-125834119
1364821506
1330160008
-1706515805
-1638958440
-465957276
1107854659
-1991402367
-805122011
-1928725081
851468629
1890881806
-1029241828
-359841215
-1830163878
-101557279
-81348551
1176069339
-618638055
-1187894038
1740888798
1188032103
-987511544
1338388134
-1890507975
1540397943
-960061675
1077926798
457485221
1225453773
-1558788957
-1481394480
-277918127
-1665399506
1538325202
397630529
-256202721
1730057339
-2041773565
96738193
906618318
1470148609
1584734618
247960255
-1317552294
-195846129
826551301
-1171326001
518931874
1585433288
-1791934723
-2128010822
-977574325
2073015355
1654703116
-595185498
395266532
824339376
2003203406
-1341401769
-1904218038
256309828
-539202949
-156803100
528461646
2045224632
938439204
1871895981
-848660588
1803887237
-1514063044
-1000513908
749208509
-456199117
713364186
840292682
647976392
933737194
-1522255300
-539270316
-652597579
-1644632247
-2105337586
1644998573
-1099092885
245605749
-208613396
1316751654
983849435
1914188917
-1394675931
-1968423987
1937800548
904943293
-1671998014
611197346
-427433607
-1601370104
327318726
108906128
986829696
343000170
1437643446
-516335717
1306998013
-333140827
-327349413
-897887915
-1270842641
-1946412102
757663685
-1169907306
-772292742
1555530179
-742638957
1803202667
548129221
1363843072
-440177550
-1010269106
684929061
1897873966
1379861731
-1427016297
-2078476166
1065595167
654883648
-875092686
-292529447
910137991
569693184
-1352947054
-485258645
1839503891
-848073159
-966513435
-2011453292
-719646785
-239426202
-1949344887
952518230
2104364904
-1530229910
-596215362
-809560072
-1355926112
-1456980268
-511250021
-94716190
883717569
-1791123100
-1947360698
1568263627
227226948
-1340116274
896294239
-1185584363
-218806189
-732703811
-930789444
-1618397833
-1133534309
-1974504166
183439707
-1111208228
-13379737
-83888243
-1174390636
1640345994
-1437685782
723402563
-189870962
1055273862
-106998053
-93601806
-2035981581
-726344649
-964070841
-1029044967
-1832569625
928018505
-134988638
-917767540
-1804036299
-1619830828
-380632546
1758771503
-440909365
-1344978244
-217387201
1271913473
-824632728
165162842
-2090582865
-141844132
1952413331
-1028868261
908444750
1753046138
-915404594
-697055512
834229133
-1715668165
-2109346549
-2036194809
1905282812
1955374116
211322975
-162767808
371817248
279818411
-78434315
-2008537469
-345375094
580159409
1923861316
-629532855
62648612
1973492815
-926620284
1970622712
179702989
-426109740
1088086621
-905663861
573920040
1241832974
-87864863
629882482
571129009
1389702857
-1853857860
1285850038
-1444133616
-57491564
-1860535894
927618400
-260446031
1220295370
-1189885656
1833536539
-1105434732
-1508202288
-1260221330
322178584
-930291359
-97985381
-1977034085
1367963953
959553215
-1528388492
-467632334
1069402960
-1368548379
-1633172737
-1071343419
1700244754
1942333552
-370477960
-408293649
-1697234266
127348855
1900381248
1670525830
615032571
-1404435748
1060386456
1792385809
981431578
-1482184476
57313963
-1371424648
1591935951
-1164434678
-1958373167
-1279072262
1820276623
523050767
832049425
-795175582
-1438642539
669121365
425270760
1245821309
-1956099251
847784813
253243208
-53744954
-1619140362
-1732455954
984871395
1386593635
629016194
1211999112
-302844248
1204072020
1619334080
-1270847656
696307341
17698281
1077185724
1867622525
1085972111
1126014325
-555483291
1484025066
-236818442
-789851072
1498388336
1468401021
1946206429
-1369505855
1363250300
-108639407
1244666097
466727692
618778231
915791439
92710521
1095514505
1227461695
2122397963
-1349638251
1104543974
-307318644
516468173
259695562
1545547342
-455814900
-880631572
-799753795
-720252198
-340718641
-1133079454
911508798
1574794055
-1429315867
1856297117
1240883592
554096361
-624425403
-916982125
1747127238
2083607008
-1214723089
-1843779816
72935897
-168427896
-1714637227
-977638541
610040152
997235253
129284343
1798445870
13773528
-680462048
-1601025204
-1326122195
327429484
280708507
-760542744
-616353279
1195044463
-1934590324
-1449998886
-1951027843
-1908977280
1264314648
503096918
-592261750
-1211505459
-1736873570
38420627
1744988215
1400018324
500430822
-384185866
-1550484716
-324491033
1301979802
-1820145552
-1408819777
371391663
-2109876748
-1782389469
245467583
41211122
206428600
-653081269
-167031920
-1168918184
-1058096539
2054491483
577630462
320808682
-1274736218
-1362103706
-1054291786
311106077
-1820171762
-557580864
-835221735
1792718095
2087647749
246998757
-2086804397
-1373075952
968528380
-71063656
648447916
51262051
935074279
-1701368241
-2133535715
-774534844
1490840044
-52210994
-1739691482
-1686551763
2003749464
295432465
-226856226
56357204
695568082
1742491246
1356990539
-570433160
742392018
-1598477061
2101235443
-1435305507
1253242195
-996789972
1129714867
1439551893
551741894
1387888064
521537742
676694272
-1917586358
-668816930
-1200889528
-1497094507
514937626
-1017612933
-434241163
1882422241
780306246
1211293694
1381922252
1583535823
-1567955290
-1629649627
-932095744
-1697643734
1000069387
111698985
-945031599
-341811104
-948882250
1710978336
-426558178
668929928
1613917709
1998827682
1580554687
-949912154
1940557451
1677094319
1531152273
-1611411923
-527161608
-625854001
1563324497
-1685919292
-462049062
-1017999493
2094574765
303183181
1532891946
805179067
1100495384
1118254370
1805139531
864885776
494467549
2016780449
-848817353
1621166483
2118094199
-818238998
-1856894469
-1599984035
-389209058
1717468647
1771195237
1182634025
-176550491
1683964044
-729861638
325124920
1996891779
-2013722273
283010605
-834739084
672887086
-1884117958
-235730482
-271527464
240152751
1471093328
-1702975808
1046676750
1247615090
-14661779
-212478737
1831351385
1427006814
771161985
-1497052288
1953504693
212988965
-500070306
1158631753
1360601147
1752443100
988900288
1796915330
-1137211446
-339690547
42853774
-1173876291
-1368166685
-463552628
1080586847
-1066458605
-1085777195
1207858247
-1549974977
-1286887265
-1520437735
1786805346
-385772623
-1061187792
-319582977
1520649795
-2055324936
-1730829767
-373935991
540852073
1777654162
1806355468
-1518099562
1525916867
-71136764
1880313671
573470274
1808598079
-1260715043
489993358
1703539596
-870857824
-459047948
-1545314438
158516538
-225886060
-547044109
489029328
677605881
-117744123
1906340889
19155957
-1739580985
2070778543
-1894969798
816958881
995562645
418368754
515473675
-2113498669
1720342311
-499695639
655912092
-481619196
-990920129
1963617722
-373817052
-1043350369
-569065479
-1196227793
796095748
785629871
1450431352
729372805
-684239098
-642432806
-760152382
-1927894140
-347979547
1183831181
-140762392
-616012081
392146449
-152164744
-1909014934
226495101
1580399282
-1954146499
1055698392
-1739552281
-1467691283
826180451
1745212092
1777545923
266697319
473485968
860931255
72053105
706413575
143115767
-1939541783
1735526036
-1258688001
81803790
-438514794
1329955301
-1363931637
1999097732
-1362167802
-1878583741
-2053592581
-795824270
-321418581
786963213
-1074386833
-1238311216
7391625
-857878860
1904528865
519492906
728567506
-1856622965
1941904873
-1480308078
-363220528
-2134771743
-1844688709
-309104424
-1683154425
-308992431
1709534451
1528433656
-1189060454
-358579369
845590932
1990270419
582427629
-1732502746
-1505133490
1157568802
-1644269173
820226745
-2024454145
-485634137
-784995766
1952668456
791207803
-1764454492
665093293
-138125764
-1223294832
-1875762032
1418498441
-1609678779
1139125060
-1789284600
-1689721110
-840236246
586916192
1429243907
-950577866
-1802938688
749984305
-271932598
1689438867
200901215
-63115635
119940390
-2111715194
896979891
534692116
-551674022
709103580
-52910385
231532215
1989650771
125085388
-226272377
-845638786
1147914141
-264004259
1172491262
1296961413
1136907929
-1466092539
117250173
-276432825
348482669
485116050
-1891246970
896717342
851830331
181415245
1137123624
1903668746
537728148
485772892
1580638357
610068401
464632623
1183467880
-1797050639
1157906342
-1483614251
-558277761
-338731924
-120728083
773055647
-179287750
-1593072494
-1242314562
1216186724
1477256482
-2068594975
-247825527
41906284
607164495
1998054555
565168698
1969042024
-781545134
-1496047650
1611902141
-535589466
-878150316
975501297
1210650308
424565888
-1087672450
-1544941856
550887367
-1356660971
533650075
582779978
149266252
110832699
-2016493316
143143288
-642651800
1298619827
-974750052
-126610766
1126745989
-2117121122
-1265659517
1758949837
-35600028
1533684528
-1095105426
1555998216
-1134089627
-1852857181
-1345429585
2103147801
888440582
638432365
-1620884398
-588603007
1685644969
-1161892940
1661932929
-1420258776
1136139673
39830529
-2074061783
-964296923
188468046
2008611380
-1131573028
766812124
-747603728
1293952183
85465081
648205901
-1617454055
145684726
1655356425
342733739
2089845215
1118106638
1345348204
834023980
1544971793
846092996
-1582025164
973060127
1244805823
252101816
-2091408048
-1895090110
-645733377
538748633
-288846868
525566805
-2082018322
-910257893
1130639896
-1476092182
-599854347
-474868889
819593127
1477522815
-340762547
-1960870445
-1813312935
681997262
-716958012
3993619
1595007548
-764418206
-969592384
1834380334
-273661874
1411527277
2080378500
3661940
-367625369
-824399656
-209574478
366566574
-1382881451
-1386272100
-1702921968
1501357719
-738885048
-854405296
384473486
1466999179
-808020880
-1195821310
563644807
-945865346
1354048996
226464841
1289355079
-1740381905
1978429125
1232061338
-553137203
-726269028
1204659619
-2029321254
900229585
-359339848
1260245022
-494984139
-1146029817
2145498458
353204688
1520450349
751053221
840060537
1991931242
803093237
1014357027
-803833962
1974078492
-552667392
1539471681
1122755705
-995344582
-2108002604
475350606
-1460325857
-1535180772
1495298595
-114738778
-1559037198
-141393339
-2054426085
985928571
1723693626
1186859974
1425642492
1795407576
2035315411
2009524196
480008427
-982368541
-1650307808
-258908168
1596223238
898935906
1092263999
-588390762
1876524983
2028865407
-670328195
-1217224463
-1931800755
-1766399537
223673612
569678462
-1169243704
265757840
1452187379
2117627606
-596797197
1858041650
2137238341
-1382111776
1407090616
2090076696
-1549332843
1696366127
-136464721
-1611478625
456968104
-1140522584
-912919049
1438334302
1148915564
238829671
1292458057
1574868911
1281461289
531158498
-1825217718
-240993938
-281803786
894835791
-1073823457
-30724608
1122583149
-1023692221
438730566
164062103
1991648674
1875195547
1968432804
-1128946765
-888666544
-847290721
1398489305
1660850155
180416341
-939668893
1402674907
-1929042195
1689999456
-773899408
583988418
-475818558
-2101192728
1309413796
-464576800
-2089985706
747012191
-190500266
480486420
-1254919113
686218407
-1529365059
768624991
-1737507683
-1721188412
-1922287983
-48903497
-1962375511
-500147245
170786802
-112374501
-1993462031
-1351134149
1588745609
1572888039
-332904132
-1617051871
1439965677
-1196354711
1610643337
163924513
581719879
-1008000333
1783967062
-1146259910
-232477128
-370147662
-1065426146
159588105
-709038343
551375999
81165858
1187299641
-554096444
1716418805
1788080236
-1954532295
-646874254
1114545026
-1851239152
1279642416
1709332324
-2055548350
-2006512459
-1065873107
-987342937
2135970633
-335176109
-916548445
1156651603
1570008896
1127374909
668300819
2075441971
533274930
-746705566
1708830218
-1148070742
-1300609112
-883578161
936721998
-406050092
-1596138766
-620043913
-25050540
322725099
1476048071
2016948278
-248311052
-1831241493
-182797040
-2083399149
-1211305633
-201675399
-474050560
-456411963
2009722192
614290944
1401680231
-1551058056
-1627587967
319270173
-1928748728
-171800112
-858625696
-1143705284
-92510808
-2101148883
-690276606
-1878448253
27942312
-2033538511
-223811497
-91019026
-1994919466
-1286968194
-324049761
-1549410886
-927795777
341829316
356877085
-1825125625
940953288
2076140794
959725577
410670776
-2066369475
403120874
-842019638
487482781
1189895338
-655912717
546631524
1705916372
159296617
-184246006
989357358
-98752660
1749498236
-2110758911
-1682096951
682372426
-1090209636
1138712331
1929534285
563630160
-709253230
314290559
-1266245436
700342971
1133234372
54756060
-945397797
-1258114612
-135838702
1957464333
-2054415146
227642282
-1888321310
-1256859923
1866057668
1611120518
1033702777
-257567988
-575740428
1407220736
627386252
-1228253517
1774411431
-1518850104
-778782186
-810731227
-560603386
1237995656
-9444244
877644583
-471332523
1711942657
1541168782
1373898435
-860757143
613754740
-72724801
-316508344
-321308585
532615490
-518233002
-657973868
-829365906
-1881184042
-2074719274
-1554525036
263137894
-1626292030
523620412
-2014381556
-2004237096
-1736335576
277626264
1958043539
1138294513
491290715
2079512799
1265420257
1493905762
61005765
-473005826
-1910213555
-1282631526
295791370
-1211904718
660178576
2031553847
-809385107
605961366
-1575666994
174084025
1293447538
465718013
-265929257
1807014776
-743182651
-143950078
1252172713
1501066455
1393289818
-948648612
263471673
-161159494
769534676
-629494410
143225970
569549621
1124905770
403462974
-949974659
1407073157
2082934152
-862371267
-532388797
-1049042109
310567026
-535364121
1937051439
1906406102
-1553583569
1018944307
-1361098696
1344707881
1191706212
1272964974
-1330493154
-802534243
1129447934
-572549044
810766323
-97952959
-593960619
-604479168
-387798052
214571584
-768734066
-1446458867
1501450776
46619802
-2063530432
-727524709
-1213579455
863303959
-1044647847
1652092942
403122386
-373950601
-132021437
-568701164
-855358743
-1240736531
-47131838
-738850946
-1027531187
-1628845106
-1628076001
1458568466
1864426161
1307404933
-2043581686
-247649890
-2057279175
1279968714
2104913596
117009488
-2120942786
467116563
-183069220
-1468368315
-627984050
-659382
-507421789
1988674655
68021878
291789247
654082754
-203397542
-1211706430
1828132703
153120386
719942433
1325107204
246056998
1918790189
1035481694
1716142036
195312338
-1646689620
1851466575
-253627944
634281688
1363203697
-1484400416
627835717
503632027
-1427865706
386204405
-213534555
629814491
-1909687226
626604294
-1713803558
2146359147
1693137243
-174368271
2053365858
-486915802
-1485069496
-1482255094
-1099826468
-1245464285
-231415495
833712247
656935114
-1170922201
1253842552
-1086299973
-2094320745
1610022235
761202194
-554580593
1595056604
1685800766
-2144873286
1078747128
-2032814626
348703708
956703980
-2085186155
-1576980389
-1845035712
1551227221
1783502137
1624587141
-1528938714
-1665152655
515682489
1644864078
-1396209931
-712633226
77627398
-1071794202
-90077461
-1912062352
1995088253
1709290369
-930031463
-1532396627
-1342624899
1023902813
395565714
-100282790
627450682
-1703976445
210384223
-142026131
1724812496
466394316
771439541
-549219386
-680400741
1553429158
-790259223
250358416
-944000571
1707142168
2023098531
-2000299539
-1160924641
-1336343165
1126823633
-790332206
1312505652
-1349015383
1027497695
1176112430
-460147557
-1900201357
-1566950620
-1038454447
257146765
-1689796370
1520913823
1313094539
-943304778
1883628950
226701026
-800899052
-384876209
-1537124393
-593635251
-1783880405
2115834988
2110673872
1736056191
-704753280
1423459730
233197913
1433913610
-2123637546
-1163388020
1578114887
399921253
-962763036
907411070
-654840082
647648038
-1935542148
-1150899142
1782453223
1055873392
-23506193
262266322
-2081719278
1967293865
648630702
1945514605
812065758
-2014696080
1270170164
66089822
-241694009
1140428238
1264080419
2027586930
-1902941152
-333508949
-569207891
-452486263
1089421330
207538562
-1733695435
-401047961
1573734628
-1805498536
2042052917
1654390219
-1926025093
1076996585
-277754014
-1457725759
-1735886300
-2084981724
-297215987
368040756
-2024059759
1271227866
-16860981
-483817785
605640737
-565633359
285081944
-1001575196
-1720033948
256408670
1976289208
1992490004
-382855202
1853843475
856201886
-1305144687
-851996407
1200228149
-207374831
-1680326631
-1283711072
-2117172399
1425694285
1251905796
-22243558
170319184
1138197735
-2086734184
1695771508
1433944042
635837491
-1361141604
-46478029
1279821144
-664093463
39705642
1711931817
322561101
859800070
-49050679
472480630
1717565478
-111722769
-761295686
-579766447
-857696161
-1933872164
1009622418
1562321160
-1434045623
-1656052621
-125330936
751338693
-49242119
-2051869517
-437313520
-825765742
1852611459
1803497491
692318760
1532668446
-758553240
734699242
-125981968
-231039807
1560751948
-124629487
-539716096
-1690311747
-193965076
-2132759354
1381941749
-101706554
2136639822
-361061165
-173826099
-705794365
1986822713
-2071752466
-587611276
2103169238
790082279
1375712611
715626910
982556057
2023566584
-1619845392
-1292294441
-864350549
284149418
844434415
101327832
479247466
1026883911
300827578
19204891
1726635521
1204380382
-507838390
-577967184
218957220
-1832634571
-1680912863
-644803247
978607386
1296165885
-1471740310
-1624837708
-31086981
444300359
-1279735971
-1841848544
877364539
1059364663
-1003122968
764682307
1800852326
1257352694
1221909387
-1856228031
1675691820
-54430483
-983074941
-1110363632
-162468704
251028527
954815018
-1689295358
1602926524
575525686
65866653
-1463949149
-1543458136
-2026157103
1522669215
-831660092
-467006405
-877064099
-809462596
-1856007465
-373716287
-992063182
993284273
2071256957
-1438243073
194954592
-636323062
-1786911907
112448371
1243519643
1899760909
-242880713
1053488095
776007795
1120466390
2073302840
-1169078008
-1111076153
-1141475901
645133455
1155486907
867428219
-1491776495
1984982080
1138326032
-2062335128
-210068793
-583823561
-425435662
1738939028
-2009029422
589031327
-1130345506
-416792670
869452401
-1920415884
1659871978
-1603426676
1678927827
-563844010
1237880584
-195993970
-1885832707
-649327456
-1772973429
2051389285
-495833615
1705189817
1460970474
-1432025671
99925516
-857701463
369157060
-689587498
-1910029905
72952303
142028580
-1194605662
1845973793
-2118802031
-211283451
81552075
-1462259788
914139251
1414913560
-822543809
-2013907419
-85053972
-2021004860
894990305
-861345976
-1072686954
-995083411
-1520543367
1780993252
1032214885
-1251203848
1380547563
941877979
-1226968070
-1315138673
-1096537685
258580110
-1231850439
-349235295
-637395856
-750841729
-527259368
-473110228
1949328935
-519726025
-76105542
-912430018
549877034
917459561
347005371
-233965128
155625393
-1240991402
-786596403
-1035538347
1005593224
1088630643
118233475
1492275690
1498078978
-415787958
816362860
746090734
-443407315
239672221
-51542940
1075540541
884006726
-981274928
-1323975899
1235396376
-624521361
2093187208
1943487780
483591024
-1486702434
-152848754
1455583898
1912747107
-1844440616
-1133752839
-1364855840
-437904634
849863327
-67445364
1256633855
714780517
-1434893399
-771089828
1923118215
1492422599
2077701842
1726431926
1717376159
903266358
526109266
1507382079
-75621027
-442081731
274578226
437840475
-866852520
-933278477
536431355
1267203538
1385901434
796466488
-1494991695
1008912049
180850970
-335825346
1699753215
-91191442
-1026190519
-1156087221
-1264731725
1808601166
1472948587
-1030937668
64367723
272901643
399246089
1215100492
1158192272
636104368
-1944224026
-881401706
33733764
-952612664
-1267114673
-1897449000
-1045641706
1018179767
1820132279
-2046441479
1876113982
1106155623
1382442370
-1919411764
-1096783866
-1231497946
-1397627359
-878132842
1454567109
1893533645
1743505502
1697199053
-270684269
1762272037
-665272584
84692514
-1670323720
-1640532857
-918654350
-1110193471
582172646
692687554
-154267609
-311745577
-550667031
1612502848
356529826
265202516
1977187484
2088486251
1355993900
-274343183
1667890270
1678378060
-464599899
-1058791308
301376582
1169346165
935614359
1223928371
1755558739
1085537313
2089480072
-299763754
1402714856
256707481
260141455
87962463
-1675289226
1034669016
72500265
-455764369
-1358674822
858164593
626456652
-1720033343
-319372886
-898761296
-924520516
-1035592453
-1792880790
1398738944
260936862
1485851813
-1223039868
817863052
879883850
1843305593
1220824856
1270252327
1785913189
1067730908
393677521
-394611344
2080618797
632969900
-506182055
29500209
-923283434
-1630348228
1026182158
-718498297
-486093418
566568604
-1274297867
1081876808
-1740735683
-206442979
-1206422289
-1608032480
-1352326393
1709292819
-308993239
435149821
-2035212043
-483858468
401603033
1407800364
-1905296935
-1211613919
-1989232090
537176004
-1199797391
-1603144101
-1441482393
1476110530
940517816
-779178855
-1600769904
598288245
-1266172553
928404863
-939684120
-290791140
-1829095391
1443728529
-1136212993
266417357
2118316256
536325297
-217008929
1614463639
2044968683
-1064141338
181686401
-461874965
-1041767142
985168734
-300681342
293065783
-2031967557
-2053966411
1072507670
-900016941
1376091558
-753560201
530691900
-574066912
-142042738
-565116445
2018298931
-1177077266
1987096730
-1870483470
-867452116
790585118
-782008013
1168383383
-1339471296
826970760
-1242249953
1285291335
576050084
2020741918
-337443378
-2141710917
988128282
150542929
-715333132
-1640048141
-1540207446
-376152653
1776064599
668204414
835902353
-2028632355
-1078924311
-1990489864
975843450
1838925202
2049422617
301675220
-16130069
1966661668
-322980763
730988635
383474177
1194092054
-334726605
-1652919564
11028576
516745474
-1538230303
1844168101
-1518971036
-397320259
1098812954
-571277607
-1074143588
-836036680
764783723
-1136338333
-337240969
-171779928
1851676181
-541732925
1599666495
-1804460439
-1816453084
-2093631322
642483527
-1078227681
1631222976
-1090462797
-1328568736
-430701666
698968002
-1114611836
-461985647
-591400949
-951334774
451963378
-557603322
-564213053
1616420111
717385621
-1656227256
-50799749
983908919
-2137622646
-1355336530
-1014911833
-733188760
-542222474
2133016083
2130956576
785558366
-957731893
828941768
-925835264
-1340901314
-1009938358
1071532492
-916796720
2103395563
-125739832
349883962
-641076763
-1562116712
883812916
-774531070
-306865402
1761535391
1413882839
1064667
-1399148974
-1280320368
2048649438
789621368
-1509499552
1263755403
580551189
-58503431
1110218919
709485010
-309579787
-559924060
1291220768
-427279463
-1734601504
1956968148
1912009769
-1586076128
-1214906454
1939883569
234596268
-2126596605
-948315557
1340897824
500784256
369179856
-829374158
143117693
729327887
-2004607270
-1576139283
1883366023
813755960
1882387020
1906746183
-1531934181
-478551947
1892449152
1999496386
860703269
-1759903936
-1774232943
-1276229978
-1925163181
771399346
-198476242
-614346167
-1586170358
-45062291
-1886949455
-883066225
-1109494115
1238462652
-1723478929
-520667980
-1550565188
820009208
-1580695471
-1079572152
685679146
-811204563
-1548446301
-1449215621
-273328974
-1204172548
-1701663189
-984247142
-372510885
-862813246
735410557
-787994151
1549252314
1442342905
-1465860979
162890322
1216184647
944947166
557891205
-332468403
-250765036
-382588332
1105931993
-195036990
1176439610
-182282488
1751111831
1565011995
1517956276
1490968788
-1802455293
-344396995
1893147440
1773021800
417218403
142945225
1593462020
-19439321
-370281450
2012362398
-436902818
-1347057074
535729387
169582498
-1870489153
1429782107
880705711
1063636418
-1110285910
1145435820
782113799
1782987574
-1082398312
2132545893
-1168027264
-1453787639
-1748277202
548056983
-374309148
-265345832
-1582777167
-1544138338
1872389071
771396569
-1610346055
628577737
-977410687
-1594454497
-1218611420
-82330304
476822516
1018070811
869771085
-884090078
-678601680
742873189
-1198167170
-753905171
-580930594
1626871740
1025790882
524419875
635800091
-2077505205
-1162955458
-688204503
-471950961
-862621139
2010785186
721187697
-1219643459
571756339
-824777893
