119043274
1214123942
1980405063
1744077627
1335156730
620730638
-1405813428
-849235393
709573967
1611551884
-310450857
-542331507
1012258146
-799286872
-1238792737
-1907009389
867755418
-220713051
-726427432
-938681788
1379522018
-60595413
2008508560
1728341347
1770493340
-1016049114
-1717930053
640270593
-94940204
-1263676946
-2046355764
864376132
-1030224200
563712936
-1948681595
484819049
-2112719288
-1204655381
1991190481
-1405011957
-269304247
-30025051
-287258415
16071332
-770475138
-1968239552
2057027380
-1097771692
1605507098
475763968
1079117771
-2124283423
-944313488
-456348242
1594639195
683467007
-30203668
-1519271814
1301477557
-1352674096
945920582
-417107683
589390852
-1085751379
-1986576141
1687454526
1956996965
2021911334
1768061663
377504534
-441093955
-842310841
48281177
1942246486
362703045
-1229876707
-1303625393
-770831545
-327614615
1505134456
657711034
866235443
-883496622
1364056305
317773147
-1505465085
-359800127
-1446414802
-486058329
-55085783
2066713502
193744228
-1050110721
-1715595329
2048553168
1495055389
1615649315
395678704
-1392388401
-2082027462
399468264
1398318998
-242280074
1761240379
-1478686423
792633380
-442976995
-1726854722
-727606021
-1019210298
1519930599
955521349
-844108508
-1616268090
-280346025
-519903684
1407362764
-892880591
1442230825
149508153
1185698932
-1201995590
361556575
516997765
1115132968
959633117
616017305
-1393584422
1444412656
1230298951
1503778729
-1399840658
1348429707
1439613556
-460834969
1733223216
2012384863
-1763475302
-1884376639
-1636926640
-1850525526
436244165
1243349525
1896085765
1288004862
520430147
618703810
-56183670
-1852299541
807947841
-907874052
-1787109784
-760075267
1903220661
141746911
-769765381
-1785914392
-964959361
747036358
1785946158
-1496692735
-1182932278
-760083235
-172113784
851336688
1195073976
32224245
423732844
-1594289756
2137889854
-833128809
1691731100
575206022
299957579
1118555483
1658640638
1544216561
-1797657553
-103460231
-1121725789
882364640
1663994939
-1253395808
-2073177084
580575976
373969572
1869502214
-448293490
1598350441
-1271228756
1503141056
-430969760
1223806464
-365854717
-466440877
985364818
606592831
-86050967
838683786
196461625
857690784
735411608
389820297
-1398651032
-75703115
1613433953
1068413218
224669562
634940068
2128897557
465827686
50058063
-28519469
867923750
1811668607
104147027
-2015071522
1589095948
1642806461
840087302
-914236975
488205676
1714934766
1012192183
1763906963
445119607
1129415665
37035922
1968256160
-830236272
854823565
2120914397
-76217094
1444123441
-1580065666
-2079676034
-2015019679
-960328945
1183122385
538982080
689014209
-1803991173
-670896271
-1038529194
-42921237
32159498
-1978388480
1035540127
-1693267577
-1991636360
-733045269
-531932117
-619176887
-751957815
-1750547272
1923838589
1380129123
-1441594960
-1195118687
1653115922
1163090746
-2078342604
-823006362
-76695390
1802817628
-1058918511
-1024159393
-1548479323
-1111585104
-1073255332
-1581092912
1323953432
-940628498
243772393
-1870847104
-1633559680
-8968879
1144297456
-1669646708
-1740038610
431605899
-510301074
235968632
181711045
-327745543
-933548600
1004405638
503900409
1121011736
1700764982
-2145328309
1998035865
563414070
-1804300450
-1761439618
-1886581298
227430508
-763393729
494859795
2084845220
303398603
-1011366064
1097331591
1721701578
63550420
412816104
-1517547395
1523063957
-17541587
-963638816
-1906551414
109969994
-1853405806
-1888306058
886464076
1438344348
-1185739511
1337116020
-1942685503
115350387
-1355709351
997736592
1547363797
-426103058
-491481924
2058830614
-1559195844
600357547
112202963
-1200637244
669435522
1962099013
1223749593
-1529751820
-1071783585
-1563151330
-438105061
-354590720
1423034191
-1784827043
252355751
580165857
1537262690
-1770272198
1481443907
792839961
1821128016
-179852424
-1890582623
-1210589997
1966039248
1335079475
1895179472
-597245625
-528870871
-93312293
1181885940
2032911203
-689846008
2009409664
617718073
-1807826265
-2032823660
-618796465
-1568933884
-2005534128
-1922179136
-997812900
355499883
219732664
219344095
1524975265
1137886183
-258173700
-2006348163
-297549498
1359664200
-1289012001
209680235
-1508950750
430622696
-1100962579
-1020441573
-1683482239
1663693859
-1061791517
1865815854
-957122521
-963017466
1456101965
739308363
1027409045
-92443323
826442609
-1128071630
47672202
-449846926
-171395989
-1124275952
1775126220
421843564
1119497881
-1223640556
65306919
398859028
837206584
-578186431
675706550
-34056889
224571983
1769509510
369579360
1239648775
1547203275
874979083
-1208647259
-342216453
435528939
1829779405
-456522854
753677081
-1780419106
-2130208916
-730644431
-2024086367
-1017330775
-1366376125
410747582
-989975988
2127866958
-87733319
646978230
-914735675
-1613599958
1935866838
-382332487
-836188840
1941481630
-369129959
-1878671919
1603220200
594059249
-1261107065
1050063868
-580411866
1795276661
-295202297
1138351847
-249524736
741910247
692931309
993508860
1678468438
-1548408805
1828197075
698683550
-306682125
784149976
2098898863
591425971
662340794
-2106807040
609266210
-567302302
1794928159
1192821748
1297224462
1704700701
1383305689
729836598
-915411350
-1072255519
546637525
-1974705585
1889627992
799513788
3903597
-1552406542
-599412361
-613750384
-1091751463
-1868905375
-80757898
1534106645
90309861
-2128206065
-1730701591
863760163
-1256896540
1487097990
870617439
-1194787279
-989538588
-2029148790
116521651
-566147304
-112032734
1357762686
1655764130
-1445985251
347997120
-873016057
-1348524130
-1592548819
-1893376331
-1947321874
-122457887
-877013142
-1935335164
1959947594
1826545092
1118313958
1422964528
-524237090
340887632
-320170323
604942062
1682885823
492316949
-1837131511
430690076
18914874
-861900230
-508136960
-1494009103
-1363105548
-1023440939
977016865
499717238
1532693585
12003708
-514271361
1663586869
323047193
-1192533732
-913425922
-491013073
-180270247
-1597781240
-185290803
1742029842
891581575
969984853
296533042
-1534710613
1264245737
-2013379484
-1431328116
-724716391
-752380106
1709351615
-779612266
-386189245
-1512411780
131224105
-1355113752
45874955
-1006834107
1410133999
-399770429
1394354115
1125603061
903532164
676914189
-1069193121
303295094
2143723084
-1090430822
1329435884
764256022
-410497097
-1422330452
2073174464
717309615
301171346
1642186941
1006441715
-1851353849
126686873
1907349627
-219997427
-1222072198
412135760
-953182189
1800516352
-305399594
-1704440558
27904690
-232807080
1602867333
-1104861846
509844296
-1237239120
-2054704143
1487574177
-765334386
-1232804504
1809013539
-147802473
-1748818614
1694782100
380772781
1053680854
-1691157295
-857663945
-291696438
-384606237
-63960115
-593271120
-302979133
-742737449
-535616192
-1576756365
-370424173
-2094606801
-1740325944
-631872772
503865037
810848991
841508
-2007833599
-1486827843
1610903212
1915641334
70335975
-876508466
61325499
-2109294646
-1466098570
1337391403
171005284
2113342294
1038570191
912696231
-393051061
-1637049085
800108956
-1481694239
749409201
-2009984596
2142211210
1662528931
1661172999
93034916
222536436
-1160881270
219047620
-616806403
-460103712
394043884
-1004050569
-1062004217
-1003969234
646941685
-363698657
931296023
1152554510
512534291
102771642
-1829957495
519378098
-1427455853
-2142111205
-1820345849
-146413756
-1468147316
1763654656
-1403047414
394442778
-1621887749
-40000925
1013328544
1198155048
-183622609
1023230736
-1532542352
-487107914
-309103257
776965239
1554206203
-1107315374
1571924153
-878107965
-1564184284
-549714170
1041878836
2078013995
-1582117647
-1574757426
1130707017
-905428345
1361036691
302942532
330387814
-1491601371
-1225710429
-116304483
1512528867
237120989
-1132094546
85336536
-1364255455
-823106462
-1889506573
-579255501
1247407344
-1968078118
-2061356950
229015521
-1308244431
1804289201
76620552
1032413946
-1500627524
-1183567702
-657244607
2048547763
-1361345661
1657630006
622928334
-297657394
-1031941641
-1361770999
-2040485456
-1309677229
-309989462
1082029801
-1451064716
-1982408832
238135093
180916168
426655159
286333693
84760923
-377158123
1778166508
-1104679597
916065646
-604551346
1463318620
703706015
345613297
-688561959
1561944174
-2019599230
1931022206
1401884948
-1536268504
627911003
-1133856790
49042858
-1712329739
1408915128
364997542
-648672472
-725970008
713971721
1178501991
913338831
369118912
801741462
-1437852663
-1462195285
-1530069011
329974706
-951678288
1423149028
1519421139
-256729552
-1375310032
-1580388525
-1476906227
964504342
1745815726
-1773238696
968745843
-977565296
825929863
1594251242
-1028434528
-937154009
1761189744
1624350190
-1615566418
-1238630094
-2133499683
-124814644
1670602307
-449336180
-332556121
-1824344000
-121747247
1590476935
1296629480
248242029
-1936896488
-380211169
136295977
-1532740041
1226661615
-1399847822
-1577951297
-575443503
1720941892
316331887
672371313
-304206188
-2044575
1793902030
1719637854
545697042
-1981810832
1654606911
1245221149
-769424277
-1037525695
997639141
303788325
2140410334
1568532553
-956534267
1027891055
1059974563
-393645075
-209887494
-1369474982
451452151
-253487104
1416308844
-1716714291
734646647
746739594
1807434433
1179553954
-2046441039
2058516427
242507218
-723221694
1349297911
272008063
-2057248542
1675239052
838257783
937737826
-1361530421
2000160762
1389337480
-555922186
-2029798535
1286848518
-731963066
-1089727357
-333846628
791981002
46696800
-1063643298
-79921255
1164809446
-748918225
-77475474
-70244159
934527909
333135371
1085167851
-369233980
1076565858
525704666
-339392663
1886721895
1206960424
-197324567
-784879852
-1662083468
40141976
756123134
-235495363
495890674
256549647
-12269139
1273758485
508524694
-75574009
-206664214
-157234761
1617166457
278066621
1317066463
730185323
1228480522
-1137031916
-346693376
-419139032
111518021
-1962122311
-638725029
1037176666
-1858464220
1027173767
180607284
425071846
263459158
24827435
1829200336
-627884694
-1633700306
-383587317
-1426080367
-182380855
-1334979618
-639163037
866994498
1068043750
2079588324
-1390437455
165466292
-717098322
1420780483
-2097653421
1192686985
-1892599716
1484403190
683105645
-585191601
2034857464
-722536927
-2046526960
-1336985392
277998368
-759942007
1951297688
156958375
-2074407670
-1180824378
-281350060
-890084586
-1046454328
1429918646
-607822996
418540311
2010652622
825940149
2139780607
-802641744
-111837263
1332922890
1493001099
-2135230837
1349156401
1362848931
774149778
-1760110395
-641558407
-85419259
-1874618759
422942470
1816124580
1430044541
-1715421262
1161782225
-1825038205
-312656485
-1897635299
1953047836
-1450680163
-752910624
738255275
-1098010077
114330486
-288516426
-1838564028
-507733384
-1131791084
1174188448
-610689046
570804830
718352062
1778303921
-1387929570
40542296
-1797497082
-451139006
-1407184510
-2058205188
-1349306870
1431909598
871140543
-899125748
1234840054
2002176385
1151275432
1856676294
-941185076
-1591961598
2073880479
-1428555910
1822573671
-1232170804
945168439
1103872093
-1541310020
255234772
-1705123813
1819110301
-718113693
-500792122
-414985683
-235084619
592229717
-666481279
-2047923982
-247987455
-361591817
1386504134
777900588
-799351148
2049027159
-1466512085
632340680
-1360126391
918578612
1004934229
2040033530
987992856
331955523
1327111781
-1446835546
865121450
-1798377168
1318395826
740279809
1174131502
-1131468830
-273723463
-1075743112
1877611117
-1746251901
-1799246767
-1117495344
929661468
989557183
-1455604702
213498254
-730601616
-386727989
-1194359721
1541244056
-822342664
-670836056
1735140754
-1497262309
-2038389338
836901800
-518073312
1621295791
-430101458
-79208143
117972845
768424121
348270483
-639065152
1847246010
1631621393
-423361539
-326772944
190204172
-2132273437
461887184
1148967996
865580647
929349594
-259751685
-3832254
-504965060
36860282
978168461
2111879497
967557919
-397575987
1437930381
-304552891
430830524
-825927615
-1787357686
1074289561
-1402310389
-267120688
912569712
-550086692
23944642
1323254625
-531706083
47160543
1697557771
389735278
-1575272397
-1152119569
-658968969
148585446
-1801055057
1525918806
1666999601
-1558278829
-1617030214
-1560684248
505405046
-1347120065
-1901249217
1129167675
-1648100540
1680646868
-516748099
406532214
-1941642927
-65457982
-1126197923
203929934
-787380418
-553515675
-1193555130
990587278
116330508
-45326299
-182677968
-1799610026
1391585743
-1882012896
356731191
-1382247835
274572192
895239174
1229470705
590534042
2094509783
297633605
-313016126
671093943
1583906682
40618341
1728914542
-1481831320
-192299025
-974349644
-2050301201
2125621891
-835220487
-1928122075
-1483121272
1999785105
-203036959
1889956981
1760714265
-468934003
1151000819
-1306974066
1970338741
-1819248149
-1266606036
615504432
-1094536079
2026403035
5095472
604402126
-1750085506
1702949326
1326431617
-1079930699
-270638470
-737499335
-2102501394
1331043443
-1017874174
1722070936
-1312860088
739482742
603149707
128287157
2058650972
1648643570
-1938899854
-1725320919
-873688036
-1732242936
954249808
-914009309
221310751
930978340
1917532819
-752159897
-1327582901
-704678234
1163848521
-679934566
1822396367
-919540796
1257663039
-736223556
1047719767
356561070
-1759238326
1590215412
-233400197
1078328562
-1011816476
-757085293
-941506697
1482590241
1639905274
759998802
-803450079
-1447403597
86971395
-1288632610
1611122455
-118180057
10575956
-1242198122
124636471
-630778258
-876740174
1505222291
-1579371949
-770274679
-1005180120
2130303464
2097173029
263240816
1822930203
-1512767958
1090639488
-1056370123
-1105555045
1679318578
-272124472
1776565865
1399894523
1893751585
1066575012
1675813310
-380227165
866343076
336293617
1933714157
2059983395
-1835077256
1637936121
926114010
1370182796
-1857720272
1230275044
-2063965451
1179229179
1392742454
1510403182
1981000674
-1692826251
-1246573809
926825178
26923611
-346328838
-510872094
930691366
1782776917
1626109908
-1766313158
481540223
179443809
1222421551
1657896202
-872256778
741396821
1819360750
1062882033
-1000061324
-1918289877
-1503422277
-451962689
609395435
756428840
-1347694752
-1544105672
-528971826
1108715840
1429596245
348938519
-1483940670
1199641784
1170661273
177862229
114454933
2047213581
-1773178428
-623186006
595333487
2096298516
2016937053
872005716
-1503521466
1930110562
2048016233
626609174
-598070889
-109763859
-321770429
-842432637
358169426
754983923
-1485181518
-42555268
-1299005419
1883531802
-1371511496
1532449526
1195888029
-1445824808
434919848
-1273713152
-1809075080
1727439636
-1247612165
-1381647100
-781512193
-540214259
-301883550
1603656012
-1161982589
-1900311942
-112675426
947079112
-1564887866
-1775802381
1188915343
493545229
-1440371795
-577026417
-910237685
232929697
1014407986
-639873331
787712753
-1976479627
2136755103
-1277921353
1940979325
246569394
1196733944
-1224229564
408024796
-1418405960
-501720904
-71575298
-1303163645
-381762462
410332096
1766875364
1237972411
375792783
-685043828
-591433584
2068930048
-709767202
415953831
1142767772
395491468
1998090424
-994217887
1282363458
310055085
-1709113198
145541054
697959746
1061107295
-1139260301
886669744
-2102532600
548001686
1166216628
-929032311
-2050239987
539056858
309150470
1172923050
409590909
-1097314535
1018295737
-1482243456
1765322009
-764115784
-1906768069
1142304177
1652788062
27665386
-1460985122
916038289
-1931249689
1357468741
-714797091
-1716475174
1824520207
-1648211566
327131040
1197074076
-1080133670
23906788
1586609214
537776754
-756324844
-1661632277
-22652092
232996086
2062970554
-347818871
-440903500
-578740362
-1735559271
38219430
-1750958512
1351142887
607666997
-774148032
2138192664
1751036441
164683243
1794539973
850382608
870778412
-866961063
1020589220
1394011973
2049917506
-1568630275
1715595809
493299218
1985229173
395950876
793195368
1621324703
-1182801397
-230896412
1228332773
2022503082
-572922648
1419948244
-248527150
-526613111
1677168707
2001279067
-1186728687
914083695
855718300
-1345492545
-679415749
-1136787987
1302108909
1939246912
92751352
261957308
1643894559
-550890371
1751115408
1418280377
-1653354049
-773114347
-1408031294
983689008
1123274225
-1731672176
-1838254892
1325705820
-891058012
1263080320
363014635
-93501394
428622343
-1548674589
-281417572
1732131405
-1568380358
519491787
-1485078590
-1612472738
316466505
1510230848
841568401
1415778693
-2075518379
-640947611
-932408597
1913602090
-395165165
17562840
-159053070
-1434571265
-1607620486
-610111394
1530201053
189626946
1444730296
1916238272
410100751
1060119615
-1312566683
-2079303953
2109468261
511022104
1066990330
776572782
-1510472497
32631752
-1637280124
835344112
299728930
1126949989
978953364
439940672
1047851307
1748286373
1693292153
-1974313376
-1312563450
1557329314
-1358960720
-746239499
1745475248
-2047805727
15387035
-774663966
923164635
1808579216
-313960847
-1073573327
-68621567
-1418319601
1059913590
1968035898
-385282884
486396593
1551837803
-1151509762
1268161107
-376565054
64664134
1265829075
-1135182953
935648972
1773158182
-1965466298
175785456
759481878
776186240
2060942908
-907152206
517465453
-197141346
235714394
1482183349
-1125657818
427945034
1717076902
1254091043
-189151390
-1064087098
2040116590
-2104522861
-1072790381
-1269398530
2061106280
-254625449
-1732656065
-404201728
-953603558
859028497
616377348
1307315883
1002297468
1825164172
-1649471781
1402892454
-332966182
-832579896
-1544192352
-2140593772
1974927615
1271460438
-1880985135
293382533
1459971215
-1353114650
-532282987
360479663
299489460
518923038
1540883456
-1245790883
-1459524611
-799159380
-1725266283
1548552230
-1660138366
182156446
1810558220
250780514
-1598615989
691605744
-1236289452
729264346
976712690
1930141030
518863322
653322430
-1342530170
-1175044196
2114696971
-1257963301
1608303026
1911179867
-1908555496
-344306932
-977218275
-934452435
-1566718728
1702926065
1945158676
871064882
906368946
-532446497
1796547174
1336089908
-234421540
1117546518
320697743
421147385
-158165666
-344304071
1885371672
79025113
1552825467
-1593191942
-1831985859
-1243942257
301361426
-1525855468
243453903
-1756221357
-1237269216
-1804436098
396803932
1759036199
1030602120
-1874841123
-1920929652
229174641
268592150
800788793
1816731085
1096407753
-1708134975
1314357235
952707378
773846548
-989966032
-2030455818
-1635170152
1584663761
1839450495
677673517
-1487908854
-306654286
1636516162
1741315892
1265876582
-992239506
-1121457719
1165766481
604598336
-1033474859
1490322085
-404029019
1824988421
-431589596
-2048846485
-2115812706
1366950499
-1981017190
383396279
1028223407
1824743912
-1164082357
624997747
586712643
-110316311
1864361011
1553616217
-840093714
1064352421
1484164749
-1422566987
-1830263323
1476707497
-659917979
-59419793
157743536
1119872373
1871728748
993480008
-428662499
397665631
-174207733
-48280221
1756375927
-1322901065
-448080710
1436760839
776984056
-1579894229
-310525295
-508533597
-459017349
-2070499219
408302110
-552279535
2096520053
1575738898
311658873
1436964639
1316770854
-1040456515
-32403306
-4990390
416934922
-137266052
-1230591526
-1008139316
956102294
1200735345
1632927728
-2136708904
-1973510112
-884639308
1802845404
1881409315
-1942631138
1657026680
127704655
571368614
336836754
565193580
-1987740867
-2113443934
1896318405
-1535980189
1725533868
-2140394780
-1426278094
85041462
-785736753
306270794
-53228347
-1531182104
-481214637
-2079087739
-1275899067
157383947
-623443465
-1321015521
-385655027
-1447939741
1112965218
36394431
-1569972222
-1813947448
-719995856
270669228
-1387533120
1855713360
466348621
712871055
338176790
-702296660
-1077587322
1814727036
-2032153676
-1683873582
-1716710307
-1713665230
748506402
-389423396
-311565028
502245026
1374779892
-670205648
-1038607572
1828901293
-1038133701
809054176
348953254
888247858
-1640697794
-1015699886
-577669334
2083942727
1712588906
2077007395
-1511104785
1495753413
306758790
-1937507256
1216095003
-67210998
1891361322
507608182
1735651669
1140860153
87104625
1311487683
603984535
465519173
5880045
-1805427827
-1713814712
44908527
810446811
-696661606
-405210999
-551860980
1254302615
758669952
-2480434
-607670837
2138708818
-60931769
-876126799
1531993270
-1214008063
-1926219956
877546754
581065784
1345503896
873542504
1553860386
-1241279393
-117635465
-736659632
-1491692399
2061211873
-469597404
-1544208578
1445309636
-1087581340
-1095921093
-1546534959
1945479227
251629049
1703474850
-1776705999
139526099
-1005280791
-1324851712
1142703734
124644696
88985268
-1563228817
-994196407
595263838
1167457622
365393263
-1512373812
788447824
234091468
-1964340962
-1434939209
-995514167
-1877590827
-505203547
380789187
-1017443038
1045383165
-1882734859
-1327165878
973387
-807074346
35152563
200251439
-1804396066
-1928887160
1225689712
-755579909
-180245135
553013388
1395072029
-1979616952
-1603548885
722771380
390170557
173512033
-1377172583
1160281198
437554524
1409530922
-404943166
-1509843128
307555903
-1452199107
-1529319816
545813687
-872841892
1025459030
1660010480
939432211
1103840012
-1778115600
-658217323
-683285275
-1675122690
