1084760830
-201828921
1839731658
-1929011317
176287105
-668983785
-1261078612
921187742
-1595794358
-1940620967
-1373308710
55602177
1065634604
-2003152596
-1142213637
-930630410
-650990428
-118910569
-795655567
1181984467
851968335
-1203389074
-241712914
251052293
-585821541
429974778
1089284941
-1775633065
-1198086975
413459160
1771413919
919056756
994317298
-1210514655
-687641981
1168409770
-259125040
-1336379189
1668335290
-1717862928
-785895393
2075149646
-1398216199
1881042474
1118781884
1623291530
-1708708607
300694186
703177421
-487661849
-1070674707
-1820144646
1283325753
2108402621
-1295070262
167421144
-875547046
1475509750
1592444524
1532388737
1098602225
-645732110
-2019896449
-1053769934
-1579489702
826112938
1354874844
978820075
-1585125632
-1227573225
-1646642147
-1685356939
-1028042222
344693972
586207090
226909862
786626678
-1507810046
-1899387978
1860011492
294715133
-225549717
-1114734915
-410636313
-1123063335
1966675433
-1940751121
-1443040318
-1741132981
-1833768440
-1535221479
1334589731
-931173984
-71912470
1947307394
-500285991
97644637
1888706155
-506398147
-1286901866
-956694343
-1103076476
339655869
-883024394
1878029643
2130049012
-1664486226
-2020554561
-951751421
413781276
1599091202
-537096598
1336930654
1048284458
-838424503
-1753121054
1177897941
-584419974
1282589509
92984971
-1217675626
2019537720
1451159741
1319986565
375624821
489645641
204583825
1261348657
-386089947
-672371093
-61189106
1583828467
-685874526
512321178
166183299
2010924857
-945209103
-1887210827
1976793364
-82478148
-1101754101
1442431841
-338459187
2112475141
472964630
811529261
-1213993478
309078323
1753949142
-1637898249
1693000117
303921658
1151201634
-563345523
833765055
1204034543
-114982118
-905443690
884686227
-1802962686
-1262024744
333484723
-2114167880
939477322
344622437
434245856
588601174
834922760
-1616244691
980340000
1794658316
-2102555931
619727414
479871065
505504000
-1554560386
1024154958
2050510972
-2015016905
1516462882
-371661692
-170004760
-483217627
1047269081
1644329176
1088600336
1321658503
-361442904
-1987455691
340361050
-1013958799
269399316
-1906391649
762304074
1829041058
-1266272285
990401960
-356313633
668475167
-1634077143
604893736
1069247293
1894334718
614813058
644117036
1480843403
1842780546
-2011528805
955136814
1690337054
-9043096
-19127049
1214051462
122810326
-1645603200
-1648506384
1454800416
-1157087800
-1957798018
-177192966
-39444881
883728157
1045348625
1285415215
-2015487071
887384121
-1632939467
-1421888505
1499280404
-85095137
1005276613
477914470
1135520264
-1873324781
1335289683
-1578213669
-1854744940
1998595200
2037979451
-851542746
652834782
-154435300
1659355125
399846139
-1693045114
-661539767
388077227
607904773
-374677918
-117657666
-139007733
-1511693267
-2006260112
-1269032858
-303362467
-894236901
-1368038392
95722375
1380581847
-2114839556
1477702993
-1016270297
193899568
-1225510523
-1718702347
-331532630
-2102676878
-1508794824
-1369622248
-2012516161
881974804
2048248038
-1692907643
1974107005
812413511
-1039600268
1594745130
907979208
-1816329584
1950587361
2039360198
-1570910983
-901407082
-940343417
-970086176
-1615429186
-951490755
1643852960
1972710650
-1553668291
-1248272142
429429259
-1387863546
-711383937
1835046728
-322479792
1396911129
966156300
-553261628
-668913951
-504410274
-1579741743
717683188
-364088158
810226252
-1098008758
982540998
-1675638613
-1314795749
10985948
-406077162
-1128780724
1370925171
-1108805758
1460694408
-400812207
909301094
1108366764
-1462229097
-672793722
-15189856
-1352014237
635904494
-65733507
-1117145379
-1927780432
-113770506
-959783026
-1805778790
350012734
2100402351
1286240287
-1651981553
327886910
1475711683
754586660
783381595
-119103094
-1477169704
-991843095
2010001153
1670042125
2011352357
676651022
-1140043629
-1910688415
-1929898168
632616147
1094176684
-361368903
1831452501
657944982
-1066566366
2013943808
-1839903951
1256326552
1762894972
-354327742
335440673
-1078670585
-690503775
436010571
1759688349
-660069064
472330706
-576139123
357294698
1421066035
-813416998
566872902
1476838375
-630690188
-227038332
1951912930
-277432922
1576992240
1341313100
1725771933
2007118142
643442005
1291644760
963484524
1385083486
-124112746
79832232
541138717
-2096154843
-289072218
1204375436
423436988
-259395151
-51501437
-931549098
1719158584
-1787887882
-982243979
1819290961
-194249913
-1687996720
949883287
-1649446159
-263132794
750741850
2052169110
1068852043
-1152277277
741711232
-1843932488
-30177081
-65980610
1181951186
-1436550624
1557102611
2008643150
934254747
-869181873
-869560998
1621050049
1166414898
-2004848402
264687797
415831463
91701391
1483014346
625462753
-729382896
-1756887776
1706667039
1203452722
-888307469
-1722158627
645868312
1937525704
-1828924079
-1185433958
-1024422250
1226500351
619751065
-564053093
-1462849744
1508347691
-1454818482
1485320045
1111820410
-1089224315
1981386214
757538291
1412072586
-2016327329
1630399989
-1112906562
-1568343113
-1429621601
377032586
2013501602
-1151439708
250267498
1865952473
-1569378171
191311996
907793695
-1476059623
1626179962
97562494
-1791282042
-971535441
-704276467
1434474940
-1627241656
-597385588
1579735776
-378345442
-1637765982
845075154
-844012938
-1524356691
1204741973
1980616893
-602144178
-2142248690
857153249
743468992
1545994035
-1549502901
2010840049
-359053330
-68759854
1246265561
1629093912
-1617398373
1309523085
-559911466
2137745598
1112240963
664045454
1808909969
1760415060
-1021956694
-1732948451
1498798927
-1059722034
-1894336957
906189366
-1027221940
-233284014
2098673621
476816214
673610495
-1741612755
-1684532901
1104877973
-1164307038
1237780486
983972651
-1181348359
46358257
974723925
1087396443
-1473426424
-510896079
-2096787691
-1831917984
-1666008930
363881331
1767069623
664536311
-593982975
546905113
1257302618
-1996816313
851668274
1160089
1381684281
-1725203641
-502715259
541906561
1720702308
-1010481059
752528243
-688562758
-216042829
1744700999
1081166767
-725463024
456864502
-1746081986
1455755126
998963185
880933745
-383695272
1091702059
1667240308
901791623
1497542445
-905377758
234575005
1112995764
1807170493
338707131
-1792614433
-5860416
-38310767
867622323
181552865
-1107665871
-1694179553
1145985206
-794605180
893646592
-1058306446
2026047543
-1389594843
515769232
-1114945014
-2075814780
651444767
-91749925
551694080
31774228
68896659
-222496530
-772968595
1993909027
1452855146
-542535529
1052386316
1563648640
-974075749
-1176661413
547644446
-2019985499
-898185815
1109394861
1754136461
-1325736952
-798638737
-1005823139
-138135724
1312586160
2093782047
-1181590450
1407064093
-1333519606
1892397192
-755380372
-330081493
1051919356
1589649814
-878310692
1512436090
1623754810
1136465951
1055188084
720805156
-1717095720
1451014364
-724060820
-612418299
5002017
939362996
87844182
401845922
-1439497562
697435456
-272125877
-982226362
-761726823
1148978059
1998658662
-1127465619
1592573531
-1333387495
-1482403210
509921126
1695684946
-1381419222
890424814
1207147571
899857920
-2131974081
1838946336
1612460467
538878033
1251211229
-1001258326
828439298
1113617715
-745211760
478254384
1585468960
-1663026836
377334322
1371578955
1828728784
-745090649
-861840787
1359689664
1903526338
1156782031
2144913789
625696244
1916997363
-696129121
1939429178
5823135
-1688403372
921701497
1373862997
-534385984
-967486551
-1473906057
-1714875423
-2119620656
1875842740
1202384063
-900712171
-547091398
615848082
1887287067
-1518355120
862505737
-1871548572
1030179017
1756265052
62484195
1479663664
2125719182
-1191246602
-16419787
-1340915958
259879441
1233486734
-1368763729
1418997102
1585599077
-198333110
1110354418
777771760
170512871
1800615248
-88668792
661629974
-2012215991
-1604377020
258894868
-1999574140
864063471
266400271
441200074
-454956710
-1662461575
-306038302
1262724640
267594969
868190368
-2002742662
1115808965
-885023668
501765957
-1974941531
-433557038
-1985429723
1350079431
553871876
-948723393
1995603557
1731322772
-1038445039
1462643095
-1404041407
-1085400318
-2046993565
-650448401
638170114
-2003812769
166012208
-2045162732
-1474420948
-1304690618
-31064812
-690550781
-1187068702
1104564532
-879057648
-2027476579
1185601160
78042202
36294100
1368068507
1450255530
68898228
242347328
-437817153
-2100542693
1571511641
1232959784
-1430428597
1322928993
1508645909
456755799
-1076660554
-584851120
-244814540
730147798
-1381927011
830234100
-2117330528
-1907369362
-1702011145
469714100
-935524306
1235351658
-1523142771
-1064474957
1470048052
1624390048
-1259271000
-1754376071
-1741366434
-757642318
912652043
-689889838
-489224255
1389706897
-1923029725
-1397673994
-904068304
1442476354
-1253561732
680739305
8261326
-927463708
2063098487
1985963812
955982308
60696561
-1008774598
812941429
-1451680012
-1645964348
-2104592921
1894454051
-1746876914
1965835866
-942887665
-1979978156
1184561249
-1483786660
61979241
1164001971
794108180
-1965068452
734890686
1841238093
1566758742
-1572402081
1963489063
-1903554885
-791736908
-1232152933
1896412794
78803846
-1585421655
225021057
717124097
248134342
1945724539
360584445
-881315475
-860563956
544664132
130753275
216699402
2003330433
-289690546
262343981
1676934451
1462165327
-839256668
-1725506037
924209671
-1810380481
-1639908123
-820781029
1638970972
1083271330
819798619
-198759822
-1252982029
1743424629
-1535682229
-963710599
-1942798611
1587303871
1370575502
622436340
-159850882
-1962040770
-1832829856
-1437664192
-1375160096
-942146238
1432955767
1369431515
379840905
-487572777
-137133737
-1298319575
-540340065
-2028265175
1604248548
636450677
-674060629
-1598503900
1274649144
-1143764683
-1975756915
-2106099878
1901421238
1282601105
-94988113
1277786666
607786591
-608121306
1031990909
1543946781
-95507100
-723662330
-1449749228
-2091481197
1779792123
1352739587
1926266937
-653100898
-1135499659
1074109997
-585439604
30389805
-1831247984
1109160600
-318911492
-1437073556
1895373833
2115128674
-519356547
1948233579
1992423541
-1459840525
-1276821512
1181446397
1541809745
-1932051834
-1266123645
-1765618462
1969473879
-695321367
-1786354734
-444926424
-1804610029
-1939368064
-1886636308
569866445
169330100
-2132987249
-1355017439
-1812681047
1529492263
272089527
-1388828870
235544202
-798771871
-314625599
-1064335374
-1076811360
1088326396
727559834
1790924709
-838948069
1033431813
-824277602
-260950713
-1702597102
1036979987
918710296
-430758250
951688614
35867292
-1288252919
1021866387
668439399
425706371
-1739155160
-1933698770
-83187722
440573940
1656088618
74379583
-668145174
-1417757324
-493082045
1872133565
-1757749513
321406259
1878174443
-140177111
451982157
-1838829148
2081877477
-785195445
687897405
-290252465
1277952892
1225126176
1815636770
-259075355
-1636410097
248136466
1593452926
1564722836
-1677597232
532307561
-19751069
-1476984676
-443915320
-194362111
1561586451
-1167894238
865756446
701337149
1246320874
1359430980
-699056745
-1850937285
-2055764356
1446389101
363124832
-1454462904
1922634746
-591420183
-1093901813
-648513898
2011858905
452263611
216862423
2133401900
-1247917900
1794980782
253395252
-1319980515
-239349391
-1964589655
-59730811
-2051152644
-931429469
1593158727
-713781209
-1684899954
-1700611025
1754535591
-836237647
75977153
1434062385
625073792
1439950205
-872892195
892454944
405782647
-50956185
626131449
-1725487313
1880231348
-819501612
1379628975
465493238
-294851918
309389045
450127635
1940900689
-412801194
1607319629
-95647776
1826822792
775816259
359644784
397358068
566037935
1818065260
-1553286388
-1461313026
-856409776
1815466473
-761500115
1277204341
911409222
403484942
342462396
1160201675
739867371
1803867322
476908872
-537639198
1567894645
256977132
1941854216
-1284903746
-1830933859
1305280667
-1673523424
1165645948
-443835519
513705926
2042137123
12389507
-1855738422
474333896
-1836447783
1368321528
199192337
-775180559
-621247167
-1582536329
-1886051202
1172985939
-263749416
1006415615
-1903294030
1698691289
1020931611
-1841284819
-419522074
-1414761316
-2010849973
180622252
349685588
2132395897
216439664
945722603
1630127317
954546142
-1307685217
-233734383
-1799928373
405299940
1327420030
620280877
1872910400
-746687069
-1608918776
-504616526
-83215025
1574119360
1597084557
867051297
889447362
-1534178486
-805476356
-773334009
30206204
-1622669882
1357788772
332359978
1085490201
1465845384
2021847736
1516468479
1311375187
-1987359164
344364754
-118824098
-1322933337
-232956957
-1901285190
-769763208
-1503577417
256037530
-1015934681
206391048
1255607026
1487334713
41639493
1982755272
1304850929
1515606720
-2096918856
1008724006
-195919580
1597186104
529043680
430003767
1532706989
247413695
973382238
806281195
-236077941
-1882176285
-1847125033
2035415938
767901691
-148785613
-286804745
2124480318
773481242
1794051091
1811645624
-1749199270
-173879602
-318176048
73613796
-1179938502
-714155289
-126464524
-1371633704
1944044771
-1384093056
1877029594
-1299700854
-1953763924
-1882674517
-199679868
1042001100
90523958
-1125083316
-418901333
178581457
-367993960
-1440060859
-1125564905
-312612112
-1481206817
-225945389
-57701327
-1937218392
1463665589
-1757985993
1969208277
802971107
78437983
1992440472
-678741139
-738925441
1129427692
1181614375
1851134010
1633225225
519476651
-670439292
1040408309
760677067
-423875363
-192564640
212429206
163819784
1400296619
1450334050
-806939022
-250535803
1441386073
1099814990
-696101749
1649587787
136949436
601390436
-1650986717
1559107755
605208553
-1951127547
981119634
2049184642
1180125742
1668586140
1441320025
1133313214
-1519060922
-942548293
-266600330
-1118282464
-1390425401
1377571204
682230265
1373102403
-995864865
1394773578
-2039485226
1306121948
11144255
649449335
1142744829
-623396286
1775918678
-2084129361
-761446744
-1857972175
427764930
-391953099
-2065131021
309807050
-1502595325
267622798
1976241073
-1819492131
517793649
-1340084381
-1989533316
1611076203
837542255
-1108154197
-1631305971
1653849446
-972505375
-2099679479
-629548338
-107710534
1229697243
827578482
-2129301587
1383439248
-940705894
1161966098
1157642291
1231406800
-1401330249
334484848
-1197537580
795438824
-577740135
123775951
-789327992
-1221759796
1225728043
1269089239
-170543462
-1113078467
1528690638
1243422068
-73746241
1321611596
483926673
1743179774
-601145239
-1939985631
-257343329
-1202721126
-64406435
1720353528
-38312968
-192164129
-245789821
215924844
785814115
890410428
-484978180
-677850120
1071510179
-378392936
-645264519
327015609
755374312
253038778
1439329994
-1835596168
-1501878648
15038186
-510429515
1674560488
365211886
-1627787944
-2124209143
1539762475
-1504664622
1491229117
96980209
-1372034406
1837994666
-1795497536
-1596322419
1098761157
-992727712
1704743834
957132222
1895779000
-1624847292
-1067977476
464818241
-263130240
-909555901
-437855185
-1388839169
-2091300883
-1205695399
693319549
-738858846
1619629976
-1937987260
1013196495
1122689899
-1390762969
1196375161
-323286121
-1289549502
2024885711
1628143963
1251701487
342163726
-1845296102
-31429718
1715797506
-411842234
692715242
-1923054023
-1386681173
1141512136
1674937277
224037091
-583324069
-1953799447
906148657
-1194272321
66657598
-728504372
1118755530
881552786
356403104
-1538113033
1492887283
-58541179
-1098781811
1445619747
-280260286
588888087
-618788680
2043355731
-1393887488
369625940
-928306019
-1596175065
1999651815
418707015
-469082903
1358790257
1395981613
1087806380
1245234201
-1439572216
-823789375
-1406099479
463406176
1984908764
457786580
1720210495
-1622649651
-1059839926
-490962022
940826940
-880030547
1491604401
-1999192239
-1458756492
-1653309139
511853637
-2101020030
-1050135184
-572827324
821509411
-156696442
-986135067
888126415
-842041948
-1292486069
185651496
-652575747
1274531829
-1136620713
1867927265
2130225132
1449323751
1420655373
758439166
467803540
-1555339005
746073647
-1767140117
1430915555
2142525153
-755174236
1082556415
1267054122
-758740295
-70684806
1880514361
-1603778633
-1082225862
2004521773
-1770997205
-538421822
-569885798
486672937
1127049525
-1527875188
-1771924755
1367391117
-2043277578
884620485
1958147258
1803319857
948909312
-1170404819
846528203
638787562
239730634
-1902050178
-1896030139
-1976723188
-750211606
-13899895
749702647
-1294359505
1752127107
286021535
1289578486
924404278
1383963387
-744340686
461448297
-1427942772
912605169
-1212597573
-63040608
-218089551
-205725330
406184669
32903531
941842420
472725082
86369481
180139945
1163435649
-240478416
1999896804
1479714335
2027569310
1949547509
1031284647
1907159946
350497585
636085605
1152761031
-2026234890
1683803269
1223026031
-1281857387
-606666672
-2055936435
1752218340
-710796378
926665530
-1091865624
-427969430
-461166410
1574031134
-1951190810
565137078
-2017486647
-1126125179
1217102794
655311353
-619504238
454195113
-269037295
137720475
389498393
1196640328
521435763
304134438
-1664755305
-1693780294
-914026904
-1379945084
1210809508
771468102
1608739821
-2007555731
775750803
-487441232
-1815748985
1389778458
1564744988
-500560106
1910929032
2063726910
343811132
-1576039429
-549314160
1936196918
1314021465
-1775663196
82986838
-1634754434
372438184
-542955614
1216147112
-1576372121
879638482
-1602937168
-1080840529
-1640721658
1718374613
-1564061250
-822480776
-1832203153
-349225432
-16172467
-925940561
-1773178077
1353296674
-35874307
-553463380
-1447577658
2028156828
604722019
-679404109
39052309
-198765100
-1066370016
1627240823
-57701098
1776558740
1648491566
894340832
1514550416
-1699488877
-745189763
-379135986
2050756029
-311437286
-451463490
794559132
1393678653
-1114396694
-299335555
-1262550232
-704246706
748895324
488577909
-1019683565
340047674
-651411510
-544462561
1929470597
-408232176
108724013
-279130228
-223121229
-1124516202
-964572665
682943860
108145764
1824367229
368831619
-1027617906
226951856
1090082006
1875093465
-56293599
1104704010
2063485893
-1444623113
-1131187750
1813372801
-26996877
1533795677
179245792
1651833922
2123402056
529258056
433780005
-1969127583
1801469530
-1213003246
-1508274433
2051553240
1379696416
-456545320
-1730965770
817019599
-492452246
1180365149
-134340129
1064907293
-618449515
1058271021
1394017833
1420037902
-454571015
-955149563
-377618314
-1108368026
-1802436698
-668376974
1041794413
-1216351578
476687696
1156502455
1571138766
947066253
-1546153081
-84832525
-990527034
-911918623
256429354
-103893629
597296259
518061166
1599733533
1567758756
-1814662901
1155763023
-1270534855
1351229533
-1024942263
1598817899
-1355519356
1325105051
-1168895895
218227778
219338913
-313509219
-451576476
-2146017559
1361685130
602898578
-1079772450
1407266131
-2139218309
-1985851009
-1463810513
-514257711
-725572815
-1027404442
545116094
-1297293605
-303260588
-541830748
-1678158186
1009409808
398162480
1209911450
-201840334
-439634565
1527060651
-684470384
1957027739
-157980393
642947443
-768010539
567648948
495089300
-1417138826
-1548246998
-553364268
726962011
-1512210025
-1511997601
-1443090539
1635435728
178504350
-1957035714
-474748181
1419846614
1540582511
162995368
-99565192
1503659159
-1941219202
-1707126274
2010375709
1638535812
-162676862
1721687234
863059668
-352038757
341779048
-1643422851
-1021937476
-1635541529
-160018806
1986810338
-1861826187
2076147277
-1062473440
1653025075
-1998523987
1050815364
-2138345994
-1941941533
-777366277
1559900773
-368186017
1324970364
-355255573
-1976426396
-530328215
1278127042
-1458205351
-828963490
1346380369
838045208
1817225218
-1495347820
-996388295
2048007715
-1097200297
1277933559
723703831
1066730669
-1209789292
-1260753755
-1915139600
-508562997
-1374100207
1463580595
-1417494970
75996992
681136856
-2126959572
-1832514353
-1131604700
-722177929
-1091882150
-324344217
1446384832
-2103055850
1592872003
-457443258
1679216060
1911979467
2039283574
2001440373
385827195
-1745148628
-804107513
-197432963
-1862207290
-1000029147
-2133357865
1031781218
-77074521
-828673780
-1996152552
1872789455
-486810729
1673374194
-979852529
1727767442
1535979483
-1613952196
-1602020
-641880247
-299662294
-19440783
1009371383
1538124125
-2108079725
813957204
710178107
-1589238993
-1781876323
240857397
923915560
979215761
-633533521
345864835
1143687588
-181276552
243498162
-875075930
-1048138621
1343177199
-848288524
667312139
2049477383
763762765
2072451151
-337567617
1874920618
876225450
771320969
673661377
459362842
1663720078
-1109409282
788579153
659830916
-451336725
-2147339652
1747949966
-2064388843
-1128867763
-1242183059
-631072257
-1241764675
-1633688497
-1892290501
2115655920
1400867893
157517392
-362652177
-1903834047
-1449966525
769578343
1311805723
1359333241
-2043347396
2122542995
1093260538
-1083988703
-1071487798
836777270
490556117
1152954703
663911663
-818559036
985633959
1187588480
1933380425
306692023
1005061636
-1905334869
-1071871593
1630981574
-394952906
652017298
-1776586629
1933523797
1461933736
-297335462
1336269185
351960622
-1439107961
-1744068514
-1171997345
-1787178127
-603650907
573284671
-906472834
-226814519
-1715510623
-355211201
299585465
1616397024
-178576315
1750182095
468784996
258302996
1803839022
-1691491483
-698544497
-881340822
-526664014
1353066643
-1906203510
780987842
2017164029
814086485
-940978516
-63566004
-1796142467
-305833814
-196608944
-338567366
-1818805120
713450085
1042401056
-1292661321
-1922812902
794098500
1915741077
-1025323241
1334326860
1210641985
1626215869
-1826673841
-446122399
-790885592
-724619713
-494645082
1297433755
-339010967
-1891282020
1750359468
-582335729
-781075921
1563368375
-1991747989
1211073741
1010727088
-1388430953
-904513316
1245657923
-639778874
-1594571926
-1679858532
-1759259166
-401644098
253908172
1727089119
1814149121
1342437232
-1650814647
1080923044
-24385278
494669711
-76362976
-821149398
554771122
397758274
1705824841
-1920114014
-882843147
1591069683
1242640313
-847287003
1971215778
708839014
-547663644
-957720088
1561429931
1481031436
2063492995
1054016685
493124737
1062812568
-470679145
882736508
1958610102
-1053437486
-1151230547
-625720942
2041580771
-1153840212
-1341472926
1572179866
-621070389
-1597835118
-1278654423
-1784329446
1796665024
-150437882
-58058677
1368728367
796890181
34982251
-1495778257
387707005
1508031732
-1041527520
1220094427
-1223655840
6001314
1115185872
1540412090
1066087270
-2005940800
-1436851961
-703689313
-1955246847
-1734364924
-1468489207
-1934615287
-517758344
-60648633
949010911
-1770498648
-689560801
1351746480
-527849039
332081440
-1655405625
148243474
-1003996069
-700901108
515100535
-1948953198
1356838969
-517974459
1347931995
-905710707
-128654779
-1163259805
161381884
-64759624
-209695132
-741426813
-1823278671
-1322618232
1799117052
-948682166
2099817045
830432979
-1967086135
-261778902
-1529442759
-1783656522
-430557199
2081603555
1986388572
-84323911
-1850968235
285068877
1992727001
-1631211471
518567721
-1011879597
66017440
-1653357595
1057952198
407871298
-1208621720
-1089308684
-1493389890
1638920771
300435172
1878962421
1327022129
-449438170
1862139956
1780105824
-798826402
-1116078496
742138014
-5089749
215646332
-1068302250
589175421
-1586353480
346333130
1884483036
-159345287
1999194861
1108478436
-1044096009
-1624592393
1979360420
1442428760
-1067793942
-601529389
-1476648634
1224745849
-1189184400
299369036
-1616599886
-157439118
-1006681787
1725692735
-1092577694
2034453149
1981531883
-1377213544
-595371824
1428047893
1098228906
-1134498043
1565414166
-1913607799
-323703081
-200322837
1579970772
-1250066605
2114802521
1128605
-1916060587
1885691336
-1819166104
2138987723
-1431767308
4233169
426618776
-1208661448
-901688388
143265466
-2012637418
-2054624849
-59197362
164014922
-1055853776
-533991113
369108999
1350751251
1998405146
935703685
1533689185
1166046474
9313262
182388913
-11807335
-284857255
119810292
-544395476
1581863570
-505188237
-1283200989
-970195982
916166393
147833705
-2112186904
-656954629
-1012522839
1261586300
-1506352347
-2069227274
1273619791
-822556430
-859579269
-1983491271
-701049519
-59469524
-1036746292
1886958322
213395691
-1927964936
1259524603
325121954
-543827045
1463279652
-1131589899
-469822260
-274204225
-1620252589
780811765
-1085102359
-1033984901
-202104557
-1686624253
-1094171746
-187961376
-961355987
-813211971
498014512
854261578
2116897087
-1854895783
1881444663
1678902281
-1006167160
514358761
1560996497
-332201406
-1196665597
-1675498783
1551564441
-580288489
86974902
-272526122
-1502567015
-1399749883
-1217817013
229780616
896822908
1082556302
1850151135
-602865374
771530183
-1133568233
-1241361639
-1489169729
-127227958
207945746
-77420162
-1113175760
942250514
1058395231
852734980
865260284
-1983567839
-118652433
165192676
1378676903
-1961341088
-1808848470
538247860
-1584680905
1328399956
-1218627437
-1775085900
1737317619
-1571050736
-1632704728
227227751
1971496813
-1111022358
-128726258
-1594249883
286640579
-2095846031
-601071891
649059439
164178977
-1932594018
279487641
970944196
-937603703
1029870664
-705936015
-1033555278
2116416726
542508765
-664152820
1710478191
122875389
-8317618
-1692591599
177322537
1722865558
-889704373
-1448705691
854289498
-466959206
503605424
-1576525940
-214107295
1117632110
-1195508930
-1226382264
-827696818
1713058592
-1676188786
-1539775354
1376233213
-2084013073
-1332598207
1265884794
1737477989
-543414256
-1917459844
-941794296
1746469937
2014586799
1559562899
-372238491
-281284720
1494905651
624083971
-1361017346
-1713655991
-1242633530
2010617510
-1492865640
-1765151471
844179988
1553117985
-763254856
1629726752
-980593582
147351712
-1818003644
12092417
2059082881
-226115131
-395701143
-1080577879
-1599173133
-539198243
2107691711
-1308966965
638474510
-502672556
-326924885
-1736967318
1258006607
-1694645142
-664336635
1089147311
770949521
-1828727001
-787414022
1646012924
894695311
-829847668
583349298
505067328
-429084761
-1052912886
-993239244
-1866294387
1452834784
1567135800
-1264856055
-1741197081
1184409902
2129116607
1963603743
-175436963
-456625676
-1475652456
2020133488
-377386915
-1412619063
-971429511
-1339649053
230063940
1635825534
-51152500
-1223358990
-1299437771
-1456382368
-987120030
1388056204
-410614229
1026592698
-1598700250
-962219972
1128398160
-900711523
1880524053
2020051337
-749353330
-1399505950
-694326995
515042976
2020095846
-883802001
-388366044
2132441392
-1866212095
1817099194
-1906618981
264647317
-1055275644
-1378774133
-4383853
-1975665608
151947944
379558405
-1100274913
486677044
351596936
1031410406
1676336475
-651754435
-252562499
1604962573
-31963748
-1045045059
1089815975
199718972
466680296
1923272255
-575951347
79335199
-1521717592
1052663568
-164379928
-1485599347
-2078856804
1570040611
1911906171
2071429900
-1819133938
-438920139
1929865127
-723095142
1664570442
-588146639
1226419324
1979619498
-1024102836
993652180
1950352915
-533009300
-1761571909
-342808684
796178074
558579025
-156552426
809085117
1500867247
-1394027570
-2138122708
-2103428899
150956786
-1686993825
682356689
-1415028382
212128469
174555086
-1702770482
195985793
2143150261
2139644852
-727115751
-1891845032
1251390254
-170242240
-1803816379
-1113709226
892012458
-1925185481
-502744005
1800261338
1590087227
-568771525
-432728790
-1980391654
-1157912918
1654196815
-1177490501
478875462
1120443088
-1282965351
195637897
-1370081044
148023843
-164877718
145549264
-1584278115
1449261715
-1989522821
-2094111644
-199682863
2109784726
15236473
-931781149
-1870500857
-1831452543
-760119100
897288237
643089712
-1112976614
-833347214
1877680660
-1225347251
823887722
-798713959
652851536
1288533334
-471420970
-90058291
-1837235787
-1728299170
938760304
-1675266841
813341607
-929979917
-1782076278
2116916232
-849017395
-1242284086
1277665676
1434150109
107836932
-2059050596
2025880327
103969827
-1705587306
-1267029942
1783692297
1557667437
23927979
274611527
1902696882
46879013
-2086901505
-659086026
-419216633
864606160
-157242412
-1915643695
-643722746
43039125
1080245034
1924761613
792164857
-1945801985
-366407123
804760443
-1921300721
-328869887
1937288431
1153681393
1212285735
1380944442
-1898615977
245696617
1203278831
1749446523
567914328
1000575528
-70769107
-128711547
1427647077
-138627294
1208318556
1344792598
2042629667
897411740
-244324742
511711782
1116148832
431807507
-1505877728
1379887981
773296707
-39101348
-1253824046
-990060247
-361755963
923267340
123658904
104796445
2105865311
378616345
-821612851
-1908229668
-1488148988
1726778817
-1577604298
-1755571385
-144138414
1686662826
-1678945450
1073140563
-1541496829
1202569290
-1589860353
-852475121
881279657
1329945992
-1854264532
-1689993243
1543442074
-351406685
-15842034
-1379396321
71447848
2035831635
-310778268
-635037267
-177574379
-1256295891
-560825329
728784420
42575685
-1079245237
-1672411163
-1689635062
1175681973
-615163349
1245278917
1360308048
636659115
-853301545
1276931050
-896536801
1531371567
808208966
-112760444
675332823
-1734677575
817528834
945528452
541290068
438938155
1841922058
1782446519
605513842
432309761
-1899550727
924811798
630332115
-363030330
1081447014
817800283
886039007
961758409
943997070
-168344105
1223067915
1691235857
-404768208
-826232702
-947075234
-107610483
759220152
571845715
1897824305
-1345994353
1685236383
-768321070
-560083914
-955932037
1373239313
1818796523
-1429401926
-2005865797
-868484657
963464964
511613742
1088690933
1734392150
-140696752
-17125661
-109159552
-1859643071
1374584933
606389012
15007763
764190955
-1018596340
1058372393
1703875263
949280344
1584479831
-1183927494
1800018462
-371293612
347579641
-1778158895
-611807540
1115462364
1380034513
-2067413005
-1809992682
1972670397
-1291162937
-91697567
-1575893007
-994327173
-649434917
-1589287141
1903476270
-590214540
162940027
863265829
-2033911062
-1926024637
-1251358444
620309644
-438124470
-1948482711
-376901142
-96199509
-991935640
1942543146
854198828
-83614038
-1450599288
26258356
-1380369854
-315394233
1182729870
-477546362
389486186
-1614601512
-1150344780
7386383
-4652414
1843797648
-1700385417
-2006242923
-164921562
1027344897
-805147182
1106133592
1371780093
1042320609
967651246
2105044215
1267649360
1584155920
620437656
-1043208175
1835201244
-1472151335
-1731334732
1297918255
262084072
-263691913
1039949297
-773702432
543401112
1164509659
484793213
-1784871643
-1094714237
-1887547988
1353031803
1210874383
670385796
-7424881
867105523
586829990
-173482547
843924904
-1845797878
1150331917
-152202175
-1042333857
-1174067598
-339755805
-726898687
369383270
709980195
1014199019
-647332281
1714224891
1559243594
1660953838
1442019187
2012882794
1344367234
901206751
1162637411
-766096682
-762432447
1040442944
-1547352825
168803639
-310994540
1549767876
-599594957
-455571034
-1625422834
-345421514
1161225398
1125146584
1054469885
1753134745
-1050322004
-1006545433
-1716092961
-1447462513
-1461971952
-1551859112
233288212
-1672320002
1771204501
1601155673
-1955264044
1634995952
777214133
-944914358
-2064055710
2091855546
-82870775
2010599038
321694593
617817440
1355247323
-1475220926
478882343
-937599177
-1507693319
1295506205
1860178032
2110391756
-37746740
-1185209767
-833699627
-1689651964
497013928
670723778
-342863715
-2130682236
1960564836
-1247082323
-1928815213
598523730
2074572333
1302788667
-2094363912
-221508676
1179514775
-1193347106
-72443461
-1148832392
1812529652
-1776038628
-1617014809
-1452576756
658017513
32723347
-2123750564
-862529680
1795894845
-1028576708
291953601
-1107141391
1547620084
466868979
594190264
1630674519
1150229916
-334304202
118563156
203131721
1810387430
1747659052
11640263
-577831696
-993389193
-644204055
982033503
-172973093
-1548769792
117644784
-415049549
-176689118
-1190165365
-687781127
-1741347815
1610274765
-1143585256
-565677069
1029835354
-1799577738
-194684568
-1421132725
1530074536
1670252844
-1890068969
344152942
1690865103
453447066
148678896
-1491471219
-114233685
947946344
1855369596
-1437129057
-788737574
-34187040
-873945892
1563170988
1069236145
2107720660
211536344
-23394745
1161141107
-1633612865
-1993481673
2079658075
-1274962240
402575914
1745081680
-249702870
292755530
-505348783
-58462239
1803623059
-1654758961
-1908365050
1509149982
140966291
-1313357502
-452279852
-920437491
-954764787
573253963
-241881498
-1498498032
1996900301
-443872014
-84759766
691621827
-2041806390
-2052310378
473316400
-2069439224
491063467
825225763
-144615080
-27440289
-1384765044
-451106173
1271281836
-1876686470
-1404436223
-1120322987
-1319511286
1084147472
-1447816614
-920299556
-469254394
182024177
-536703192
-1268407239
-1898750450
120124506
285086464
-2142718500
1957812174
402967178
1566758782
-1829906888
-557289516
179574164
1525326988
2114807477
-211631753
1592814967
583991524
1437475051
-1061302795
-1891679125
1260349138
-370039284
2029209819
519259517
-1598062274
450236832
1529005737
399280221
849196265
544310136
-1213419083
1229434486
-2131592713
-1861757732
741157199
605633855
-513979988
665447686
-836554971
-1504458288
-625204102
-2062456620
1393739497
2106378680
501675067
6457784
280423472
1698503949
323505850
-106323982
-909999459
1171760579
-1126081417
1267229697
-503471042
-1243512767
-253827157
2010837846
-1451298251
251441457
-20850807
-211590069
-1198077030
915365015
2021497798
-1308220078
-1090744672
-1044456923
-1374466981
1729141617
-13875210
269957836
89686409
648459245
-454724497
-55766122
-1794824163
2114673989
-1851672348
-1810849358
-1441540619
725818209
-706431912
-481911856
1161061058
1221536523
951341150
309085359
1405667598
-1422727010
1771778999
166826739
-656370816
-354652676
-1416807618
1689092667
1462196831
-249259067
2048924936
1220403571
1224676692
430571973
1292409287
1583690342
138888563
93149869
32432238
-1003589994
803093372
55414533
280168474
-339229361
-1107689891
-2022935711
1550107696
1753392889
1414174203
786740690
-1312835902
678998446
699383345
1745661599
-181402314
1765430028
627590680
1611204661
-1401351383
568669003
1027710856
-1649577381
491947920
332250513
1672635103
-1512516439
955121696
1237866884
-265106688
-1271024582
781850351
1775512097
-1882034786
-2057387872
-606232997
-692951605
372945850
512932888
-1599064278
-2079155289
1547818601
-1637731586
19113203
1907194406
556426203
1304737410
891520187
-1255347486
1256689816
1089113756
2032617954
-1722181714
410966283
-543484099
-368270016
-1074582296
-735856828
687815878
-1592870262
337243408
1228042489
-1473066051
-181352454
981821854
-251969075
-43087939
1941513263
-1540524785
815752660
-163037778
-1547454895
1690804800
-1504327594
1034241334
-1077851016
-238230272
-310027565
885990767
-1658096562
1306535903
998201415
31543514
1158330866
1218964300
310638767
-138269550
-1318620897
565854686
442521803
1346950852
-1969525619
1465630193
228366884
-1789632418
234702742
-590928779
-199393456
-793743866
-742119907
-1732445950
2022508660
-1477544883
1854738091
1903638318
-1458449399
1478099748
-1176943910
1880018211
-1911207965
950129806
-1603323402
-1608144021
-1621834129
473338519
-1778507296
1250000397
-1334152132
-587495292
2063469109
1601200862
-1489088068
1584706379
348462512
1234317584
1708698954
-966728379
1080856012
-1204410866
1234907502
90566945
61215917
321260428
1863717728
-1671426021
894251328
1706371801
1602430410
-360384658
-1500675680
1702535543
-1500982318
-23179001
522837947
1602480876
537086039
-1717138566
-1442438091
-163204134
597837177
-1236388551
1154462604
-1335997875
1678667871
-559982846
348076412
-174178476
-1187965644
-229146215
2100311716
-1576989230
-1117411471
-991395145
1903248488
1183373973
1141670497
1687876930
-738577639
1401790887
560639458
-1672666947
-933009837
541156580
1748675432
-1174676479
1296831398
1160785868
1427017543
753559341
-434944136
1419510938
1256450608
-1306955558
1545720873
1090651797
-78756100
-2079540589
-624849032
-384338523
-1884995416
249696387
-1319075291
1315065640
602895520
-1431074704
-1796936234
159033350
1611912512
-1351992344
597773630
171906050
2087657623
633729465
-154815877
-1676169645
-1937539219
1823566501
-1843517505
-737634445
-782987129
1463960918
-842795470
-384959434
-446536664
-1170297457
-815663337
-1136068067
1650076635
-1225635164
-1609936083
-685378325
-994336144
-1614864084
-761375657
119157113
-1474400189
1617845236
1538207102
975161798
1605570499
1544564789
-1463231306
1643400786
-1907427790
-1552330487
-1870230625
-1886410581
-536083287
-446716389
-522055155
-1584524473
-780171937
452934046
69631723
1352743572
1980578090
-2058645120
2030553948
-104211635
606026052
1312876510
501226530
-1336118769
-1957449390
53212858
-1540016829
652791852
-96619102
116804330
-558955543
927312317
-10045004
703615571
449995401
-327257859
1611819771
1450285399
-681477304
779293397
-551619612
-96801909
175467673
-1545705294
192408343
-1156756563
-713354198
896627614
1479701244
-2069629228
595010560
1358869646
-322089600
-160504087
-845945376
-1349372424
-1032329192
995002453
-1254272783
-637003095
-537943035
-328689925
-533310050
-293812780
2024988378
-2059839895
1146913729
-1961955219
-1036157125
1367578953
880635645
555564983
-486864410
-2131407843
-2014087829
78524700
517374711
125663019
-906638216
390754108
-2062508185
799796149
1172437004
293528647
-695661867
-985526163
1367543791
-608363121
456115593
-1264615129
398292840
-1549413288
-1524638028
254571984
-1823741146
-13455374
-801829124
-259054434
-1130034844
1760662793
704771896
-1818717304
-437340089
819271227
1613039480
-2086105864
1045892746
-113059349
643191367
-1223709761
-1048534436
1765935444
-1972842445
737260105
-634756472
-1606869791
-149039219
2056888593
-2028380714
2127272378
-1890464660
-1990967210
1355619505
677221538
-302691080
-302182130
736981257
1925975551
-1799987740
-1951082213
-102047622
-616137926
259087164
251150012
-1791423315
690426185
-1246121632
851453766
-1155744258
527213705
-364469681
1304218898
410874975
-2074988080
839949096
-766000967
-876305797
-1179818814
-1364206098
-298301058
-1043138786
293515107
-1454013557
-1043801845
28727507
-1112357138
1774459415
619939424
-1202620466
-1983997468
-1891802279
926336008
1020271116
-1514400921
1286535053
496158093
1456571832
1849638856
230674535
333662253
1776594384
-545216931
872218712
272675533
1434977544
-286069608
1518606863
-1858158291
2140740334
1495733844
929958978
713961052
-1354864818
474216306
488994221
300552814
-904402985
1049275044
-419449510
1469114221
-1020693506
497754504
-467649757
-720082547
-725882079
608772600
-31335307
-498415966
-1834966800
-935115616
-830852778
-304164650
1125428232
1397934288
-1035518552
-2069616490
-533202208
2041860498
-2139624786
-1414557236
-186232088
-990453761
-163310385
-1266489261
1677630959
-1928356146
837890458
-1818269785
-486069820
-1532603603
1210896906
-406308388
1055112736
410486483
622232842
644514257
1027386562
-639189163
1671880250
390026405
1434730460
-475244871
481928435
-242264472
1937386157
841992520
1591570313
-3740139
1088610414
-1327985496
2037067471
-712686400
-14486158
1068287017
210529759
-2143321077
298643080
37119582
2097105434
-30079010
-214818141
-417552400
-640456851
-100108458
971870909
-2140618834
-733256490
-971179779
-1805001737
-464889881
1120048422
-921307588
-1949194236
111231227
-282132472
-1614077427
2095857608
1104623919
-1798049983
-1075202316
1767777339
586014145
-549876680
748101679
417321363
-565044932
-1430105671
318276140
-428142430
-1975016691
1837061621
-624568774
-1677624708
-1647025067
-1989103411
1179028867
-604695972
-1724066304
-663780785
-1065291974
-364504633
-727733227
1238588800
2135205392
-1529380110
2068865615
851254107
-330551061
1340974432
-864715283
-2012390886
339225305
-2034165553
-60254010
-1397936973
249732674
1336531540
61049247
-1540112731
1371002717
-1812652092
1491549632
693891059
900032997
1069186390
-369223740
2104044912
906452491
741032326
-1706760271
1640696125
1208400046
-383702213
1833095240
-196913264
1364972232
526376491
793357725
2143998902
496645163
-565266050
-1684156183
1840025946
290645358
-601426767
2017273246
-1961837049
1303735585
-924047683
4920251
-1011648789
2099702855
21207927
-257445023
990688989
1288310277
-2136925382
596518310
-1912954720
-815153514
545654978
2038376105
-1068521111
115596673
1459222874
-998626074
1874487198
1766874894
2133994298
131639755
-527103520
-369848075
-1496351191
-129745013
629586507
1389983321
644928106
-1518731215
1354854908
1037528820
1607594453
1478101495
1632305363
-631726702
-1534236861
1105466584
-1872212615
-1154039357
-115742673
-877214365
523112868
-315590453
1979856025
1269881041
-1431660903
-1916986915
-270495443
1278246489
38811122
1925554568
731201445
1801351619
679518881
1362911345
-1178494614
800566075
1955937844
1240752450
151498881
31570023
817954393
615823842
-601318747
742593211
-1192450395
-2003616794
102353583
1050281739
1249270416
-1587201978
-1395909570
1147273825
-607532092
1137461843
-773491309
-1182771184
1985382550
1599102440
425206716
1051645193
1908289236
2002216160
-1227795212
2141959276
1550616257
-1277268025
-1230351031
496748898
1617414749
-1730208301
60715391
1770320425
457678056
-2105042924
1111598132
1251223664
-2111474007
68848618
-330141372
1665385188
-566130453
1253038264
-1295805586
-861160438
-784114105
-1285167914
-1409261513
160371279
-1062356183
421449163
-289864178
-262761124
-342785396
-1478236228
246548656
-1654999889
-1409047801
-1497546722
1122279373
987964263
731271181
-76408910
1895029739
-614701730
-816444560
-1182627917
-1143687797
1638963580
1221542695
-705051064
-1329239415
-1263397558
111773520
-809779649
-1735209528
1113302469
1823579255
1726475772
-2114949874
1066633588
150728216
957792687
647147819
-2040825924
-295885470
-1831478076
369646689
2015971699
2081351741
68880031
2034436863
-1312221518
1932723342
1017949833
244619854
-1830625810
491228089
-1845871900
-1713268303
-632616887
113418855
-254961754
1042754055
-1293525210
120916105
904050692
-25890989
677332730
-658596453
1074331501
-748554081
-797748375
-1148164819
4048313
1359856156
-1837266799
-1276391522
1198418594
657241486
2085805472
29838123
-1182552974
-760099610
-154413908
-314810073
-1187039746
-1919075536
-156288062
-630987893
462395346
-275628113
-715166913
2122903217
982393005
928286533
-1058237090
-1075592356
-1952626385
-328220648
1917057810
1016708347
274048720
1733444467
1801263638
768600110
-228943340
-280102423
331556929
-1670251127
-435213316
-8331841
-521506786
-282606441
-759771457
131645323
1722180284
1208951584
-283839046
-1401147112
-603032895
91315375
1801042084
1176287884
-814936891
-686930354
-1017580027
-950747700
-2118827812
302019219
-2115196696
1618324511
-1800343180
1542035936
523920847
1515287057
1474468705
189186789
1923035878
-472629863
1546849078
448786281
495202172
-1812856194
-281766954
-1338027702
1100070574
1807573237
1766496842
-1428665406
-1713493660
1504957071
-1617065260
-1673083669
-1223693439
-375045807
1756400451
-128742524
691740758
-1705284316
-1443922296
368235765
46449239
-1786264721
1524706697
398333840
2098049552
1975815426
-384653004
-1279605479
-44910503
-1142909387
1536047575
-1586255480
357431240
1316664656
-16683089
-1182600692
-486964890
1063572269
-1713690434
1460084819
-593887066
1604082204
-1830576159
-1570935288
1295233682
1327509254
-765601503
689988765
-1459938233
2143983828
-958202039
-1575899831
1148597411
-2083014127
18712247
1350720852
-1558579908
1344766157
-2053953161
171786898
2122024595
1372860613
-821423987
288027692
1156283273
883223488
-1475953007
1730128805
1086640145
2121653307
1940230017
-356570596
-132079834
421914184
1055646162
-664588850
-365247489
322175666
1624915144
1840593887
1541593729
892643429
2051672071
-1569406375
-635940107
434759692
339126376
-1460742540
-525890310
-1236328965
-994372080
893195031
1166618045
1217617488
-703971393
666196895
-1205590682
1997274964
-1472606363
-313751842
-1868163115
-1529158106
68953082
-1001769371
246226061
-1348830822
-69233522
-1530110458
-356972048
303783774
-1024044897
662519700
579452844
-631347362
-1423216214
-1043931412
1089676405
-1363719831
-1778445820
-1443155399
352766708
-575989484
548175081
-812084622
368996862
-538471458
1809501141
1883648039
1079104521
-371282540
-14056174
-644050819
1880455643
-312213769
567283602
109729399
1952941187
1633680027
1570770942
-1385833354
-628448627
411503633
1579680526
1975542274
-1130453904
-1908341432
733260059
-484978230
1793680459
751795760
-423291151
-942644247
916059344
-544732513
-1116831766
179282026
-719631488
-1579062664
1181355319
883328526
313186840
-429844471
-1101506944
-1521428148
-583349429
-1989617483
-1469362256
-1100226664
216979120
1371157458
-178208759
-1578693912
-520232963
-1384123436
1338283646
-682272397
-1917725323
-1257499222
1410576193
-324112965
-975011425
1987758696
-204677479
-944069939
652166200
-44994779
-989375239
1098227911
1418126953
1765449510
-1711099826
-278448741
1401683516
359580731
244731544
-659917295
-321415860
1365952873
967488956
-1453888750
904070844
1636619208
-398383977
-1216098526
-1979889559
1967728046
-1824874154
-1923899346
-1895885981
1730646029
307304708
1675266439
1077190552
-2099505639
717907044
119237166
1400563410
768845613
-661240320
2088991569
-1174822174
1085805295
1107670401
-1089283307
247626525
-1560503375
-363131839
1060929430
-1120856825
1857473306
56092446
480499243
-1100022706
-1860342523
-622407279
1434358510
1815713273
-1388194648
-850653698
1053127803
-298347807
-1992962055
-282456244
1506213878
-905013921
-1273828020
-1302628424
593197395
-1539244474
1937635136
376287462
1730780113
65475859
-1685337380
-828083911
1516230342
483786595
1520102388
220185187
-1388440926
637156261
2114419665
172186943
-1912061395
1808962319
1792374288
-1307087139
1924809747
743683797
1086805962
1011358430
1566169250
-649331560
219518197
-2014687486
692826065
-740168164
-430079991
1736555519
-2099457149
910139454
2074380262
892143508
897708557
724043044
1723265012
-140866596
90328309
1968352693
754411147
-1749469209
-706981892
-1522684340
-1423499883
2050909574
1024332895
-1964205401
-150713998
-1470973850
608982104
1560726821
-149476837
1296390751
-887713046
-147428048
-605814135
-45733618
-2051048482
1238165751
-1204116905
538749088
1055703048
1674106464
113403302
869978096
-75370034
1638166333
1936445248
-202898988
129902058
1846746301
-1637932801
-374224972
-1299424146
155698724
1167169135
2064982363
2105734664
247781054
-1197398606
946634257
-586237561
-1135464687
976284324
1448850153
1091186078
230978897
-385966018
-684424618
1523206886
-1945863912
-1953772481
-1302099708
-290076119
-1719886250
-1715764984
520004581
-183725347
-302152827
-1167074873
915088265
601427437
1737119521
-1639934760
799236274
-77766465
1469091927
1310093415
176719399
585815154
-1139409156
856501593
1562813384
-567153305
1302554304
-155689876
-169976094
-151128317
1415649698
-301639268
-574041148
-46725198
-465680986
-1078519352
1096776850
-751714002
2018699718
-132206955
1790652760
1057247488
607626789
-125983598
272274785
-1895008954
1712184202
1202560925
647071177
810191287
1889914379
2105203076
1531469137
-1930305308
-505954552
2027251438
-1513414286
1489956288
-788516261
349660796
-1768559436
203948386
-203500851
1339850282
1728916031
751149320
-132470325
-1530311941
1315272370
-467945377
-995778983
-412637483
1642609203
-2124600320
-77303995
598141097
-1239461946
-354971586
404724896
182289110
-1807528478
-1282602978
-250284950
1142662095
955073601
-723611482
516470412
1131724026
-1614413065
-1065796518
389055498
169874395
-1728430394
819798787
859934072
-1397833359
-1713625424
1727859122
-1198607187
-1483226144
261111500
1038223108
-1573218890
-1153366449
707564637
170829734
-1068717299
968262419
764321568
-1089382629
-910687989
-1079057396
-191011868
1961758908
-816501606
1116685647
-252531616
-1677484800
-1275561682
336985605
356476992
-825172227
-1293385227
74355602
-1586721920
289601070
-779572660
-1829815559
633011709
184367222
1313745269
920816766
-1959104439
1889028197
-1655857785
717639052
-585619010
-641348679
1696225701
-409832231
-1664867371
-182811098
-997203086
556387527
-604240200
-1374102439
917590979
-1152919539
1085332245
-80608454
-464417130
-581575530
-1598716620
-1206624399
-2030926269
768293032
-1955504821
16898348
209255921
-514103735
-273450735
-833542114
-2093646005
-512339747
-126322032
803822538
10123122
-289021677
910030911
532096000
-301813964
-1986141438
-2137271729
-737174104
-1653960066
838969998
-1903359675
804038589
523369231
2100632080
-933828152
321586332
-517770642
-1241190602
362193339
280152959
-1319559394
-1991476698
-2115333490
1744236099
-731459313
1341989609
875427025
46192497
682877270
760111367
-460152567
-469146501
-127477472
-1459418771
1447956935
-1460617147
2062554084
85661335
1196159733
-33889817
-295710505
169299690
1286197875
-1060195407
579299237
-949588639
-2098936350
-1106106770
-1012100003
350859372
1037769150
-472009491
1402015404
-386338028
-1135518286
1877351356
-1392517043
-1574128542
-1647615449
757287222
-80400704
-1481199359
-1652622563
-1683502656
42757177
-1804078302
456105022
-1093913521
1848386523
-91390817
-803266000
-301573332
-31075035
-1929711773
-734962390
201082107
234066604
-1515399160
-1020972855
-505466375
329537546
360873665
1822383396
2065379716
-1214035178
2091475577
1626359069
1932266464
-1156228012
26395196
-784382470
1831896119
-2104755537
-1368532778
1633383475
-555665695
729992805
2123869881
-1927622259
-148858906
805941058
-786717149
1345212519
2007881152
-732214768
-1989270144
-1763559341
-1579375516
-1321981619
1178403852
900186088
-472894333
1522865438
1170709692
1706946517
1456986893
1381432964
2045422430
203236153
-1401934602
2137385420
36329470
-299255502
911446843
1868270668
1908872332
-756560973
-483288281
-1737911989
-1987039045
-525140069
1968473810
261012032
452020267
471515650
-957292054
986795583
-1041895735
632587989
-1991041355
1785498800
-934199434
1740299428
-1126465707
1163269953
2095919334
443115962
-671559858
576423709
1558172874
2087921262
-1487490747
-1100504739
-817699535
-2064553800
-646150902
-176038209
-1345567701
855610630
-1603917352
-569230699
931942831
-1910470576
477110491
-1071743745
-761185346
-691531927
1636094961
735409244
1577888967
1362362264
-502201164
-284175875
63667277
1399178343
790734776
-810181093
992298438
-1161398598
443396113
-328042741
1109658054
-468922078
-231567593
353505199
25312604
-2120379021
1609722988
-1551785681
-1470108740
-552323181
1183799870
-1526053911
1056296478
-47521388
841943497
-199007323
-242778652
-2062146299
-1459174369
763085581
1162093826
2128211333
401058603
-775241125
-908636006
1885505688
-1671461134
14867795
308398565
-1668950339
-2134727908
-728132492
-642999974
1589508543
-1867022157
-1163381398
-1645832184
-1951394741
925196329
921450182
-899730617
-1800999230
-1796020321
447027952
-1481161073
1179817296
-216897180
-1799811493
-550817881
110838589
1580043963
434681083
-500727551
-1285083261
656042721
1164827380
512489060
-904393057
-44025267
-1308099437
-1743351861
1987993003
1890734649
-734733951
1923806861
223201964
-1347681183
-276658379
-1110929219
1526681129
763394826
-305416534
-1715214637
-104674820
-1845636795
-1358552750
-1317126261
-1997848213
-1754076300
374755657
966825484
1935539834
-1527000051
-728024883
-821211571
-767674246
1907400861
-1663611666
-342996044
-1701572635
2054103824
-486271103
1610305023
1900475245
-1061688530
-1925680038
-1603356569
1437647442
429612136
-1730613831
1608328962
-2121252877
1077664725
-720573436
1321629288
-361321304
607541878
-1607816010
50143641
1446352846
1234354113
1786197143
1995119134
-561037534
166852701
1823912237
-343310739
-1849880750
-1513640663
131923314
-1414344047
-360375855
617211522
469056966
2144182026
-1932487702
1453400005
-95238362
-129525263
-935152872
-326660334
-1987263074
-499663264
712014484
-1171348141
-1813424644
-1375734256
189746734
204343932
-772536634
-1574094526
-1317446048
-1934648812
239531117
-547403549
-29081185
138421235
743240897
1525638890
-1533587724
887420236
221676968
-1885359868
-1238069813
1360162285
1539470090
471007603
-620736757
1998595525
2081843215
1751611955
704693094
278619814
-135078004
-1521738146
1301291761
597753420
877733818
-1718870576
550582775
-1082938210
1932619048
898676494
622817033
-1793805773
-1236664078
1627706211
942708313
-1862778089
346574387
-338443957
-1741674936
-599268914
1097282231
-1687244523
394305852
314631832
329625333
2111494083
256460983
1180546806
-1021042373
-1480303564
600010148
-270765715
-1600290773
1475375748
-660868620
-2095181431
1750419557
-617920077
-1410150551
-1534767068
-274067067
242528132
1825290161
288146407
386399823
-1141338457
-1822416458
322962961
1200978985
1754180377
-403417036
-1103372425
-1163393591
1028604107
-187277941
1486209483
-1347035858
830498945
-481904426
-108326624
391442643
1056597757
376995899
-287506003
371613730
1818184284
1289172100
1866862032
-862891226
-1486587457
1268138478
801261654
-1356392059
2083724077
880228929
-476836103
1253426348
-2016513097
250682400
-2055020247
-575819445
1354606044
-978043998
-1939185905
-1043221500
-584551889
-1255432160
705410254
745594206
-1368596938
-799675568
963900939
2078542079
-1439832683
-1805836910
644754863
-1107776486
909744492
1375062922
1906320875
-1483368666
1504137724
1661180142
1633496188
561880784
-394996080
1820986528
1311397679
1407148081
-1846304870
-573697537
-274461529
-1449094077
2076546843
385727353
1127011678
1078371985
-449119416
2029591140
-2050377495
960856877
131680106
-1641005042
907062143
815321063
334317317
-13124590
-565063749
-98892613
831043388
-1107940371
980193440
-1504634998
-378660237
-2057130032
609081310
-1751601395
1014211126
-1292543818
237298771
1024594182
353391448
124249017
-164592428
1753104311
609536095
662066849
-169952468
1792866968
-1010616801
1479823806
1628769124
1746769475
647009956
1183132407
-350749884
267444147
689118805
-879614430
1223460378
-426323
-222273707
-1845797227
628525241
360418173
-1738555604
641021436
239299012
1770212325
255599270
1364024428
-383745492
1434864466
1231680507
-311441992
-426702346
-553565615
-588978385
-1875566589
741313857
701006144
1704665275
625581974
1212362119
-370683320
196190829
-1382796301
361837346
1246365322
-2052578676
-386696662
-543982
-600857960
1069592895
1814495338
-1880732419
402611750
1500631086
248557274
9848182
-378377472
485482601
1340303785
724795521
180991807
-834336120
915488867
-1002692522
1675140791
-314768108
-736313722
1349831781
-1115373645
-1445176027
890646869
539747482
1478616804
-1670306484
-1345915157
1516643554
-32749931
986001074
-820368750
-1036813076
592604451
-774360959
-294436267
2131959860
1516482220
1896513922
416838099
708448828
-1546717690
-2029565946
501212757
-1778404580
-546754317
1816609802
-1641271261
-689434563
1458686866
-1728866411
825584915
-1359217311
549383959
1317155173
-1411250078
-2003093019
191002558
1994112458
72033222
502605386
752080380
-311082544
-1338638909
-233255439
-809873673
1086702755
-1702041283
408242469
-1019850696
-836588753
-1380472242
-357581985
1816119967
1569958406
1314671705
1086616004
-23410537
-1327926905
688833887
968680945
96646025
-823101381
654768784
-2040747781
-1488978795
-703887486
-816186843
1606646449
2128813183
1335357038
1957461612
-1935470301
-1919213849
244809454
1344409124
1435194472
-867357507
-1766147793
-1565700598
1775768218
-1602893326
-1670919874
-1961142349
368537637
-1212958093
-243189007
-360896100
-378496959
-320355758
-494303225
1060078719
-343510596
2090054982
-1041308530
837994983
-1463133188
1507232085
-434311804
-578179066
-424724412
1091199183
1487412673
-378609978
1416446774
-1142636674
-1413403373
10406429
-1769241960
-1404543206
224181674
796155301
74173274
-772057342
-1889666122
1282166123
427992023
-1016362199
1876497230
-661905402
917800539
-707357106
-831741805
711411179
-538556443
-993418385
-369132011
999150080
778479405
-1891571073
-1625123467
-388651154
112412648
-252328874
825005642
-878169925
-1887723959
1139116520
1495250760
1116468247
82349771
269136569
1942480287
-1698522891
-430455251
1894049424
1719797408
961098461
-2111435330
151254634
1174613926
-669915776
1796480986
-158011215
-293537741
2049652236
-1853505356
271565997
-284538279
1073388993
-1198317740
1108814138
1827820890
955593156
937476835
-922502469
-567966062
999978035
1605535782
195986510
-1269125995
-1943887239
418542408
920545345
-1114593132
529732834
925653467
1946098627
711676420
-654277775
1661708576
2139072990
-821530496
-1829747727
150523014
-1516129884
1762652142
-867773111
-1790445456
1363268520
-61820191
-1471984620
-968663749
-1548418384
-798120130
-1326680975
-2005465473
912108456
1278542113
-1672626922
-1153111404
-1722357544
7716865
-1271971925
925625943
1036203097
986046993
2127919701
1419043117
-785429051
-1561466391
-888500592
497333575
693192493
-908813723
1132206401
-406620121
