-547301722
-1134123599
1184605040
-501725113
-304265593
-1795153815
1480222886
2023047151
42758870
-24206957
-974891951
680920586
-1141615964
1555286075
1200876489
-1927357685
520650263
2090990223
-2061660109
-636165196
-2046442644
1747742863
1402062118
-1581411088
1912834110
-524241408
-1591034480
1336445152
-1134331129
-484321371
2055951067
62460211
818698471
-846417999
-137115061
-578413894
-270218332
1886389623
426970281
2090612282
1523557362
-1655016349
-505334747
378985092
1874523123
191581741
-1529179016
-171756605
-186135040
1941105738
1417716041
-78638060
430484393
499262630
-348629295
875813212
540066042
745526672
880019649
422206548
2146353152
2144779510
-1861174430
1840921832
-758001525
318574289
-1278383362
827465665
-528498636
750419682
702866814
-578572000
-1787842911
1401467294
691608148
1986756845
-1991460345
-1372239770
185140378
1269959695
-1942458384
-953418502
-300379269
-763132162
767362621
-1467842513
-1211878191
-1331610219
1052483694
324472800
1995433487
-276259796
1638081825
2024667170
-1873023135
-1176947226
100689880
336163771
132623633
-303801274
-431969537
-1950703661
1072499500
-68805624
-997474772
799110891
493197157
-837766354
-1238680408
-268630257
1060392248
160486488
-1874284499
-2108926137
-553811886
-1824371880
-987456527
-1521242030
-1532458705
2117195526
1115993059
-966706026
-1187178491
243420240
959956019
1546072913
1686655456
1176000148
1987185944
2117141269
-1995170802
315713841
2058163917
-1503907982
364722620
356496987
1524777435
722785780
-1713692704
-1943126226
-660105314
413208143
1253483354
164450565
-534077695
1288018392
356181333
-1801911284
-1468188277
2109838903
-1885462029
-317681900
929352863
2068195163
1786135849
728663206
-1239663873
149572781
696740326
1660898650
1283289745
753554824
-1596414086
-1531677848
-1810918810
1728424167
-998387402
-1654090881
-524096265
-1589324705
2135624783
1060177621
-638293327
-1432545712
1485922311
-715679105
803606707
-117057705
-246307826
-1855461374
-1468878891
1357367046
-1337626332
-496950487
-1784741908
-1173057577
401864707
-1495895784
-636834997
166811228
620946044
-992666463
2120748685
-563251269
55681760
-1207354411
541700242
-2130560166
1483724193
-586245410
167818950
328166357
669358391
1634009100
-315106903
498338616
-338755513
-681829075
715824522
-8284566
1085932034
498909728
1896928149
-1722053657
2026409163
154805420
-1202542832
935078321
1980669724
-1827712627
614054625
1337104008
1497270954
433724112
-484959405
360573528
1312015814
-251259040
1353058329
1693174258
504295173
1429178335
-1394353518
-1168602626
614197027
974075066
-1013085106
916065584
-286972636
-167929481
-1778277936
1727910330
-1587173189
-785583792
1846902165
269869569
1870474991
144636165
1961713493
-1114137453
-236942084
265583086
-271674488
-968194217
821712247
1166144079
-2050582741
-1472945659
1355688884
-126488849
917124035
-1307251752
674457963
1737681387
438032289
1662259330
-1016989031
1401406151
828943976
2073981024
471241635
269427653
-167756340
-1713768465
-834558527
-1506842502
1078102684
1281194621
-2121878119
1048172957
1402800641
-1644788701
1275590698
2061586978
2108613383
1218828018
-1001104917
-1062362746
-1162787747
2076837739
2097959987
1704083308
837341784
-1527583692
-1892404005
-1002167191
1437692221
458216713
-563037151
106159131
-1006243905
1180024048
1054160079
-540138368
846812614
-1470501968
1421372059
242658948
1135598449
-1599030653
1316496081
2140525531
-389952418
900165642
-1133970641
-175417839
919788328
1890281344
917164815
-1629127970
1959569713
-312477902
24650443
-1663231554
-1361869152
42453550
-385292964
470576833
-1325879635
683516218
1955067972
-1723873633
-920812517
-230445304
-836495954
-1029941233
-1120955898
2012218279
859032786
1011539544
-1491249954
-1263551685
-319415138
1553516839
-815788109
-92150800
519017618
-1084484189
-1711853134
-999928021
-1384243221
-1198316353
1551241199
1741406722
205250307
603661006
-1232275612
13383918
2053878519
-1746086820
1166203705
-834850113
-1976541302
1987632186
1185227589
-1467664689
1610180424
-440807718
-1190699308
1602685562
-526449170
551790301
-1807425622
1543915981
-1470567160
1811771114
-997031608
-1762633860
-1454266660
-441764671
1552883821
-1070606311
1616036742
2050726287
656770783
-1503646589
-1222364060
-359820413
-809840790
-1407606885
-1594132045
-1785187168
-787446231
1575369534
-738359686
-173569323
1676806403
1215985774
1973452454
1476324682
-1573327752
-1328791854
1021883254
-1614656772
-382965603
710272864
927891993
420302475
1677464164
-1837484456
-1445922668
-935826606
1012294945
1037664371
1100178665
-658954312
-1340088247
616001372
480391797
135018693
-1336427140
1234442591
-161629799
686637816
1921221316
403857503
-1445993060
990467158
-1010109153
-311374835
555472080
-2137625658
-142463174
-1367780521
-360392974
1997250972
41410687
1142933789
-344166954
2010826098
87685201
122544170
-822266813
-221936322
31670678
-1193870751
-1066217701
-361401951
1378398837
998061878
365776063
1855943549
1082487904
915699040
-1402956111
-495941943
-942610348
1466383308
-1021912710
-1416966489
1333406559
-1857241644
59180749
2058835638
1683545955
1872654000
-1863395860
1558320549
381369368
-324085716
1512171082
-1640299256
978693206
-456480613
2020993137
-877632914
876116884
-278385653
600699173
-1516016206
36984747
1782097081
560290505
318388369
1851697888
-988662073
-1575167742
1522948989
-319614432
-1981785300
1007854233
1977721776
-220236915
1278479851
611898789
-698413437
-333678279
804006791
-2010416663
-775969281
-1563659216
1359065525
-38156934
29364916
1865870268
1057675091
-1867741275
-1752369463
-44606237
1623404440
-32645617
1132029524
-1424363980
1310084237
-204171236
154407147
1388911554
-1794272068
-1307054956
53276795
-606363791
1993949222
1679189380
-1331261097
-914220688
-1321750407
577054306
1040926612
-1773650683
-1929537406
1833627764
667936147
1729463695
263497440
1352436081
1521666014
706066377
728606714
1873176679
1371490872
-1076776117
675173170
973720800
-932513298
1246058582
-978176166
808559680
379787635
658998736
-352748954
-1184505487
-1158264533
-1385860211
1377263715
-724948287
-1922078330
1017310415
-939668057
1006567946
-2123101615
463810320
815937610
535481106
1061813064
1978036478
-34882348
-526232523
-1945316881
1827427782
-1440658889
1186907457
-636127071
-581185387
-1250289409
1089018016
828578537
1298742363
-1042161209
-901676356
951452432
-1932809263
-2094692625
-674534498
-1442693898
994489789
466888075
1382866648
552145445
-1840365196
594264478
-1298491995
-2059029726
343676832
1747452295
-1464336562
2009768454
-758695101
-1455641414
-607851570
275952206
-1209446661
481092019
-1788298056
-144592402
777947783
-510970072
-1190838184
-973205589
-1322187639
1132346494
-1854301415
-1597107542
-1551346547
1646792061
1759503142
-533170365
-1560096439
-842601146
-183086510
1072792858
1835921190
-1789911933
93270588
-1747258768
667386623
681926369
-1997478226
1454254262
583658791
379118523
-1782465979
1814937187
752971952
-914717161
653349207
-1357628922
-1433847062
-517695531
1573644048
264467102
1626529578
103656485
1694611678
-1525079767
1942178508
575149369
909067278
973240186
702313850
-718337733
452540855
-240005041
-1092922963
-15949183
-2036773674
-1426666334
-1150959245
4402943
-219726150
1651143231
-304311437
1043825405
-2034512478
606478230
1405209646
-329170167
423717284
1909811410
-1033650297
-1816045267
1889588175
-161467862
1466023556
1479412069
-1867117676
644586358
665279830
1038571851
1650208353
163942660
29857174
1507704596
-1549455986
-155707988
-1485748015
-1086305345
-952336772
-226584031
-1521817786
1954989194
1803692283
-1293355639
-249872659
-998285400
1121834988
-1176710320
112315
-735111119
1822412839
-1658869191
-371164636
-1345401510
1119875486
-2132766539
4151521
-1625382683
-752277822
-350584200
-1776918797
-689157926
-1925061083
106752840
1868261607
-767539081
-196564384
-451835113
-887211942
1014056036
1596294198
1748240212
1571998911
1302062634
1421880057
-1226785411
35783775
1878065894
-352571604
744860408
-686503519
-1926039239
-1670171799
-774275549
-739356533
1272347266
1478446981
-1142283095
1527654536
164246351
-1935277583
1859480343
-1636096405
2066482960
-1323936926
-23887442
-792433997
1684656909
1156780212
1499757178
-1795815408
213314713
-1953743093
-1267788637
844303910
1319030407
-516346309
-1372559102
56556688
-602887715
-1774793367
2120305655
-136519130
-1731801657
-1056692750
-1611696007
-552948605
1151867598
-1554964341
1156962413
1589865409
-286198455
-1758332760
-1484751301
-711225722
1708419859
948699682
-778165345
95836740
-1810005890
-1227447021
-1123401284
-331078725
979622022
664122372
-69724554
-91419710
-622449591
-257916854
1496853248
1768178759
-380615242
882593964
-1057542221
1125917076
836333957
-1170268599
116277537
852720595
8625254
1516616632
-91624854
511255764
1494388604
1200540272
1057913037
57308684
-1110048756
-839638422
747992194
-1201784096
-1109891471
-1282764795
556356294
-627213533
632279123
2109082664
304198966
-861935139
139272728
1430704813
1563675232
-784729010
1777957785
1791425277
600810390
-991498958
-1636256743
-478775561
1268552710
244920389
256057714
-456287211
1366551815
790632969
1060642448
389847761
-1034245195
-237387834
1364067619
1667270725
-1930433601
122966993
-556036464
357359121
-1362152578
-1561165295
-2090741720
1913820288
-1849496246
869961918
-1635957093
43793133
-577461751
665864556
-1944607570
-427249053
-1978808056
-1089081785
240867627
-802918781
-1567276787
-923746400
663027737
1648058538
-821901652
-835594840
-356633811
2004611410
1157823449
212619898
1307602304
-205149256
133944510
277753950
708179585
-1740341313
738885071
-912183221
-126220244
-2048672236
1487998746
1741532333
-2093439877
-1531825518
-899964701
-508472215
-2141073891
-1400700698
608802159
-726134243
-2039801755
-1850923146
803286048
4563884
14008965
1250282622
675328449
1231201785
169791995
1297070460
-96345565
1380456689
1987174474
2099030222
1465470696
-581918769
-355561491
348342680
369418142
-1920532069
-757343096
869735915
-367411441
75345395
329497184
549295907
1668499926
-980202995
-568018675
-556919665
-1886793163
-695956997
1498324333
102803543
-611234522
2087442993
-1965414692
-1500920166
-2043855697
659791172
-256150623
-1770044714
1120430970
361234932
1425127594
-1283113075
-1435218524
790738284
846086268
42464292
-803398955
1376974279
1593304420
628190477
891090320
-1013659434
-359695630
2123934248
1896461259
-982885600
1143790247
2090450790
-113369918
-1337144535
-1393326099
-1342383185
2069409799
1093788919
24715079
1644976645
1861700061
-1857777199
-2086206264
-1214758679
-1348978489
277741641
-362543671
-311962627
-1124165541
-1380267907
-708189739
-989848598
1744897371
2052559001
1517678312
-1049589629
1082588933
-1231751777
-1815917351
-1153101526
-1326806615
1784331370
-1229956077
-1697679502
-935795076
-143749393
-1927779445
-1762684922
-786008916
1374865862
1577439725
916239816
-734589004
2110135784
1399842328
-219100355
2044559088
1217727162
1526434509
-929599961
-1301689741
-168135606
898384290
1082802547
1858570520
891083223
64944444
-1825738411
998931415
-2113277802
-1404630340
74306993
-119993767
1357555379
976820857
-1783343428
1252619469
-1706700139
181850096
-1315407901
-557854980
-1507323290
-1519806216
-1351209749
-970450789
476815314
1659497529
-2002166439
-272038177
1120082958
395558622
141802003
912347991
165058587
1415586185
951568710
1728750581
-1175298741
1195849863
184437898
1937399917
431700484
-273874108
-588683964
-1914042174
911496899
730769153
-1148511412
-384442084
815716195
-382914365
1481320910
240781023
-822358881
-1823604082
-966642059
1273185018
41761237
452485075
-5318971
1449799036
167457548
68865318
755697608
1648653932
-1588701384
-1174784205
-141624340
1208051673
2000759484
-2013784846
395862827
-1367083729
2111706671
-1302595303
-1438936724
819850188
383257954
-727693614
-264886487
1582635218
1831346850
1451818414
1087447121
-1338738626
-841315783
575066328
-1717932690
-526859975
-1733701061
-346554995
398228234
-1064770642
-2052107650
452695243
1128024911
-408925412
-597944087
-1557975992
-1110637075
-1785070932
-1319250447
-2028328283
410133056
1802032773
-112751263
1222189795
722964400
1601875551
-586281127
-1100025066
-908492709
1955126614
803503512
860920407
-2094286351
1295160064
-1677369091
1895561726
-1163226912
365566401
1236865866
409531921
-463605328
1518317149
-1582137045
226994422
1842945199
-5653298
-706246538
-20865424
2082994128
-1919707561
312112820
-413185592
-1457186096
-2043087656
1620995040
-602789046
1457650073
1256578916
574137710
1073174771
-1501769493
-954743792
-1180895858
1701666407
659962169
1316346637
-484185423
-2074892248
-1772977200
-628873479
-230855860
905506309
-1863236034
-1424644495
-955594277
1633767631
-1480083471
-1615361302
-1749576408
-1209786541
1435551261
-375879487
-1403475764
-844335485
-976223773
-1039362929
-762494474
715600118
640863407
50241986
2140544106
-904144494
984442593
161953384
-2142053427
-1193962106
-1140341585
2046289998
1725318431
1721514366
1969769801
-409397431
289803399
-821232110
1302915133
1230534867
633551702
-1964669058
1059388700
1924942041
-278629819
-859097960
1786071390
-1235733550
-384070655
516155646
-931614590
-1212264941
2029282281
-1221278066
-1000904071
1454877793
-256719594
1888389658
421540932
1410691527
615630235
-854163620
1987405531
-1004247382
-1622732275
599146535
-1766188976
-790991590
974187845
-1163152673
-443700428
-2022283670
1337845860
-2070545365
-1989775303
398482946
-1538681065
-1292675096
1828863512
-1079964302
-275135461
-638644896
-1083300939
-1448800821
-887363069
-476187973
-1445685120
-378451414
-960826311
800797621
-1286353123
-210532460
142707778
-1881256047
1528041030
-160229879
79525701
574521933
-504351760
995294931
1186777037
-1649996522
2105591468
-1835514850
-1534728243
1669534205
1350318416
626787789
-1904754972
-2011236629
2120565974
293248906
-154175262
279479250
-1666548605
-1135733729
-790253429
2035691557
535330891
-44869116
-1395850598
1873892233
1395814771
1073700152
102255880
-997839412
-279278216
-1425946029
-1943069043
1505229334
-1284566225
-1199507748
-872736153
426148189
-63056339
-2017756456
237065305
1756749854
2029200488
1915834274
245819638
-1872727223
-720444898
239044609
185619999
-79290244
-1103822859
339146103
-419473463
514551156
-1391677597
1923567319
1028345091
1141775039
-1917585073
-132273126
-926127817
412890550
-192701704
489581425
-724421201
-441068118
1094274325
-963652707
1304569691
665909341
-1688413890
-41154690
-1897706288
261763508
1628873098
577117930
1730697364
-2128338263
-1410040200
-1716029248
-1004958824
-1432163450
1334056722
1485281852
-2079046651
957353295
-361228465
2083663755
-1473366981
-387551617
-1367349063
-1605107294
1181124117
1164801783
-1420832433
1328608586
-2035323278
1980069683
416390315
1972529023
-1258359567
594988734
559166311
-2093057285
540931067
-1721203224
2031273149
-98686196
1977128197
423251637
-86874515
-651085906
1814285590
-691461865
64966371
449593045
2130681223
-1134238112
1117851032
-2003921143
-363455223
-55515151
-1668323912
1749204792
-644641556
-1097861833
549957380
79001543
1647574686
467170520
907862265
834459881
-2042147471
-23341784
1148890162
-1804993996
1653895328
-1785720863
-1810479606
1962213233
1326541203
-2048838381
2003683973
144481971
401953377
1251750233
-1446946705
-1548782678
1442730135
1732461389
415189957
-528042952
366833719
-147860419
-1211155884
345971269
2102831875
1835837470
66950816
309728975
-2134663173
-202467136
860101894
849257028
1502330659
616648771
-1224118492
-2115879405
-1643319928
-417286455
1920237944
578288512
966518149
349112172
1607909191
-458974281
804509506
1820508274
389679295
-1531699932
-153023107
-330898753
-649203873
2054048257
728406668
1566258314
801232022
1848450096
-1451535966
-104236205
-2066755926
-2099967414
1179291728
767549716
295073755
257724919
315202639
-1961887562
1545472968
-812543105
-1805477508
-952822330
80181008
-945794399
-1952293853
-1287918744
-1918223045
701051043
-365520001
1678812811
-279947045
1324315562
-2009184127
-2007500962
1938651630
-2105757877
75631824
843759105
1394689670
-1246125471
1342649873
525553280
-1146453589
259431968
-2083548824
-274300932
460012672
-135607702
1539111741
1828846378
633107875
-2024613023
-1548245182
1146911745
-401487143
-984806340
-392010571
-1175717201
1381245163
-1468435618
899179234
1555099596
-1067162166
1321403300
-1281082901
-2047531055
-1140469511
405196542
-824689717
622844363
1484867115
-1659609535
2074890648
-1876429493
441040427
1876636218
1258678536
-1744249952
1594087931
323404293
-560810443
908916807
466682944
13339295
-1167635036
-1090196318
-1696545571
1136460730
1616829059
-2043067672
-1672402212
1848479184
-1781959374
1699732573
-74354539
748072315
-255140348
763203266
940064265
-1065801726
-1734107067
-68180723
535899534
1158272310
255517055
-463456419
1702590129
-50775425
-220241671
-612135385
1114497879
-2102312143
-1046844544
420218037
204632869
-1639601628
-1680357527
-488300847
-345091807
-1559697278
-288236331
1612563901
-445579367
-2088714782
1885445686
1829036133
1158667843
-1835883114
1371927826
-1569015081
-768512347
225561920
1844360967
-1146294030
1839069879
-1067622229
638805774
379179101
-1209957947
701972183
-853653757
1075013051
-1335554150
-1981256619
-470254236
-758535908
1671684570
-24521003
-162770088
-1654227530
516095919
-1331872259
-585183501
759003348
1779967912
-1085581957
1257385400
-591617011
-1651034147
-145132451
1345782623
770354873
-135564202
-94739041
-2031484713
219300513
494161837
-1681707515
-1785157747
226586613
229874161
1361435435
216493294
1967088770
1580546509
1549905882
1532498475
470409763
-1344875544
599343516
-910740421
-1861277576
1356334223
565468049
-2088478683
1894794710
696389521
784120451
2048391039
1306723197
-457168278
767686200
461328689
1971970320
-1611676509
2099391496
121504382
1586221889
-809340296
-354795858
262253637
-1302545973
-645833286
1473888098
1582573699
155369637
-1432592137
260297766
-1298328549
1186209908
1248669911
254259040
-1618235175
-2048134592
-1917241400
-758092632
-330406988
424413802
788727773
-1837799709
-1047702701
-569569571
879134451
1502698384
-403576110
538786948
-1177994987
-860360863
-832748347
1126273019
-1898296031
1512466445
1709949564
345261448
569659307
-1530548380
-1358670968
-80288692
-1783846880
836826019
1771450750
-2000861003
-1392819154
1379236105
328209402
1459249718
598152547
1278570666
-674750234
-1724999622
-1538636524
1889593474
1698438396
-1616704939
-1794424192
-919263028
-1090150264
1723604924
-2041180364
-597421420
-657042318
-1906238985
-307008080
-972401781
1854700411
440245972
-1466837430
-315325670
-1481618490
-1438814818
1370379858
-2022671175
900652186
1945219983
-301351562
338267008
766487654
-594365566
-1372013208
191052541
-1590820092
-817384212
748937149
1007673672
726643778
-1484100083
-1959365096
880621141
1351026333
320494945
1498015879
-1943892855
-1297759665
-1387805091
529335852
-691962225
157527179
1034241367
-1719845857
1451435627
1455092486
-1582682427
-318646637
1791570382
-2086581319
448736681
-417877961
218851244
214748389
1406260556
1518203870
294613771
-2069905065
975378985
154850401
273811230
-817431315
936371756
-36086077
-531255150
1154119000
1792162844
1135594134
234678310
2055742242
-1137926572
-2003833698
559561345
-963809550
-673665863
1144631219
1824168255
-1950109937
-1037226521
-1795049493
1398483276
-1171752670
1644099501
-2086890505
-176348555
1653787711
-1023186245
-467590963
924816444
-971876571
-114133607
-2040855673
-2100288533
1711693509
-2024713509
-172991093
662771691
-1881274112
-2018609518
661397227
6571093
-162787403
-643145979
1198562061
1303358665
-1378607110
2016427169
1567376270
1848242046
1681418664
1207739693
-236671645
11128218
-1112399075
-4209087
-1190509503
-342530876
1078461756
-619984136
-880193474
-1004343818
960627640
450324708
833827256
149296535
854181266
-1503147966
-1247479947
-397262648
1169924575
-1661715602
-1279347957
-1114942467
941892814
914979225
940650370
-1050423600
-1490919191
-925282120
1235086903
1811960081
-1998090085
771687103
463441411
-897196767
890293234
-1492139506
-1479606117
1287220096
-1264593244
-707657429
1157378617
-842226781
-1432073641
-1217558094
1503070076
1929170442
1842782492
9539209
-1406151284
1466323858
1870324796
-1448268457
-893077375
1606442503
1425605431
1655313206
-282891260
1339649533
66393865
-2141177690
-251819465
-1075381793
-1668147793
1844766917
-1480108846
-1773704632
254654952
-523860036
1700228238
-2072574063
-1165188288
-777401220
1623202501
-655512406
-1453723063
1498702250
1430327642
-56339667
2051925291
-82042409
-1111833386
-1218523984
1635989599
401695476
-805649197
-87605926
-1413787721
1458439428
785036956
1865296824
-1446155359
-533055469
-1675504107
1453013457
1534946987
-1650250394
1349722328
-251143305
-910493878
290400243
-284127327
1348378079
-116272682
700293139
-331480597
1097782388
841025240
838430325
370458586
1907212007
259918216
818819670
1745008219
1973124234
314428048
-919509266
1606341001
-1976344354
1035318038
-1138566099
1413355858
1916042602
1570950137
1078953639
1506505818
1334342862
-335178407
1761401547
-1273088737
-824448234
-119188899
728901467
-966142627
-119724205
-736768721
1266197271
-1943829582
-422921624
-1152985269
-1679679045
-2115999867
-398115039
-782956039
-896424916
1048166180
737445769
-188249321
260061165
-271434708
348244860
-1747002852
-286533161
1047151149
1198369914
-1336612519
663048201
1839655821
1902256830
-533788800
1766666012
-1366689620
1863165838
-1878631062
-1876984165
-1244197559
-15322924
1312031764
-1997492046
-1887117277
-1652043282
563738346
1773527332
371146979
-1878256191
-627939768
1964871554
1068046393
125068820
-853332419
333269145
-656685500
-2068638694
-852789871
1085010732
764642102
1023661648
203274505
1900524514
1208919607
-205664375
1748551400
-647914367
-895486326
-447319226
1800826553
-1690789284
1053977326
-1078076597
999221579
1750095882
-67175610
-441294226
-161727235
-2109209000
1413179515
372414641
-1210506693
1939882112
-2087510367
336716947
258681928
696156058
1223267672
-1255840349
31472189
-177221294
469226100
1237576789
1661170769
1295834
-2033388832
497883928
909007193
-1498167006
1297341887
-937884505
-1700880238
1566202694
819889619
-1963795553
1168241566
-264184760
1389976866
1716946769
-1372273460
1235345150
1993334486
512897497
1405207964
1332295501
-1022012572
-311811217
948158849
-1910884457
-1628228879
879656700
132374760
2128073074
259049968
1528280048
-28665735
2097253785
2128479247
962050386
-1837512548
1603505959
1501921619
-2086967784
-320155330
44504577
-376940159
-1323795784
1075027412
1901343892
-1893191232
-1376112642
824307103
1460448448
-269842309
1372020511
1407999026
-1533859821
944397196
1417320207
-1429410255
389103417
-1352954730
997569295
-1945033126
1946289331
-468342863
671073929
-286791991
-1538390329
-818810804
1553297951
561357431
2119236791
-1394419633
-767494655
1027318531
1720750901
-1117174400
78681470
1317496500
1282346005
-588363481
-1206444067
1265326782
-132405948
810429939
-2142522771
1729263044
-1951532296
1475084318
710608859
-1957398882
1280891177
1903358928
1510860995
1418251099
-965464001
266161600
151884168
-1628281719
-1629150964
2087629345
-2037898904
-637601613
-1855564805
1976171963
-641440054
3701802
1419906953
170462551
1362468058
1534054664
909296117
-1992353953
-1214976425
2140402546
11924019
934575046
1519374763
68757020
543738917
-474665435
1341624891
537387793
1854192652
-1778835930
1481612032
268670132
-1274688196
-549436891
1432180310
68508417
-387203057
363997203
-1841973484
-1392025320
-1063122149
-1037356898
1836170972
-1830713604
-162907225
1904203918
1190434227
1608541079
2003265882
-1419725710
-1505556781
-1186209023
1746972981
1846542971
1041594047
438502657
-1522799678
-708577625
-355817832
786857939
-330231155
-2036390623
-856500049
908348203
-171308845
-1428508953
-997184934
-217950342
1162460025
1649677485
2116171531
1579611503
793824319
124441601
-178235234
-901664320
-307938251
-1120390481
1541871857
-60839639
-1436169875
116251750
424847545
1633851572
856224753
1171142298
-1752600685
832712251
-1005396489
-1527017812
-1902704295
-567059157
-1018397869
1317635656
-391560009
2026486666
-1409694676
-2045877745
1439037181
333654842
1043586802
413671029
-1997948618
221139838
-1150847601
1128492779
2058150520
1142992573
-1656313380
-332330177
562910077
-491179898
1971412310
-1493700797
-623843470
1387841492
713932816
655978669
1507696143
2120892818
1811307243
1650872125
-870198553
-1784197280
1312950533
-338549979
-159902208
1180743319
-2032298897
-425407068
999782822
-137630838
-1296700894
499109875
-1562744453
-256336625
-1716709070
900181093
1488150227
-122358723
486773059
-396380727
-1882716610
-1865446282
-1032694724
-1305939694
-937383323
808609703
-532017349
605744441
174258201
1656906446
-877244728
798471522
-1528008791
1621290684
8602188
-1979039427
286398323
-583659236
-1397243197
-982448209
1292911549
-819138125
-247689040
-835938384
-1265727547
-1044547608
1323629905
866409334
323560470
-1923761017
1539076884
1708255699
-994933220
-596749375
-222326455
-135951909
1970580730
-1683442825
2136919832
-163787575
-505182309
-478725705
-376186444
-1911659998
1676582919
1365284742
-1909317168
633113114
-1926125577
1875420127
-592556974
-1208890825
2074655402
1095031547
-551585210
-809383884
981886969
1478692307
-2047304684
323120935
-772350807
-399702557
-299416587
1789903589
-1183007744
-803462865
-1859605597
-1234238043
373915290
-841209206
-360914609
-999549981
-2101581188
-1930628587
1475039192
127277702
1532000361
1697016326
25892409
418319172
-1728923020
-635745366
1320477250
-2097974459
-834660394
-460158804
-1389673846
-329869306
-1245548031
-128971625
1126278051
-1335296384
3311348
-2065067368
177826959
4046984
1816470737
1491899272
1044083
436556920
719291052
258379818
-1494279286
844802831
-1007168859
1227963312
-2032256676
-1347827819
119824696
1769491076
1026490926
279262786
-1876109869
1745283396
-797513284
-1506671392
1628858536
-666427379
-1725204187
1971855791
1901928900
-776100357
-200018394
-1967176568
-1835436704
175171824
835832202
-1931557308
-17641097
1163021717
-1528538911
-183956898
1924460696
-1834161250
346310511
952196822
291964412
-1492301231
855462503
-36342184
354490075
1649008968
1802320985
-345907043
-2050157318
747397493
-1623098392
1627071761
-356086136
-21493146
1014276543
-1317313610
488965931
780767177
-584603196
-57761721
1898597972
-1584311502
79866766
1461066656
1259300570
351335964
277585429
824008540
-1543515194
785483821
1933124264
1185013696
-524525972
303551934
1894943523
-2129111081
-782521926
-248472934
-628256928
11092957
-2110773548
1780915460
2129487341
-1345315360
1178615519
1490089214
-412208129
-794869596
-1120483812
-737672248
1669531815
-1968925497
-2038494151
-1934368857
-950282429
-1316393947
1788943843
426719207
-1530125002
2034904957
1747454879
2074473761
872570587
730382932
-1146795558
2076645825
-701823050
-330907367
2013363774
1033217730
-971359764
1367539081
-159625658
-1944287045
-1916196619
-1022894764
-2117991660
42324255
-1977836657
-328302848
1855395457
341163968
-1270574859
-852178675
-200868490
-2138152811
273974608
1342359386
-1241201799
1749598652
917965165
-1658979641
490818442
-828570175
420913585
1255112474
1592019504
-175974880
1048649801
-76797146
-334345010
-571999736
-1926631771
570167081
-453287366
819139937
1434647078
1852896630
-221038449
1346688016
-1448396779
-1892562605
-2134064062
283772281
1219294423
1908082724
-348076941
1037397061
636838494
1165140168
-1228425083
497043045
772938211
751822146
-595256592
-1732456107
-1588034351
-1747029348
1852503381
-1145680219
-1360633596
-1305660665
1394221522
1104039092
-710290382
2074664519
1047842199
-987809858
-1726823767
301177933
-818016071
-1922533607
-487170758
1153543717
1685761862
-1373070661
-951510411
-706920174
-1410050152
-336700161
-2015195371
720490486
-1887309330
1880194216
-1581131330
-832456969
1171051832
-1517243611
1098946021
-613491361
1047786801
836913942
-720532978
1932106180
367746483
492378895
480740669
421999720
-192442554
815261851
1604591526
2066983906
-888565511
-609650814
2048217766
-1270308867
-285619339
-1208759986
-1038345226
-1152547105
661455182
-1264496372
635805725
-272396179
1487927452
360914767
-248283098
-876487698
-1878283830
-1155839367
-366520685
-1043536914
832374701
1336874813
-1542156399
1885226084
-967265064
1429513567
865800300
983580439
1090796077
317203646
-1132436924
1077060156
997429943
-1282353517
1994675201
-1023085212
1928536247
-1220649221
-775338108
-1800662892
-927768580
550185650
-1011376610
-766017099
-225646217
2029579552
1522989125
1508729902
1590205454
449346202
1523530884
840535759
738262704
-16874783
-1909548621
-192463888
1777282985
-337973267
716241000
-481652775
-1572408010
304147696
-738685011
317825380
1055572828
-2048271979
-829517582
1074456801
771345141
-123884152
-1916919995
-345425607
-507025910
-1240494022
164300223
38512469
-873695896
1097181413
255385921
420611008
-593984659
1667197646
-1041321632
1854720650
-1689141214
-352460343
-615644003
92384623
-1448072562
1875231490
672412633
-1303495
210860873
-1173666311
-1655742201
-1911328926
1778951247
-30144050
437792035
-1727620867
-1960510954
1138461374
-514041502
1588035541
1037720033
1435167725
-1021982806
1802397910
504684886
-1451419291
1108119107
1303384747
-1701311666
1408534110
704254671
2109171624
-1812838932
1077414847
-1664196489
-542250518
1724601840
1788914404
-1405604505
-161727043
-798680244
1819949218
-509394053
-92375491
2039188216
1712665735
1508393018
402524223
-1163267582
-997699482
1042538498
-1155692687
1485362664
-612078574
-941930363
700486079
496567849
679872872
-1225390477
1388088568
-1260014823
-270828398
862827128
1556421297
-2096062987
-576234358
-1105301143
-900635031
878229046
1367013341
-1021131847
503689709
-1243826135
-493039183
-136816591
-1912683522
-1991204673
-1446286583
1179833824
705895728
511052449
-1551049658
719114575
-1409804524
-1173043065
-2145385744
360079609
645353881
-1607315254
-332642378
1279526137
-993848658
-1139028425
-2087108429
-1680353787
2059303980
-171972059
1992799218
-1301663846
-990331917
907191241
1979301428
-1565111944
-1586980270
-855193400
-1085267472
-1115524015
-1561851220
1347281677
2107572890
-1390219843
793092695
197701596
-776171480
-1346273424
-2068047417
-123767769
2031118033
-1826398803
1576942571
-1214594528
-1554864361
38402301
-435689514
-473267185
181799431
300070684
-53802846
-183345052
648574399
1061472052
-1915115631
-468727024
2022299185
905676109
1218215028
1933531151
-1301201371
1288642818
1756864592
-510909623
609522820
1545894776
1396000317
1640849818
-2090380846
531132556
-1540841839
-563908817
1548292604
63569739
1324959806
-1050218733
434437715
-3537498
-1146489736
-168701943
2001687512
-698449050
1265836186
1999850139
-201422407
-464349091
-2127230390
863841395
-1148068837
359379422
-1395506726
227149032
-1389412582
-277898386
-1917419791
1914767067
1453260301
414082746
-287073430
1966453700
-588543218
-1104257332
-266807173
888054791
-1011858759
-1530430855
306631193
1809842316
631908402
324993566
1673839771
-1954840178
1489624428
-1437901685
1759643805
1702954674
-969516119
1609774910
-776410841
-1537729446
1470378044
1815772627
1423325197
-135527877
-1487060586
-830286661
1637565592
-1540815060
-879665025
606898988
-210364315
-791458239
1346906531
-1025492904
-362406259
-1252241128
-1311704241
-105351200
-1677616890
803058546
1679164285
837187979
613582920
162872324
1711516173
-1981589454
-1876432589
-1213790577
1267063637
-789877761
-1713214161
-1272429778
280032987
1252002774
982651028
700847854
1975805536
-545295854
-248761524
-691965533
-502193887
-844515212
-570943561
1261563129
732864344
962928471
-557192242
-1651570487
931987976
1162023976
-1518157686
-1080010579
1226535674
1911204630
-1265757306
-456493354
1722155266
-1264287739
-1652830493
599248924
1342078086
-183553337
1180689259
901356886
-868739008
-450694515
965665016
254713323
829805122
-1910649701
-1696517866
-83728471
-347608774
-1873169861
-1273178137
-248422444
-652942857
1051224563
-1447043257
1785377154
-623976149
786489337
-1067200465
-357903066
-16884366
67930598
999611998
-1489076887
-29921901
-2107977302
-1082283467
-481886912
94320388
82557888
-646791966
232160058
142295219
1088568481
-428399935
390825497
-1340297725
-1555959427
-1668954114
1845026468
-1776966124
1059270696
-1979614338
1168083643
1321691975
453222994
-1738032129
923698603
1044113152
363388923
310424445
1989976515
-1759138386
-1469203163
-1928788777
1046900519
-670187768
-2060828982
-243773518
226704355
-1117354344
-1401853168
-2024698211
-721321661
-726671236
-857773894
1335407478
2007781985
-1924127125
-387603998
433792523
1470144510
-75331338
-1121329691
284100867
1439851925
821770512
-1184332131
-513316609
1091507117
-1981405744
-1877373739
989444603
1829489519
200102516
555393017
452151034
199442295
-1270871896
2023271693
-1096583198
105926126
-1855689976
-1600268064
730468772
-567302184
-902747165
1749576064
644273311
-1532749398
1155886146
184701680
473570630
249448735
-869202136
-1017619688
-1357092097
591526987
610258202
-74774276
919400782
296762863
352220129
-1729965264
-533358798
1583280911
-1820836210
561267083
572852431
1008448962
-711417411
2107110939
-832192692
-2107569848
2144102430
1378210136
392372990
578960225
-2035147983
1438754203
-772002875
-22837540
-566119344
897265104
188031926
41503597
516938226
854211434
-1603244038
-501059901
-776917715
1795903383
-252673035
-870368550
-796497028
-391113803
1726177962
430394765
-1014863678
983196931
-1889906083
-508138130
1351034254
596633499
-1181309319
-1605281830
1996981664
1025463455
-1187069004
-1845437369
661613228
-1682966606
-358825360
882039007
-1465108643
-284749910
507138916
-1491735470
1603010204
1962280579
-1606169989
-1929514777
441049873
-945834858
1381397499
548181205
-217945367
-51240183
1375508458
1501209552
103992282
1154843017
492556204
1444140517
-1156418716
-1100463306
-1463774736
-1765787766
-758755496
1437308639
-1661200179
1230208753
1164024477
1367518831
-1640495577
-617880932
-2002767311
-1323660890
1194682967
-366000843
-528304530
1727477771
-1675423477
1297009311
-38470514
-230767072
1687238761
1694902856
1697354865
1269385687
-876145030
-439528768
-538089827
-973028795
740348101
1590178447
-1110790523
-1986871660
996330042
2003417666
-904735475
295764030
1163488082
746351559
-227610803
1509788792
2112538739
-1185674502
1444865429
-1127096085
372361880
-1441709185
-1959557456
1415069609
-275726799
957962193
-1337980051
-1253489058
-299668409
1366371739
1872875098
607077573
-673766941
-1429451962
-2044380206
-722205090
-789493328
-1743414573
96157242
404030301
942898143
-2025781783
1315089031
-1892340507
1582704714
1720860465
933064962
176343158
880885468
1232489697
-872311217
-1394930014
368867887
-1294817129
854735019
2096922886
-1463340938
-444200857
1653417332
-374068360
23187100
-486267593
698204910
-1123990403
-1374592595
1152848457
1194218051
-101850883
-1618488715
-1536820711
391957963
-1852657863
-2040416410
-1416997784
-609687666
1487334652
-929767234
1316612504
-1807422458
1063062800
-1510407448
-270715078
-2008314584
1147125747
566633251
-1068561947
140040613
-1463135285
1450879585
1316708425
975496300
2033360790
-1537916303
-488576125
681762931
-292950619
-1095966369
-2135310159
1125102775
-1946314422
-1405901030
-1597698103
-2105062271
1012356048
-271093417
1811215270
-1184356374
1156072619
-37926474
815837027
-29298528
1560901872
-134016478
1712123116
-1652812055
-84978170
868553596
86036689
-1380336921
1211433886
-560246149
-1825048739
-83335650
-1117781792
295489229
-1838240025
-248424141
451631334
-550170494
1388774247
-178949642
191703661
1190832042
1582985036
-144446046
-731875639
746291772
162874763
751078242
-179803111
1306410041
2109090043
-484257001
-1098801476
59100688
-618847009
887129176
-982981117
752303428
-1231340860
1821471162
-1580806105
-568904885
132938125
-498906032
-1142300291
307207865
-57413172
-1468521611
-1027009817
546030237
-1066263726
266509512
-114605170
-272934869
-521961464
-1134614408
795316685
-1233934694
731824128
462796225
1881001840
1976546639
-563723578
-1436308555
277185821
-1356923845
1225992700
-1041880513
-1679476462
354694784
499407141
200857444
-1934955248
295451482
475375296
830323916
-1078327402
-253820612
1810926233
-2029586047
1192369234
-840224967
1086905690
650333173
-1422571564
55500965
-1574077080
85637193
-1377037692
-412713220
-1623331604
-1602695476
1483738838
244635137
-1408025297
949376705
434480827
-1297758678
2134629162
1181507940
1017171034
1438595387
-1387327139
-938014417
943161855
1197096240
-1755950369
-342990503
-819958445
-2064094881
-2045271114
-1937745506
1472915917
350745054
288207464
-1392600507
-1644081560
-1582625503
445609681
-1436574625
-113419626
-558002200
-1359844809
266502732
1117912692
1438507863
1318038683
-208046973
1892479550
1135393126
1636150097
672564881
-1411002108
1799955323
-1667949358
-359438239
-2139641187
1506078548
-1483643439
1108109246
2130526428
-664310230
-1949713525
-196377066
-1881709566
-697103853
-13527197
-1033329023
-1024974222
1292127655
241455021
-1022355456
-1903902805
-1327021594
-1928795703
-298778615
-1508137359
-825604519
-19367564
-943101629
-1660237235
721667958
-589651622
379452045
-252302280
-1852672184
-2020538130
-2079876540
1337292434
-1286214577
1224989566
870416837
-1561664423
-453522780
1043244161
-347699920
-1111169130
551279456
661527859
1383371631
1267680026
-1041254850
545570659
-1642483082
-1764783254
1603854719
1406480779
1455291339
-336313609
1032489997
1859051553
-1372431031
660407698
-1019591197
276453420
-2094783968
-1879738594
-398632277
-1814546663
-965638113
-1929123450
-615599448
2141111246
-589568715
1516760561
-346595882
-384858881
108536116
1502889268
-757977777
694118593
67536856
1918034824
-2004549905
700535132
-1654180088
-1944519812
454074171
449583972
1408281947
446448684
2038588798
-705531638
868367581
364506803
1612770868
743702191
679765522
1087569629
-1872783444
-1701520198
-2136645830
399047457
-1954896664
-421444950
-163558442
-83810354
-487052601
303093614
-87955350
-1484537469
-412603547
1346253555
2051387013
-1078990109
-1098873918
-715365121
1909634302
726942089
1280806817
-1600285379
-1471164289
-1635299782
-1706383438
-484765544
-2122663865
1419396185
-1622417934
-2074060853
614871851
1664337055
1126472786
-679476423
985632989
1346869002
