-484332029
383887091
-1664602763
-756781894
1308354811
1068581574
-70654434
-1795713153
-81019911
-987502797
-6040098
-957610984
2014014254
1653888689
-1304994055
-1347971010
-735027623
222722029
-928845130
-539869998
-987142841
-1079436800
1014584202
1157193523
-1002553191
1165182948
338187638
-497437745
-1181191479
-276898012
1616953517
854199804
1211735406
908680659
-850969991
1453023496
-375132481
1075780542
1884313694
1332690574
1935500117
1090806500
623395199
726099467
331276340
-1565320410
-416775616
1248213424
1259104523
-738525894
400881196
1505832057
1642329787
-2076344091
-1467814887
-1060930179
-1562070507
-1826751895
555477130
1831916680
1934137063
1376885563
-1449153965
717001702
-649673927
438454776
-2000726653
937685889
531953364
368215450
832956541
199637294
-389871869
1447020518
2128633704
1402446403
-32290147
1761876776
1377446344
-243215764
-1625341374
1076811554
-1820797331
1116068798
-1744305949
-134760127
-1297344117
1483551756
1860573320
760138770
-176844502
676342649
-593162419
-165752333
1304292288
-1987856306
1018339501
104802061
1250120987
455191565
-729133310
676155009
1162300804
-666393146
-1112929972
1886756577
-547336415
-22915672
-771430096
-1548369439
-1980373605
1966138842
2027244868
1603992398
1723079680
-1282040693
1476383625
-131503298
-1465031447
839256903
1095563320
-1833386104
2058379487
675176332
-1160291135
1080428662
-1261885702
738240669
191429392
948020409
-1677986870
2128750229
241289489
2119923868
-272539013
1286993598
1399230582
1430185084
1990890547
285585699
1287585463
-1131205001
-2129270338
-134362269
-399101606
-1943252125
-868011155
-1891838776
-1044299148
-1457294590
1268808506
173137815
-782001809
-1655878797
-2145989328
-559436887
-1358887924
-1042778134
-1347378679
-2141231558
860478379
1074030243
-378941416
-1636363520
-856835382
-1266861549
-745331095
-1111166337
-1996126517
33032545
-1120791002
1897036187
-982658567
1231959060
-563671492
1849077358
1205262796
2030943500
-1754567363
1035533915
81765740
165666998
1801596295
1770185059
65407091
1720081018
1782886310
-1598562634
1183682039
-696054408
1575438070
-667892083
2057015238
1619330164
-542675827
-1450166986
300350963
-831455986
688897111
330543984
2063506065
915075638
131866753
-676984840
-166679106
965302750
-1886728421
1651281507
-2134149661
-1934489104
-2041774600
-11360466
-1315055559
-1532233599
-621514536
-1124887277
-80472690
414206791
-878099000
1651792797
-1669036216
24668744
-1945787447
1063547646
-1535334230
-2098329132
-756338768
-791321312
-1700859819
1719492533
-1891603636
-962156551
65420818
758708132
1157784269
369379619
-1790189362
121597
335105123
2129411755
798587109
131989430
-584778203
1400336680
-83871069
-590204275
1038114356
-706686193
679695622
758378624
1711878432
655759686
198934729
-2051349630
191621769
1480780022
-1235879011
853603947
-1366727671
-1484747099
-896437319
-1181010897
-171532719
2145489539
2116003733
-10164654
1651830929
1353825795
1094368753
993633947
19089949
1547200173
707369499
2041731079
-896570803
-187428302
1776201842
1497643776
781726372
1294190528
-569303259
-1746890546
352352051
-1503419753
1925713728
-1138326962
-2098990785
-1134069284
-565403159
692076000
-306825183
1509405101
1190587878
278888613
532538477
-536770187
1183764833
928841450
-595836586
-1353876608
994155503
1497456606
1066676305
344162769
-424028978
11911307
348726007
-361868237
-2131320466
205844995
1037651759
1273754509
-497774542
1597368025
562332043
-1492445574
-2028876937
-1503984685
943927794
1656376089
2058614996
-474396707
491241088
963043872
-1017755485
107315007
1067315369
-365496521
-2142602816
254080530
-170184540
23800451
1960826256
-1186832912
-2129392890
472506240
1137666117
-656483606
-1879970644
767497491
-771950241
1477602238
1259223262
964242143
-2077194123
565059913
2120621488
-1912854569
-1151053260
1051056442
1393347243
-1972742637
-1031822936
-917606392
1719135661
475678695
2132210106
720936485
740071949
-1803576782
-1722932487
-599788429
416349698
-663943181
1837222300
-907498505
1875479108
-550788319
824760263
-1231143732
-582062093
1707886266
61876237
-795873191
-1246717768
-841640420
-1339708362
134734534
1842576682
-1564336748
899761217
82585515
403930482
-1427675084
-1900707412
1541473802
-1566138320
341319401
-200090894
-2084667521
-1374692448
-52394804
271323988
679122613
-518304520
-1772231496
1632819932
-1530066660
375128597
-1549351908
-1179653474
1860726744
-209045163
927133457
1223303488
435158012
-408208442
160412078
-2038144067
-1534049801
265958783
-1998728549
1446135397
1217710158
-1642352562
-388226332
-991968729
-155497077
2015073427
-126175473
908622354
1755380084
1733284971
-1012916880
-88124135
-139137664
1324885264
-238344774
1225748502
-1495340922
18180734
827395545
-294933487
1816129975
-268846758
-1450104833
-927834943
1683898062
-1195633905
-1837871619
-224470190
1064094085
1508458554
1847571923
1348141416
-1351464886
2071817543
-1876427894
-495005597
-1709539789
-3642020
1158313024
-2083731228
1043863086
-761739403
176168579
-841107824
-1163100804
-1557663281
1855898594
718730259
-2050068129
-1744543862
-1108205631
846359400
1891578897
-1327741815
553656173
2001720918
78224632
718680988
-179794065
-1023737027
266696728
-145556767
1845611045
1401627154
2041374921
-322543002
316226445
695950759
1136182185
1946857747
-803746204
-2019736273
-1930161197
-596829241
-1728604561
-435566079
1858486096
1676640960
1274629143
1006491036
1651932877
840835391
-1629655749
1742453739
623025294
-1197599893
1842222914
-530903607
-1444008286
-8137099
1283714670
-1031499834
-491863976
-1831917828
-1442732424
-978298581
44867313
-195305037
220659800
-308781253
1415003542
1752025665
-753577629
-890113861
-179870580
-1795728280
-1519589477
1361372596
1792581541
186256232
1728831298
1407158135
1481023481
1633719205
1064058288
2108847330
-187530026
-635813241
1883792742
1641023200
-1338032140
-1505208159
-871745694
1388247349
-1389131539
150792725
-1761970764
243817339
-16575509
-216211147
-831833264
-2098917785
-2109210718
174917486
-915301082
-647016112
-2133807487
2062301281
-1016084369
1495344114
1492483875
-587521198
-1829621174
800096366
162338827
-134988091
-596136825
-555306603
-1225966960
769446502
-773491775
1478510949
273764630
67255081
-1310356815
116882387
-1914753922
65326513
-8456511
1945297354
-145382177
973339381
-417549857
1294919795
-654831243
-348808415
-1540266604
-1785171785
-796603431
-546536775
1995653972
1337156353
-583781774
1752221188
-443773417
122698568
-1451172309
1179537063
-2066568920
1111478604
-1538195610
-798709873
1398718524
-1153113825
1814304303
-1823661292
469785797
-1065936922
-1184400972
2138750811
993229960
-2025608992
-2142805259
348744955
1003027821
1886629543
1165586103
-764896286
-762744171
1046535350
-1478964547
-488164743
-326650191
453330219
1769701946
803558150
2035928977
-216320308
23829889
307401554
-557582597
1531869007
447088894
-379221365
801823934
-1395630635
-1196656791
1575213419
1121940997
-877358665
-719932617
-1222635368
455601648
-1550552699
-1352461484
-846915250
487492448
-1571592629
806160143
433914938
-1619484654
-1514232042
1424747862
-1963236695
1452594415
57094326
-1102337246
-78541342
609314721
-1564674620
-179063500
-948600625
847261033
-329348378
-1402437375
2081040354
347565871
1996542801
75403498
1325550389
-1722027302
2122740111
1041600431
-64653581
187811297
-48824190
1292185381
693143030
-459891422
-1669179224
-1565737433
308392625
1684135410
406611359
1974577610
1901744720
1871946868
1107447788
-1735893548
1396612637
-1547871442
-452854025
63322221
1608396581
967030745
-1184286887
-34437866
-2143940581
792932728
2094127450
-612912421
1590135163
1365066667
-682294347
-1112196668
-179500046
-398060732
-1050206563
1128653712
-571941636
-1760606182
-1338305788
2090167205
-243308081
279326749
1972056602
-1709462975
-1951832969
-1589084246
-796225261
205700854
-1530392767
-1122745568
-2136351443
1130425940
-2037884323
866964915
-603526159
-276420889
-993544258
-835194497
-1693545544
-949460637
379046213
-980210464
-1655941008
716787742
-951300835
198408448
-925067104
-907865667
-2142180248
187004337
-89102680
852548402
-935669733
-2042712452
-99308979
1128516837
-1939595227
1358763257
-101669259
209938225
-1902260010
-741127072
-566681810
1564234257
1919312510
-1082811808
-127837196
-1806210022
450525012
421826863
2053343795
1841190060
-293706854
1211090657
-2121382902
2007098724
-1504830467
203173373
1490894673
-819310892
1819485761
360637261
-1166055203
-1648374666
47607837
1263961334
965537794
-1080679459
1555968099
-793090361
739509848
-1609276628
-687458716
1951938517
46880706
72717004
-92058735
-106042041
-752517460
1989561945
1242073957
1551304301
1383135379
-902924068
59757954
-694059497
-1050386742
-1376419777
1349828122
-1315963612
1999562618
501408765
633577616
968106585
1176597225
1403253528
-241911714
283439987
-897275649
1677391184
797271096
1971506046
-1972049146
1129001873
-1965033614
1404787303
1541742001
1777898412
1663352222
1616218576
-931819681
-1468482742
1303188601
1788238627
-1646494048
106884636
-1488207866
843911913
-915274505
1451957079
-245637893
-1591327396
1313434081
-1070084513
-1327360676
1615501370
593371670
271185602
-629539994
-1907929637
586874638
-1577010329
-1392267603
1384902021
-1041870138
-153957114
-979095672
1151966463
-599389245
791276506
1676477612
-80347292
-1545925289
574919829
1529222934
-1845711560
1063471138
1854998676
1207887918
-565732928
1508267739
-824957612
-291862999
1001912717
581477200
530693923
1715200686
296648282
-1078110293
-1460440294
336490428
836434967
636461046
2064000074
-1209981238
427346757
-1656750112
2071304244
-1570218449
-1589740412
-373636928
1393616510
-419622716
1230811497
1496890330
-312889372
823557063
-1471074667
-1746139935
55267436
841299714
-2112849150
-1414645571
187072733
491072299
844734624
1495168142
1641094001
-1112667506
-1238572512
1241069807
253818825
-1457508375
647461390
-504054402
-798748128
1258686358
-1617709275
-619677540
988246467
-706713873
-1445066274
-1678844047
-1637776704
18249197
1939134282
515678770
-1673799971
799543058
-1434311391
228124838
671318476
-1429489272
827028249
379998949
1174832284
-529555062
1337283964
237290083
-2103968655
-1826147581
1525523700
745549612
-572782473
92617332
782784425
12651888
278371091
-260263910
-2012719219
-1001453758
1569696347
1902154063
1494149622
-868282724
197555144
-1564644304
1138850924
1741818790
-1885550806
-1177714305
1910434500
-2082886857
-288846629
-487415605
410686061
-1194520165
477166391
-1330699570
-161167607
-1104185962
-1428934837
1682548245
2079161407
-1466505303
-169796405
735932902
-754501425
1740753299
-1049884343
1364435805
-1826773274
68008474
-1923938652
1323272408
743724466
1988819211
-1387585346
-2107977836
1643610169
1091798910
-2006568335
1602512792
-30282394
1149077598
-2131978814
1139753425
246955364
-1636522713
-1759173801
-1935913858
-733267921
2130606833
1146696998
118313421
1391980904
325735342
-1509318545
-195781434
1746261352
-1985171537
1730468587
1585416296
309326742
1076585324
-446841019
-1510449903
1644698109
-351842940
-1899649847
-1084350430
1421317656
-1925388030
113491547
1360476642
-723865872
-641384479
615445673
-1798433374
-1938740120
-344653358
-1594970204
-766173150
1257209815
1240449851
1255818027
1499580467
731996631
853649539
-522849527
-731617891
1731721564
-384695924
1218953761
-1833096638
36364296
-217736832
-1897037593
1240236419
741644220
1359986385
356568850
-1101037086
-928496270
-1558362246
-164821873
-1688251161
-186137271
1500845450
1608922552
2025109832
-2028049439
-2057445406
1777321669
33489731
215353576
-682540228
1507082882
1775255374
1010892533
1012948848
-17340350
-1349100813
-1653767020
1273922802
-1868126957
-848070668
1195598497
103462559
-1961137102
279301557
1483654105
-84343880
1533420225
-1102988069
-1687164499
-863437266
644846263
-1392051921
-533669287
-1595485921
-1213589225
-968626744
-1308664779
-1096238176
938148708
-381108375
1876611659
-1967983683
-143142829
-1726115545
-2081763799
-198691395
-1898297406
826666831
-1360237833
540902313
1271504361
1184203909
-1833843253
-1374955249
698750414
-491225808
-323999941
182638339
182966014
-1504428779
743354931
642493542
297331321
-1530180798
963685385
35372650
-1929538835
939104301
-1546407474
-2098539179
596472871
-1209236965
-192188698
-264711804
-1668071994
887897030
761899227
1842031794
-1322267343
794982713
1874506861
-1853174918
-1009190198
461670143
1772857325
112124697
-1396996509
-194695300
959504074
-393611399
854251248
-1921707367
1905828460
1629107562
1872789886
-390179929
2002717760
-506548942
-1770468508
-174931588
1637184787
-2079903417
1119394743
2100419810
-2105473628
1257037146
-109277182
190734642
-147243917
-308442729
-2106054602
-1775160517
-1857520417
-813388245
-1209582113
-185476505
-757204113
-245335290
-1715258728
-1483020256
-549348497
135931873
-1687109183
2050158959
1395626430
-477839230
355582318
-2037842202
751493350
-964300482
1995644578
1986893504
-835517843
-396322881
-1077120836
-1905277626
-642100886
-1273947129
-134512591
2008532851
545262170
1797772724
294419579
1561279450
621409332
93192581
-243589808
1170275783
682034874
-1285158116
925377303
-1762062684
1294311953
-2113917179
365030039
-605081186
-906155117
-857163529
-1577711631
-592634488
1706304484
1487233624
-248701744
1022060799
2135493187
-99904250
1576099294
1452184781
-1191861982
1265735252
-97289351
1744820370
1527343095
882433618
1663623590
70489505
1947295316
-2091901103
-1229356219
-1561750489
-1873779659
-709901915
-1222466426
1238462098
787270552
-71575636
1238849691
1023397679
1147989843
1499647503
2046731950
214393877
-1721375967
-746562489
947554837
-355291839
1994166525
1459648867
-362659388
243927298
957011891
-122267385
-695360765
-610033001
1111457459
859288759
41313120
460400406
-1414982872
-1773345451
-1718645274
-1269209970
-1773600184
-980774680
-1887266930
287979375
1414366445
1639051422
-2134587659
-1378784726
-806997916
650179347
-1930501297
-1227789548
-1315946363
1735114451
-563323237
783350927
1108668163
575494429
448163607
-554482837
-582652923
1035302122
279104502
1528289161
-685421579
1356181037
-1634401968
1375255233
-554860906
-1804552869
601657178
1054235141
1868505948
-1236127956
2121877718
-1916797754
-1954623753
-234992477
-333273908
1762215574
-2025449936
-629907636
1778775930
2103684878
-1503497735
214953412
-579156344
171774961
-50999106
-1236792194
1479257216
-361576047
-658609919
-1715142973
-819626116
-394605199
-2125422299
2118149114
891662112
-1894056149
-580444023
-1750829783
-526643766
-958364780
1593466328
1143150267
-1134331640
1594340893
-250462562
407224963
-361228982
816270459
-967205857
-1467773440
556339416
-755527542
799326563
1211814114
1085219333
-239545234
-1155975531
1472212941
-135252828
-1052080901
146173326
-32698532
248249019
-382304682
350495659
-625757336
1238652022
-1811249444
1587842278
1784647305
1108329310
1284772930
-1034576860
1468827100
-627876662
2066792188
885914827
-1702351610
-928714859
-467138590
-1571319401
997998201
1894600977
-1876339695
181570734
1601295350
-397540038
1146307343
-714509071
1781605202
1617737262
-1109933262
602909844
-757480580
-1841680676
-2002614207
1569279216
2085338557
-1428042500
-1499608997
47475607
624553794
-454451650
-1601477865
1085873320
-901611817
-820339515
-1339631892
1401341541
-1762497803
-2142519594
-811161389
660249090
2103800830
-1046360628
-755359190
1446266303
2139350726
-343852977
-1651865381
-1663355848
-1527510187
-1685171259
-904579651
-1626870533
233651178
250331399
329657658
-1368757669
1500964931
1118693464
-988733903
-1470138237
-42071781
-1334460270
-775886052
-1598787123
1288685556
-1382787679
-845930123
1174006868
-760193258
-214187467
872350549
-623170361
-1045334570
1834586291
-1491990690
-2131135872
1406893339
385988460
2140009179
-232296236
-915288034
-703552496
236778021
-976057940
-640574096
387844708
-849718456
-148071084
-748168127
1983998514
-490158363
-1769831533
-994389538
1405386881
879840089
-1034386949
222817147
-1930487802
-136108514
614945665
-641798094
601550042
-2014343311
53056847
-802173109
-722102420
-150866891
1347595480
-1907323203
146911928
-694160873
1116044077
1515527669
1271378360
128610801
-1984794226
1311445205
1085937691
-1129610125
-571876540
1636271871
-1864889804
-1374493440
-51875667
-1722432686
-1613469643
-2114107691
1047627672
-1627834444
439806108
-1539256208
1084978387
1874725138
-359668244
-230987474
870839041
1358909348
-1037118560
1183169846
2039194288
-533031051
1754697308
-713548906
1768224681
-742628062
552205157
-1969450326
-2064373878
-1190542623
155102035
-218370364
1579871634
-572057147
-1133874171
1592360713
1212430267
1209850687
1052521940
-1848916839
717295886
-1558266137
1482637322
-1113690126
-1315349198
-775776132
-1473509227
2093764757
-1618724539
427821609
-1767888137
-1245308182
1361384942
-461203703
-1109204352
-1432016800
-148382030
-462693907
-1470467137
712480216
-1289239929
-113515428
-156616395
-876256189
1826714022
-223213094
121128780
246710153
-873798491
-556229779
1205132167
724291500
-2093481788
-1299032228
218958585
1924380717
-665539194
1227395386
1968530427
-2133546578
-1380831357
-632990174
-942639336
-845501992
250535036
2058686787
1648393036
-1896942210
1557953712
671052958
-1762492050
-1931009790
1585114477
1772071438
1969548009
-1522836745
560060649
681578632
-162392142
420197640
1080923986
-270661212
820215669
1882625815
-1204777694
142515036
1516284433
755024040
1458281144
-1889211886
1324399431
-873366400
1457877284
-1375220009
675055021
-1798575479
656531522
320081386
287987944
-1397193736
2096591369
-501419650
-1546911975
624967089
-1038948572
-579515201
-215310953
-1846743831
-480417598
375859991
623078623
91804173
-1758231638
111194028
-1673299000
1639017954
-509067119
1846602029
96465402
818939116
-42930769
-2099798578
-1081375328
-28543724
-993301105
160912272
2103515228
1851081092
947527462
1806244037
-1801015429
1617033429
554545959
983945427
361446249
-654091924
-513375595
766576951
-1225465241
-2090412000
500972185
825072333
1912390266
2050583840
-1558974059
-851141811
-2079301978
-68170988
393869688
-416586984
-341824676
1714971777
735445843
-1398953163
-2050626000
-1581390991
-1211799508
-1932720235
-490412850
1084684114
256944914
1045905822
250668846
1370135838
-728856463
2062112486
-1129776889
224282044
345515687
-682811329
-169542016
1842708133
-147375145
-1107565325
933070893
-1207893813
368065788
1664114256
1112533561
1823820213
1855449664
-1609109658
542118622
-887151890
683986061
392369422
-1212361699
2045688736
828536932
880628271
2046989483
1709717627
1035315694
1609374780
1629723690
-434971174
-1535275440
-875131904
-625185128
-1649526744
-909128125
714856093
-1523717364
-458824064
-1911411230
1680790225
331227550
515566483
1397609926
1688145531
-165931865
-501765938
457546063
-1674233763
1036114218
238675900
-310784444
-147529181
-478950767
-1921346136
-472282722
1835654820
-405617253
-449243770
-930458208
-801718169
786603668
-1942074350
1143780651
-181519257
1992640199
989973049
-74119089
-1952877286
-1996597967
-1339246152
995468837
-521571921
-1164319114
994865155
-1745862693
590497175
-976418792
1918946151
944890127
-1515017145
1582637798
-753877390
-425844383
-1571611333
-1405151054
1745989010
-427599037
-2009883587
504760646
1962181371
1771764754
990890471
-16452969
1616223438
385237354
-1649084315
-1636458437
-1264912009
-601294923
1128155263
6987288
-599898538
1495862789
1535578838
1467556445
-564743007
-160230621
-1887166099
2116231862
-1661945721
-1286541336
-29852309
1151404219
520099481
706835146
1526912286
1697495464
362472293
794067129
239910467
-220273325
-973973149
-424083669
1786075268
-113323942
-1452758763
-1627993227
-1939532735
343674267
-1452202135
903893853
1641062802
240573160
-1076199839
250389228
-619885684
-96791301
-1141324811
-1461453945
1404650435
242284199
-467690697
-573159360
1352573456
809375568
1866122168
-1575746711
1784683668
678648989
1448459050
1364681066
2011872252
75223915
-1748413114
-36383532
697831430
-1060396028
-1345294864
-792248395
1788913730
-338848368
582162839
8218157
842454301
526439627
2110388194
-1573685695
1553855771
-1847594504
345083016
928823535
-1626156445
1640319509
2081407
598655105
1671287936
-544190641
-137626280
-1400854490
204474981
-338533193
-1946395415
2504893
-1023913806
1786855734
370218796
1712850676
418256949
-333967938
1821445222
-868819311
-2023518030
-1880116542
-1756825205
-1417015537
-1102496794
214567143
2118184160
-860000916
183053513
-200089349
-427695902
-207806655
578844436
353703718
719298918
1713013522
226595586
1049699678
-1952882943
-1337538073
-1414350503
302377248
-538602327
-664463845
1795652523
-1277980580
-22797413
1711223667
-213574439
-1720983120
-1849964161
2047163506
460680664
-1170058279
-665430838
-1649295126
-467389769
-597579674
1635859300
-1754185258
379540448
1907621293
686716810
1235555943
-1103994979
-1973056509
82562804
2080837212
-388358178
1117356582
-1385895878
653550998
-243972039
-114576130
572969586
-314843925
1111719985
-1313794427
283239198
2121534522
-1009496646
-1600903166
1808862789
-1902362178
-1902402564
-733357188
1723604191
1763410599
2088376919
-1116825491
-344169099
978747622
-1344073817
2019710902
-1887311095
1699650120
1613446600
-654964013
-1823406542
1464415430
1244561756
1932247631
1238301835
-1684009958
572774859
103696250
-508155314
-1697626987
-1419582069
-1883497128
1173398075
-1427679441
-1924243808
-510845733
472016830
1909074655
1036737382
1190731861
-1315264688
885255981
300242830
-1030131161
1752535324
-2121298939
-1598338715
-1056574786
1462680038
-1394099508
-1814935716
443165120
-696375768
1322720440
-156335676
-1614956927
-1705483395
516088412
1314624728
-1389440069
1032606787
499112066
-1265010944
-1190862210
1375703418
-1234506180
-504133804
808202341
-1405843726
-1954838467
1113292894
922447114
-1110200923
-623430300
-1455795420
-657030469
178489441
928225433
142945892
-1957050771
-1678686550
-1865638948
1116026401
-1795968272
2049323485
235028635
467971934
1115857764
-1318827880
-1357733565
-746806231
-152092437
-288969639
1872361496
-1819655206
169056159
-293026459
634109769
-324828260
1556743878
2048999658
1970617918
-1170816212
771653700
-1232319129
1007360053
450460129
2068826960
-1059931829
317239308
-1201262613
1718992490
-1215178788
805401951
623527903
1115464844
505565274
-1464766763
141057138
271925663
792345443
391878071
-1384368508
54274608
197735065
-396765502
37330784
-806198685
1838364289
917228605
1794085698
-638814169
2113506990
-1844542132
286103576
821857451
-424736738
1207496326
2097233037
-1538326256
101135843
-1398951995
-1329724606
106478175
694589445
1372361534
1724005982
886124732
-1202467674
1419430352
630169416
887209435
-1610076313
-1051025248
431390387
139910835
73435914
618691557
-50388774
339172466
368361816
1939614464
405568012
2129694896
-400061115
-2014647857
-897042581
-1014613786
-1687305391
980919106
522194928
2066189601
706655280
-154908371
1066967473
-1502441998
-2028628563
877679967
-134586522
1456061864
-1887038006
1199425524
-1306439127
-1112557376
48528428
-40421657
180401020
1331650972
1457782197
-1301363989
1635230608
-1240558733
-929814926
1563886970
159678404
-407596919
-1731166792
582241325
1299750251
1477222303
1875101833
-1913277106
-1775866670
1059097771
-1821209029
-1146420821
1075857536
2033057996
-162086053
-1339740244
331248831
175433079
1330691790
979186600
-1106832549
-1347664138
-103817927
1077764467
-314896471
-1380029933
2119661218
-14722245
-294172982
-800847600
1856703063
-1472620140
2064216113
-247338023
-264846066
416604368
806128225
-1389670532
-2131245747
584267668
1507381243
-278998824
2038022667
-1600703833
-82872073
-1535455596
-1347029097
821275149
1959447601
608269907
-1258717511
297347924
-419478233
1267986725
582447638
-755516115
1034080769
-74489024
-1718778408
258000957
620457424
-330452241
-1324878450
-1868678859
-1916364006
-747156791
2015095888
909193247
-2063629674
-1745728730
203279142
465293563
1931590195
802086607
-1737821783
767494538
673380447
1264035572
173337835
51273832
-1136773243
-1020759454
1431711891
717824352
1448021462
-23284748
427212364
2076801787
1864645963
118123594
1263099744
2020565338
-1977827349
-2108327239
2018530463
-1045018043
1993528393
1471318401
-433938299
1809979011
-1446195632
-1154479803
-191279205
-285164437
-1151094718
-351342665
1574855453
1531152315
-1869885442
610020754
-1867693604
1980498599
-1993601919
-2049503283
-72428698
-843719627
2138331054
-2143289331
-1562793629
-1729601593
-1553164207
-2064754598
1398856513
533680633
-905893791
1178811925
-1237157869
1396983469
-1620937851
-1401243607
-147803466
1156498531
367098329
-1413778303
-1281414091
754108621
751516401
827912377
242221166
589988514
-765375203
490928663
-1638762251
1415664818
-1053940498
-1663518532
564103735
1154709050
534237433
-1660634602
-2137096478
831964281
-1283707430
2112532120
1625191812
1069980034
1003345531
-1043935571
-134769550
1536539732
903435414
1445599977
-1546577942
1074183719
-1429318280
29223809
817340028
2067552520
-1012865274
-731086083
1684101029
-1739021401
-988610299
-1955358677
112457916
804990575
-1980309867
968952662
-353263
417029591
-8459266
776551096
1853353554
2080216567
158878894
-1190548948
-1658630608
819399518
1184447874
-1151208921
1092993603
-1768075998
-1344481468
-1130878487
764799275
-1908679625
91878772
-688045842
54544375
1161520132
1889224011
1081670571
658217673
42690611
-19218180
1770817398
1155468217
64519112
1944263484
-615130683
-1196788743
-232368779
-222437628
-1089646950
-938538182
1476810027
-880982123
-1558562242
1879648590
2016956148
660411580
-361602516
-1335755249
-1576227073
-1117397161
-708603568
-2055576706
-1229174020
1347596823
841333617
-1662112210
-1587841878
-1674515834
302474218
1014079459
2136154541
-80828852
569195424
-1270816651
-1432077148
1435254957
-155637201
429105402
-1629064325
-1662409643
1572615782
1476742435
1060443901
-680495785
857342453
-50041114
-1689133140
-1746380941
2017184868
1818372189
1315875796
752014487
1836855623
-1958418451
-1618179363
377530280
-552331856
-581977430
-345003551
-1159041151
-387680028
-1325276934
-1475545730
1647513147
1715477584
1382582648
-1437629204
1482307758
2106799805
2021053978
-1100930479
1946810936
452372162
-805924971
696419411
265433276
1268734074
-649712897
943000815
-690928403
-839789961
1514079670
-2059329144
1073324748
-1978851850
-1511457920
2067886147
-1743276433
874479187
-1907442957
-1811106159
1924428035
-133518401
1008237591
-1126376180
-248735213
-1811643089
-1983316663
-726958969
-1240108791
-1053004393
668133985
-1859575713
-2054462731
-1252210601
1769673239
-415901161
2039470221
423839989
2061372834
-485033436
-1872273292
801245709
481705633
1141834244
-231097922
1843830661
887703358
465183636
524911284
1147377668
1236426897
-1528634973
-785281069
-762568284
-1162792127
-727210559
-2081280230
639157733
-2055530895
1023631197
-1485251707
854028517
80140504
1851293710
2079401172
-229099571
808024113
1874782512
-1428828272
-301231474
-522425642
1221238451
681931087
-1528955699
-596877401
747262767
-1349645002
-1236782565
1522112560
702161210
-694717249
-16090775
1201750282
2048394749
319582395
-176376902
607743105
-1844645627
-1084295526
-1287380454
-1912630409
45514070
63172074
-2134174002
-1644969849
1573562310
1703365149
602277324
1956170093
-1517283705
182549646
433367149
-193709404
372950532
-433880378
-1400559520
1496242512
698756849
-56683270
384468450
-1608458402
-1035781731
-1610303272
-1147753173
-1776069143
815895178
2085207170
-1898189013
2016555487
-580832194
-591110694
-104803978
-285141276
1892825691
290234880
-1874040453
1935598709
1465274861
-1139498728
1533064956
-396201648
251157251
1658014288
1069265338
589109523
618925952
2114511904
1074724463
-1003093981
-1448033486
-1881879340
849968896
-258264625
-149974749
1833451335
-1288883726
967048372
1235126831
-1046863888
25105693
617754978
598194390
375133730
2009464736
-434755777
-223605165
118584719
-718756075
-816600149
-1492677395
764197901
-917879804
-484163739
66929548
1065396124
-1467446884
-1313520084
1817112206
-2130827097
-1577786209
-479785815
-311602725
1533588618
288241054
1874577547
-1232363466
-1728136108
-421561754
-1233914125
45188054
-2102637619
-1510270278
1722268947
-1702061003
884610234
286379073
444804881
1568376103
-1085576609
-2053160511
-1203396304
-161891539
-1514016444
-904521331
1350723377
-785059574
-1538914500
303546172
1218684407
948546199
689907618
2044474523
-40494231
-332517165
142069734
-1315375644
-1483800421
-1762643138
-1059280825
-218796753
-2092209616
-480597402
1434383585
1217308968
557501177
157208513
-1119972630
1098074881
503086306
250887869
452986424
731635626
2075292685
2054263573
420961030
536025151
-953581505
1335892070
-1898389514
2076480962
955891835
631398145
149748825
-1113572342
264776940
1290717698
1662297774
975912954
-1879287033
119302817
-1595916440
1329030388
-456400912
-11420472
-491596812
-468968048
-1330711267
-1760945948
1099435514
1549042568
1986544441
1625288447
-1768729886
316693239
1375991626
-950591730
-1875716199
-644508478
1221625365
1904476807
-870732652
1876100182
-90848832
1612774199
457180692
-413385581
-881515079
-194143407
928597164
1156696071
-282559274
1682946761
1870889472
2084057183
-1308473922
1843400162
-1831033394
432245017
879065478
487657733
1340426034
1497657726
-1331652450
-239575595
-1889935835
338608591
-1687019026
-936395393
-189855418
1711364030
725276731
1145343062
-1645876259
1239004703
1665432016
-1434369378
-1271273444
-126522401
-573976999
-1471793497
528038311
-915507660
-1831391471
1961094173
988689493
-1650519530
-2115441377
1983546526
1289169720
-429084435
-761316803
2139563405
-2067315750
-1384053621
-63604837
1111582501
-1171605047
1030968923
904204034
1551376593
516773462
1431543258
-1439024581
-415357255
-1310056295
-97777081
383999152
-1481847648
-751334985
-911936618
-1453228
1191920108
-1026320026
591554217
-489857344
-939058426
-953688399
24232130
-1041658978
-254043164
-988469000
336662066
1964948810
-1979017245
1026772283
-1300160426
-802242891
673381081
1257339799
-689008957
1809251725
440291178
-1540888305
1183651776
-1565469798
-140519782
-378285681
-968616972
-1333624213
-361429852
1438848558
671215968
1345439025
358643465
100989875
-1244141170
1278418154
2054535147
1833553242
341731082
895433409
1574789786
-571250729
-386544111
2127178932
-776045201
1781854363
427728008
416166007
-1786569511
1296055637
1163859247
-63549289
-1252285516
-412897349
-2107905514
-158126110
-247122719
1917028745
-2043897265
612804358
1242376722
-1954153270
1057715940
1954093176
-1609260059
-1409713067
-1391688949
99982999
-533428428
2075201690
1124443032
1578661904
810777514
-1727351650
-1819946574
-95594877
474267546
89128771
-335526711
1850831719
899671307
-1377723187
1227605959
-1152938198
-1951478761
-387818335
-1025135227
434781851
76574324
-1335961778
-555018112
-607442292
-75214765
-1422200623
-810382900
89400754
-1287935384
-402736364
1524296519
-1373029168
-1823825591
-1758430024
1212451090
1306076436
-828039684
427941907
-751063491
-1044665151
-877126710
-1510830468
-1721509695
-726396403
1583972185
1969929157
445495474
1283941452
-699020551
1484023304
-1466863948
1221940045
-515619779
2028096934
-102122066
130289923
-264282418
-1465914996
-1268505666
-1034540697
-431456133
1624628152
-1308291476
1080784029
1736143507
-1656575493
1753128481
1625065301
-941157258
929021696
1586212057
523388275
-811195543
-1209600116
-1855452137
-2072937742
-686019670
-1278394361
-491114983
1972150021
-1575228
1745552954
1540468301
-427022977
-161608924
500400985
962686211
-1348468109
-109899541
-345497020
840118883
257115167
1025978373
616924681
1572736160
-448469243
-1023362183
-2026113875
434625901
1633110106
-1103774206
601696812
-2050110800
1719261860
-1693893665
-758786115
-340359563
1011286174
-203801113
-1662430375
302817828
-1981140386
-1615857185
-546686082
-605134602
-2057252679
-1494242289
-890039504
1774435749
-160806170
815658514
1731074624
-1774020765
983726688
1582749422
246146512
-162252276
445339921
-599486364
-830702315
-1714506338
-1812367956
-2045833848
-1632174498
-1826113304
128502362
-1623023981
-1301802923
-1670519935
-1678386792
-2042225161
1444914053
321962747
1880175966
-1712991565
-254097380
2060382041
398578820
-201743384
-1282499599
-266011971
439147105
620917164
-1805282105
-1576064923
207598773
-570185954
470854355
-757391656
-1262242872
1553684922
-777902213
-286914213
762347730
-89355794
1015028832
1735842986
-1698359651
-871081747
1347995294
-1247038748
134553705
589055938
-186424750
-615746874
-1087184113
-454503513
1323053660
96744987
-902032280
457507734
-1856847771
1973822323
-1408088850
1310767904
-900884189
1111076627
514703268
505472638
876021979
-137005269
964953139
-402795547
-1162175449
-661704882
-1326891179
123555358
1039362297
-734376162
1684432246
-1801761707
-1639488545
907442246
-1769745512
1020087088
776750472
-685127763
1981979254
1937351459
47629446
458393063
108845036
-1422036990
-199415980
-1881216273
-2121809259
1127275991
2044883611
338749715
2130201525
1132654325
-533743696
-1562430673
315980633
163778381
1718962017
723776029
-1215173955
1709181183
2017840369
847043947
-749207315
-112644556
1635358048
-462967986
-2067081810
-1827156950
933791470
-1251931177
-885530979
-1007404145
-2066903838
771466084
525585049
-1949621741
-489784441
-431507368
-564187298
933017912
-909135753
941328398
406187378
-1074188692
1944777499
-212371702
462843459
106590296
-866821775
423661681
-1591992175
-1849885318
-830982896
-1228994373
2000344841
383682545
-1354937239
-1208633434
-1237390030
2007138967
1477370958
-1920811667
-1791994228
-1802900652
-1810866760
-1274493127
632617974
2083317425
1293708228
1420011224
1475414864
1014628523
325199359
-270388820
1714036064
-244832567
675969762
806001381
81548793
302362480
1742980767
-368198414
-1388387751
1889534582
-1146514914
31524404
-265848365
-1167804684
-1973764542
1312685300
-1139620691
1737898591
-1427071121
-465465705
-854471349
1014715609
1357761872
72654351
1723522956
-2049827132
-832329003
-1972730475
-247563661
-956023912
-1065751941
-1959166060
-240699383
1440968182
-1506569521
702294760
341168002
1821563133
585189172
-1668637113
-29846114
800228059
1852365027
1863106303
1464868690
2049436838
562455603
-311505183
-435623257
2050478955
-1817477606
211576189
-1458818591
710045319
392508915
1612007567
313019618
-466305227
1098510208
-1489840200
-267172656
-65616536
175921459
548142960
365985269
-725111333
-2103377240
997254970
-1146315801
-501854875
1081628534
-136917222
72418280
-705331823
-184090073
-1633693628
-1599954545
-743362963
785578884
-1812892395
-600452697
612516258
1645988373
1711823942
-799303850
119308997
-1697073689
-1448715426
-1930788991
-508342037
-1518340977
1411109992
-349710737
1084673410
440799599
-1817955610
-1906568276
-1663785890
733287991
1708704773
-1998086097
816103698
-915458130
-2005115375
-765764930
194741633
-85390670
-1105884374
1969913489
-826255948
-131889795
-1795937480
1103220789
-775910164
-1473359575
-140852964
673854643
-22794245
-1027657867
1213390631
-451209487
694874319
-743212855
-633903409
-1857863849
-1891805361
152893047
1735823263
1322582453
390538089
-959734461
171501935
-271784605
-754107285
-111547355
179949013
-617075799
-1771912814
-1764101300
217117915
133355617
-1522135072
1889355622
1106518257
-525655845
-785919694
-1066244834
-399305179
-1183685376
-1398052719
-933869338
-1189130095
-117303623
236015559
-2042544394
-1242288621
-1453509743
309410357
1117925267
-546603197
584922264
1878200548
2139876244
-1066028127
1816369290
-1332536359
751582497
-1043589874
-1739101135
183430316
-1436761922
514246269
1613264135
-262283685
-82195833
558332394
-561520098
410074715
95148989
1403326858
803252036
790983408
357854336
1284743235
-1080564127
1171174078
806817245
663190878
-876606684
-2074009186
-943446005
-339124358
-1754301218
844981941
-939861774
-891505981
2109082285
833097667
-796150036
1010343524
-1724221987
857953720
1375632334
1502047545
-1589920118
-632809844
1301863465
833048009
2051544713
1534335055
996478668
-52257421
1907728008
-579802753
1671088269
-1853541658
1023889779
-1692929383
632664136
1079466966
1412088345
-751989518
-760180952
1675526635
-1390309617
2077635270
160219428
-1496405251
-76304172
967187601
-775837236
85411966
2079721013
-1451434083
-425184955
849938999
-935148814
-714874404
-172847726
-1162237897
-755522398
-121653513
-1484727276
1562761223
-794291757
613530278
-1645785261
-320806622
-1615886475
310934594
-1761413890
-312179549
217249911
-1972187241
1539725360
218836032
-748289102
1116903166
1194820596
979997814
1108550662
-2054579541
254618123
-1034131962
1320435394
694944067
267448812
-1496223073
1675310153
1479097778
-32951285
714836188
931157745
993363514
1556915550
-1877273744
1405545518
141240526
25605916
-562759777
103160815
96227488
-635719993
2125752047
321319495
-2117922569
-7882131
-288647137
-1395763376
835111238
813991210
523410264
-1177280181
-273992070
1263865840
1076018594
-633953012
346998163
1735381642
1885351832
-993236844
505609078
884697309
-2140478625
2137775103
1889732096
915558512
-1660234284
-1705296736
-906376610
17201711
1924871940
1849230954
-1289091941
-2027572117
733685216
1940887441
1344294010
-980668123
1942090545
474802800
-1698688123
631417996
-1983897655
906070445
410644581
532281283
-386561541
1431839386
-1381315724
755887078
2050522700
665410014
1843970192
-1831466674
-1009737878
-324680108
1432078898
86656788
-1660692132
-674613710
848136638
1743181524
1638061050
1290838637
-1023622885
-450764621
348493984
24278108
74862982
1215462306
-675258594
460784027
-83962973
-1401395741
1315157490
-1387044303
-197845803
1896366540
723155384
26150133
-2033760818
-1940366646
262885345
1467131437
-468122007
1153840808
160077987
373132407
1423145654
1804433169
1040518192
1752641516
67347798
1061998419
1515878186
1334947713
1089356553
666767973
1097026133
-462178127
-1558920315
-1093493462
1657991565
-641284776
-1756333175
-692739849
-2100025861
-883895326
-1113168848
-464907694
1255911299
812580260
-1496908918
-221102083
1231112576
1228443529
1129519720
-741648846
-2064277837
1546160369
523752311
-303607249
589795447
2141562069
234925967
-206296588
-65389254
-979414738
-1960780979
-30987190
466647592
1643657367
-399959586
1697635591
-246827992
-1529003472
-1410756323
417714576
1020750859
-625857594
-841235744
-719760993
567394818
841687600
-501069937
-146358202
927253585
817691643
-919527947
-261549772
647460162
1677982281
336241754
-1322791371
-1580680101
1851470837
1747619536
1000435967
-68307246
870125307
-1241944371
-220523222
-379577536
1571253271
-818372614
-924137856
1220715669
432302251
-1317032375
310505335
-303253428
-2000495899
-656307891
1288809467
1261288415
-1390941152
-379512635
1377502319
1198247291
-1911196277
-2008938887
1574524149
1202246647
517407496
29086025
1804952813
1538529794
54632534
1365409154
1062466236
-142743396
-1873750927
-453413261
477804494
-1075456825
330133304
1603958080
1949509853
-1171016579
523308368
929267957
-956139918
-604606748
29587016
259808221
2059571628
1023613888
-567461635
-1938492908
1721776447
1778525736
-1270011328
1191419227
2122207935
-492870020
-673928779
-1169993173
106894366
911042453
-2088185603
872352268
-2122858125
1960528702
-1488654057
412679974
-1617165572
2015363555
-1948450301
1039240472
2063210342
-1863005816
683993256
-761607416
-940480949
920922108
-431245577
-1511836934
761345787
-829303731
1116228175
-1290605979
-580546690
1915962238
1225190435
1675395075
22314969
-659043209
-870459175
-54840600
1882086800
783980348
-1127689995
1325799126
148353900
-1891120286
692721782
-249517617
-2120488578
488747453
1171359871
-2103005462
1759766883
-825639586
1129355066
-1577426326
-805551416
1264365500
-1716749831
1064917772
-864381904
-1416606672
703448477
-1978815329
-813024268
873746086
1025454395
1041637338
811898251
-998270575
-880582916
871994217
549013259
-1962029281
-1344024764
-2073634232
1259299567
-788477522
-499555819
-427578540
1282433562
1488758653
-1643050314
1432516127
272251420
-1259577946
1779800463
-415223549
1325798323
1382549067
1766965334
-1081576327
1415931283
880107023
-1303661456
1705998251
51345257
-544332600
-1102179439
-1546206649
1614123293
-648063630
1648881317
-1976916075
-850109864
-395351706
1424498418
-869015861
1480404549
-1173808438
-1724495491
1966722207
58353562
1558927947
1814967469
-846769634
-1176639271
-1709806583
-1526180818
892155068
1731814610
1578721235
220507928
-17140821
-768332947
1271027860
-1405385649
-652992912
-1205174618
407328524
-1580642004
-988053326
4109271
1344568258
199368284
-781535404
-830167747
-1505233864
-135121144
-857931066
-944490572
1945306976
431009334
-1072076136
-380110651
-902105777
1508529774
-1750366641
909711586
-1920229840
1880231840
-1298169988
-619035153
-482794374
15568709
-418143991
-521721340
-1874002331
-394000701
-2105341994
-2020175247
1250831001
-941208555
733104259
-866548990
-527729624
-289511253
-1050665329
-1231963773
778711486
-1357991282
409565346
-441555578
850021399
-446245945
657552934
-1766451101
322262960
1935107073
-535614949
1328623999
1193516480
-346883987
-223594709
1821919953
1609494633
917884389
1898748156
-1482790494
-2071362005
1855680851
214511301
-773392493
-1119709032
-121894316
942922531
-1623996444
-943080883
-1593758697
164973869
-1726501646
-1707272160
1763463307
-1900951867
-1577164287
-1036117610
258433465
1403221041
-501035716
-590670697
1878652269
36317417
454614521
-464254876
1415847708
-507931214
757107520
-1620339768
-1574306815
191646699
-657738099
584358541
472472968
-443342298
1071183573
-524267983
-1178257936
-1543647751
1707184070
-602436134
1984473899
-1168980202
-2087118509
887476614
363721736
1687799705
-1077830801
-1045752698
-1072471149
947748257
417276439
-608341204
887834299
2097037857
-1331556970
-231051325
1218017333
1201203448
1051697924
445846207
486264480
-494797250
845455631
1589467701
763939050
684131552
-744104707
1523100812
-1669194511
-2010346898
-1280365583
758792821
-697365395
2126062643
-1492050836
1517403160
1710007308
1347070342
-971881450
178607503
-501200674
-2003550369
145827262
-1358401897
268122099
-1397159636
-1143999585
1151752580
1346624577
1587581669
-2048675355
-173628043
608444107
-1872803747
-15434385
323966921
793384192
1088327131
190118613
1332529361
-2045071008
1771392489
2027106731
-1307699258
491543141
819662955
-1299884025
872442365
-1501983840
1517088498
834228800
-966629031
2023351585
559741522
1521871608
927774208
735202588
-921049743
1944651613
438517584
854788040
-3798687
-854697045
451852308
-286987894
-1343088975
409887732
-564356622
-659224749
-1136588800
-1811045085
1727491112
1879083333
-910153262
1470134846
-2096086665
-2089253988
1058491302
-560467478
-789733026
844102091
-731746745
1742766132
-1352445813
501510117
-356023454
-1087141746
-348541810
-1122783682
-1460661672
1919484950
218271439
-1799906478
-474491307
-666449890
-228267326
1558925284
-706827871
-367054616
1757911896
1330301290
-677555658
241775793
282530744
563142312
-1126038639
479732464
568911662
-1878173030
1743956428
706319327
486235235
-22584938
-209694228
-373011398
4095950
733906098
-1407696008
1785403718
-1460180630
1753163618
-896229558
-353179372
1365617065
1550130021
2029492136
-360996090
912134568
1072797410
1849267606
-165706606
-1681044829
1397221581
1027858277
1673856581
-2088243030
1656131471
81171599
-692351733
1307911317
-1821862426
1253184198
1201367981
863750452
-1076536823
-1857480630
1231419546
-1888886837
205726479
1438791546
1651162089
-2070890564
1645422736
560230318
-1002243682
-1069030010
1658056844
-822870205
998579243
1697920238
2088839051
-12467466
1508229946
1129253498
-718907642
2038478453
747928233
-109189082
663494149
823814707
285105622
-439285422
-1427255287
1291092603
-1140774117
-1887745543
657432107
-1868131384
1597868956
-1744515800
871083652
1077997651
501191487
324867756
-986790449
674904812
304135419
797477901
-350001331
371381005
-550049962
1341165755
-2072736024
1360686635
-728230616
-1659063929
1948215707
-1544195505
-1481443676
-1425108140
889040912
1136977381
-1397195112
1440848141
-842496118
1431111892
-1374484493
-1729465127
-1175581435
1747184334
1089195912
-1348331379
1150414490
-537750808
-202914287
-1268074142
-1514948824
-1192719252
1884356213
-1762338073
1677439024
890957038
-1653457843
1173722425
-1436975615
-91936867
-834771292
1430162032
1705892372
-1108131366
-1028267266
89866076
-1100279879
1535261966
-585622373
333368176
1655578354
-623064648
-418399236
247993342
-1056134754
1361549252
2028753574
1762789028
-646836519
1844566051
-589005019
1441302278
1512593570
682869655
-1098396333
-2108554308
-238035009
-223462706
993515225
1571350158
-841823779
-761539662
-537630730
1866421214
1175438842
1171580927
-1287738241
-1640305307
2085202695
-494044907
-1013733082
-1487041503
-559948600
-907215601
-2076277506
-833935986
-768763137
-1674745581
-12097730
606883859
2083299016
99618027
72084804
932190911
2128194118
701240276
-1118143267
1348938804
1109388927
889437846
-1262881085
1511873763
-520459388
-947213612
1562086758
-1669971847
1372106453
2136521637
-1588804625
1696879256
-1144613886
-1029015710
760994177
-1084638518
-324211819
-1115099455
-645847871
1997331378
1903897647
-1442807518
1933845400
-1969610364
1120440816
-1190194647
-1417985225
705676214
838684700
-238582644
204579931
-1090032137
666548474
-709784019
-395419694
-1380121504
-960266241
-1706411669
1569525564
2136012520
-2010940884
-252008524
-493904362
-1860708323
-412581708
505407838
-238180620
-725603567
-1632347679
236453559
82174221
1815256209
1284099127
167073370
370827772
966794141
-1766506535
364600515
-578242619
-881556205
148083243
622588198
138092309
1142675116
2147483576
-1965632645
857758157
435363116
173819990
-10919971
-926160447
1537053141
917795208
-1773262060
1186509756
-880174308
145869602
229725296
1910787783
-638016353
656874035
888643800
-1288076374
-1298660779
-1908797922
1025749794
111460531
417878790
-1530108918
-1534724700
1947567541
1083446782
1036606588
127469834
207359059
-1280481283
-517839039
1698024553
2097328254
1809193841
-275764848
-1535683948
-499720901
-1277911066
1843085936
1196972206
-187858519
407596221
-1027444393
-476507648
-1196731838
2003821339
-1681259757
85286156
-1785111967
737729316
-879056659
-1633634846
1041408515
-565424023
-162259445
-637634127
-316675119
-344530530
-1751498986
1910656928
-1843212451
-1292953712
-1855358948
1666042590
935441324
-707680427
1546235062
-1688364553
-700813836
1399006148
-565903763
-722872471
1501137061
-92876249
1174017369
1937919863
-1129285971
1428264495
1098370827
948490044
134559480
-1357174488
164263852
-256323326
-845534154
1050611821
-1291783835
-41084460
-1848300320
-1631451363
-1988989439
199826513
-1279717509
2017971982
1198759633
-1720372030
-845859042
1716559105
441745104
-1451617681
-930945998
1173656599
-1620174074
1509483054
-1503638151
1448543364
-1130758864
-545059268
1115014481
-249405055
-521986912
-751982769
1760653112
2096702087
1557821794
254397163
-584431214
1266090937
200787360
-2058577164
1852018602
-836675167
202424647
1281792644
-1898596362
1482451998
863513577
1861452798
22188702
459738269
-201363228
-56038301
-483505089
1002232711
1596223940
1106986979
1651464427
-1873612550
-1335422235
1779835831
-538735756
-2094408518
-1537708451
-633493203
-1579623190
-1830080151
-1615867624
1180483076
-350443423
2113408758
1339024963
1726240249
-1697882378
1001480275
-1343703826
-1118451295
145684500
-1608925078
-779529236
1880835705
-1082220045
326908497
658405373
-990991301
-419531167
-624797509
2047426607
-2076152974
-1959774267
1758935218
-380902272
-854247088
-1598399905
1830589314
-25154872
-521491265
1624169940
1506931704
-991574571
-811591499
-857228567
-291665204
664077015
-580765748
1421207950
-1570154917
1749313790
91061521
1928086303
1002344856
81145697
895753755
-530594587
1525980740
-1280529119
858925663
-1131743518
2099764829
2098407374
-1807006781
-954565939
356528339
1157276680
-1783444368
-872085669
-1198127743
438344809
-369582612
-2096016448
843070554
1085260450
-228483737
-254757004
973358051
2093559523
605339988
1782415930
-578475296
-1889099392
916085819
-1852288931
-1427793582
-68371759
-544948019
1527766844
-690232160
13520217
1559663416
-2039273975
-596200685
-1877987799
-2027136068
686143181
365159047
126822278
91500158
1250601902
561161823
1390408137
509050012
815441012
1571098809
196826758
1248354945
1620940873
-1833665822
-2006523408
-1503328391
1976139712
217022732
-1548958084
-512171385
-2112677096
-1047558850
1576785603
-1467156362
1770936512
-863048309
1567799724
-2062194899
-1265623010
703107462
1227341001
-304360889
64717963
1213991668
623962369
-131365661
775988386
760864195
923155824
-658678601
682867130
-998921413
-1089325942
-1290874261
88546224
2146165874
-1964836986
615559972
1792752873
917221381
1035002873
1842306910
50586262
-1238567164
1091913664
167748350
500309305
-2040148690
-669616349
1232632487
-1742289560
330410077
1767678262
-460105141
1361674449
-1196418237
78972546
1324468485
-625175682
-800585898
-1841334811
-2042599898
-1081736872
425163273
1224487862
1467788173
-1414872079
-915953348
-1389449428
1310982460
-203351939
-448806156
-1083463169
940045862
-1656018399
-56064946
1768928847
-135482803
-405037968
-1789015120
-263901499
903083532
-115754447
927636034
34540792
-685229391
640896102
-1392559972
994066961
1612761166
1319525769
504918720
22902193
-604973872
212692248
-649453750
-1159639279
1742798928
1245501268
271476198
-1967543190
1335083689
554202436
1126070529
1012296856
-206922166
771012864
1852880578
1370009337
-1324667828
-1933129173
801334587
-1594118757
996169158
739993280
-2135261733
-2088856171
2053459552
-1142649838
1879718951
-1058471499
-330488794
237644813
-1995480151
-1894122661
-512558946
-892702015
-1462669016
-1339316828
-206817509
129654817
-1806030056
-462162230
-682140589
-401622521
856769876
445457353
-757652689
1361681018
1065487370
2080809542
-1546442014
249372211
752634357
1141499052
-1919653315
702543709
-153035310
877409432
2053440576
-2029852516
1476244236
509169526
406868467
778726481
761532857
-640112276
1352217974
1746144283
-1910539831
-836142474
1758071383
-2099565408
-1478328964
-53478959
237160227
-182955636
-442347756
-319788131
-222354369
773987801
1081144780
-1933908803
-392700936
111645777
496066056
-831198975
1675581399
659512401
1958721741
-1845737593
1575706426
-511701298
-1973690766
326162782
-336422113
32624541
-1446336361
1114179179
-906099901
-940984594
-2009172138
-588303216
937134187
-620507367
1315329464
482641162
81825792
1282976413
1803972971
105350170
-1927277343
605541988
-311174735
-1390170393
-794721932
-318722997
35174810
-438766686
543332094
783763938
-809139852
444108779
515896884
-993284241
-51989630
921104754
-695919342
-433763527
83773421
-1547141919
1587408362
895841538
54189047
-113680647
493949887
-101212716
-1980358538
-1043411973
395040723
1032730624
-989381761
1164071240
1857895550
-667444381
-898821792
-1207034549
172454208
-702125589
480225492
1321951638
1537995802
972896345
-350806415
-23973045
-150473703
354778951
864672612
250383805
-1220818638
-1313466259
541786977
333732694
-294546091
116247583
-1454551596
1598990522
-1874566469
-1635077351
-723665316
-185309652
-989179005
646934655
-294850439
-1707386064
853128828
613648414
-1946883453
-1359466382
-636873404
499930359
1626647517
876393446
1433374609
1305502718
937028202
1032043311
-476047410
-34654433
994358080
583944260
-344496919
1142142081
924312220
760992849
-603476629
1925694989
285517588
1323427034
-730693688
-1470894799
1215202322
1254444838
2080787448
-1990340896
1768458112
-1004941862
-1011715515
1746205661
-1922849088
-128791325
-391320730
-2077394631
20018911
-941977703
1245830605
366726426
578663433
-1452075743
1534506045
-553741379
1645497406
-2053742830
-508589666
-1243750211
-344923835
1648492122
-1793130988
346615956
-932186655
-2014049694
867551565
610201186
-255247806
207480432
-590832102
-245902867
-1015174210
-927762099
-1611123903
-1217488408
333151168
-423380185
642811280
1008625272
-1754992128
-1150173768
777103157
-2114439181
-318325260
1425248934
-1142575027
1257199082
735931269
1504621613
-1318280006
-1437162903
1603333894
-673197061
1883267897
-1538695811
1028160609
-524929958
-627052110
-1696719626
-844620397
157872020
-267207982
707460205
-1720927143
-1538338414
1699320023
1863207304
-565013717
157788102
1116506538
1780428924
1815951721
324021066
1294075954
-463590189
1985461972
-376968887
-368277786
-1770700178
72780351
-847065699
943847332
1104429773
-596906107
1266037689
1599655105
1559601806
35369149
1953210825
-623640736
500998963
2678444
-1826516457
-755456249
1202050344
-1751331717
-1293619536
531428975
-1508952573
-2103637335
-988535993
965325210
-1804767475
1521589570
-777590440
1313108267
282589184
1853612368
1730425488
-1456847119
2024677906
770823570
287429995
1002936260
758337330
-2059879829
2147475487
-145539436
-1776232048
-260752099
-347359816
-767537986
-1729073309
-1516854730
542464387
1471871905
-24516890
-142236854
1380158640
-569728143
36425378
393671649
-1231445454
1981533002
-2078917134
-793992781
-85185302
521315976
-51140156
2012267538
-860886013
636982101
1014219164
1841770151
-991913569
278163074
1648924894
-1745151136
-1259110477
1286787227
217489484
-1475805272
1533277998
-1218934732
-504613940
-550240039
442905952
463529353
-832716689
-98976786
1026493337
195472198
1823458990
-1416735619
1577418001
148617378
386415861
1823866595
1933397767
1097384113
1630869093
-1242531392
696776491
922788602
44954070
-193058139
1627098176
1178089799
-246205158
-1156722164
-1509581571
623685308
1592596616
-354612600
1115296052
1246737451
177301176
-2029713603
1397520694
-1848498778
2084500619
-550484591
528772980
245036372
678040941
160245283
-1830555543
1950445448
-2094690339
-1197694725
885050551
-10540017
-616049107
1203472643
-1744791152
-771800887
-1784379514
70783670
372818775
-667580038
2070838575
-676556265
-1813338490
-29222686
894887950
1450419171
418239185
-1420679414
1933722222
295253513
-1533485940
-2093936416
1588861442
-638639271
-480550839
-1420739322
-929106391
1227052668
1099046085
-1916929562
-1974083981
-2128566236
1594377988
67414281
288441699
820178051
-1595441991
909429673
1297177462
-746986496
-1484130069
1677444228
-905703836
25035560
-703009066
1759142642
-1577764699
-101366302
-40161522
-1782609095
515097910
483754471
930511594
-2093707232
-92353636
-2110460816
925379103
-1392700991
-1996888024
-1391409360
-248510806
-204114525
530076797
1251829892
-1619885325
-652719096
1434616911
781325032
-2012893649
1271150210
-2068690323
756436909
-1129411835
-471784501
121489920
-350371608
1972022388
970781910
747223060
1230675629
-88326925
-1067131103
-962612904
733893501
-173222951
-641589171
1886234657
1124264956
-857883393
1393940207
-2038452556
1311722982
-1820158301
-1724312408
-48913980
1655925315
1921870223
-909935246
1284142905
-103227686
27369337
-1207171011
538654002
1293400802
768965549
1864152250
393729357
1738955519
1350564329
264981109
292067365
-308899732
1674262407
-491358935
829852956
255952756
-1549677855
1644679759
1009668697
1172775206
-770724624
64013303
1501581588
326939720
479566134
-455009061
-1422788080
250767755
-1099429923
-1437337167
310888041
1995810560
-788453856
654334912
-1534590833
2057977546
-935366422
2126534838
-1817011822
2033931541
1195431356
-1386548296
822775455
-239062714
-865829421
-552995911
1225892554
2080403059
593209225
-564770034
-1004572403
1533427477
554971643
-1013259198
-1870062960
1998895100
1682816747
-416880601
2023691562
1485002370
1178898152
83218733
1658510887
1369388547
-806650964
1233444854
1609471307
-553277300
199275716
934462761
-452672490
1821583058
-237034890
-1458596731
815715658
-851653788
405312222
-1848617671
1919221930
1293536548
1619203418
1090175859
975351555
1617276147
-1423562713
-242018505
-1940481425
-1735718229
-795173812
601810033
-479318312
-187542190
1985631158
728590412
1077407419
-2041656693
-550814300
147249092
579919918
425163087
1644377412
967410554
17647139
-2122236963
1593353886
-237706042
1268591086
-890643217
597564849
-976230382
-1506707196
-202122195
1701127131
1780025445
1299102469
-1600813594
-1685647491
-922480578
1019651067
458576381
1220061662
1903334307
-215873820
-885473759
165138256
-1378781320
-1646728083
1485444928
1074818448
1855396372
156160512
262989373
1290306674
1931669777
1197823232
-1602227233
1534659773
-1466388381
1448595027
1296504845
-2045515437
-849457493
-894000608
-1794750408
418727573
-628786483
761350105
-1243965161
-1281291259
668882623
1053445755
1400186778
-244104148
1828359076
62972180
-1750655721
150249149
-1236989160
-1984983163
908935882
-688754439
-1027337779
-654811255
2094848124
275503189
2053128022
1206773
-1657101696
-1017388197
-823863485
1905100865
1872782054
-326966067
1083866989
-832252346
1369715179
634344719
-610332782
1565592649
1689807278
1613292998
439502371
-614992585
1043470633
845589435
56129116
-2115599054
709833310
-1604091131
-911113323
1469535308
129296336
-692973209
1567866328
1788838289
-1150161612
1403259638
-346065998
-84393398
-2045276312
1533975807
1249463630
-285499008
-2076715100
-1922030809
1621542079
59716543
1053175279
-1975940398
-1675014244
-648035557
-172282157
121637064
-1431695919
1734162295
-936138669
-2076048106
-1890512460
399916804
-1001524707
1370775858
1837143382
1300724488
1837634811
1429961825
-1367494373
-1461046048
1301575055
998611549
1255499661
-800399544
-2134772161
-1273851855
-1108993428
-420485160
-277887891
902749032
-1612530423
1025350865
-1999354645
1361479526
-1037674541
206318361
-1948134482
261522708
2013507890
-2068776828
-527742272
-2012653373
212217747
-879960492
290817147
-55164343
844515523
1355089923
1782729971
1225278320
-104525184
-1637582273
-1577814348
2122623121
-299382707
1107330613
-1280047443
-1795229829
-1239065978
-19223279
-537613462
1860331672
-819635533
742307781
1148187529
-197702062
-240068320
373557002
-133695642
546115250
-1886713940
-1006280796
-658609640
-413691062
-533678623
-1915570455
1045906849
1104761685
-1546978747
336905091
-100825504
1872845852
1217567983
349329012
-1783387702
-248054886
1751586652
1044627546
-1128209319
1912795490
-1389019774
-522139916
1676100291
1025526208
1878451238
2132405988
1816013423
-423803105
-925493142
-457826890
-1991250652
458685865
211008681
668588064
-1848613885
2107671860
-1258643833
-1169317749
-1389509193
-1114577572
-1658496445
1189951954
379333610
-1658773524
267296590
1166135880
860847098
200670593
-62346719
48585471
882812652
1757905009
1639057227
-462581945
1527149728
-133029400
-1412762679
1082224757
-1951314362
-910410412
-797970791
-1692124699
1519172624
1293700610
-51163247
141365569
-162756055
1249043209
-296159380
143849218
-985216795
-1665831578
-2095813339
1168685878
-1458365384
-189445016
200998023
446495364
780865132
-377439154
-1826575867
-506566803
-1083155954
1200720686
57675718
1740956628
-975610071
-1153976297
1882880004
-123457857
-1764542538
-924032902
-503396202
-856348065
-1666441390
1511759813
175838154
-659620275
1095770673
-1397078704
788914808
1849268758
1632454482
166102140
-496399533
-893953031
-407655948
-1977548007
-800248958
-2122588178
-1655097784
1050536456
-1193536402
645020394
709885287
486792225
-1256865059
1519724129
-237415291
-269945002
809349952
247455756
1863267175
-1598274536
-2105301176
138854892
1579189778
1640773369
1769091262
1278400141
-1835768380
1728129170
1966773651
1911287183
1507028263
-202578010
-204316362
550564962
-1586127932
-331429497
-1924647131
1308006224
1841724597
-893526856
486193863
-1673498944
366511262
-790552109
-491413385
2039037112
43768542
1882713773
-899269661
-338493789
-1795423744
-850206793
-1302716521
834656084
1330320247
-603980890
-1945132588
1579226442
1333297802
-323818154
1271487142
1870256437
-1392731507
-1390643221
-2070745291
1445404856
-163500975
411207993
-1971929510
783759728
417537757
-1046704539
411648629
907468853
-1380984995
1171123916
-311935875
-1160081249
1476176986
-1026371293
337181784
1582221516
-2027562965
1653706462
-1307420052
828523871
65380010
-1358595627
452212341
-1188464181
-787768789
2019416101
-1875406952
1290455248
-1020828758
-474596780
-1002468936
-258522811
-63370685
1467715512
-706415607
848028440
313331174
-1377592040
-1189403422
1454616723
-317664950
-2079147629
-1410973994
1810042848
1363654433
-270142016
-1983368444
-1094106929
1306025614
219549974
1011553454
1885137621
829207251
-20323954
-1297837560
7669591
-552156593
1794445702
1305978450
546286632
1352110246
1934252008
2004277544
-1562609072
-771467199
-2108256629
-1468358888
1589163279
1996091129
1288456921
-792416395
975652129
-262847986
1834867889
1075995498
2142186562
-312271523
1862129549
-1540525487
1437543667
-1276595758
-1136883225
-1265918139
-1478645122
1787399962
888866520
-435999755
2040005944
2015823005
1947379202
769860795
1209333510
1411390891
-1894113872
261872108
-2101234655
-1642550028
828349243
-11199887
-699804643
1935743805
-490635857
-1961557098
4605734
-746590895
2038797997
-1042056671
-1903174771
-939969227
-1377233518
1384358054
-2114578558
-1400937826
1965129944
-887234791
-2132579549
-679729497
-1037475396
97144741
-1752957259
1721196222
54101537
-57367365
1888788784
-1295172897
-981861196
663739501
1079220992
-83619067
1401171791
-366914309
308635914
-299524132
-1996374110
118494894
-669277204
-1647932742
-62256624
1046374116
111974281
-207451952
-1332055338
432076908
550391492
1709340060
-828120718
367545619
-2062542966
1803886754
401215042
755375230
-428227818
580567642
-2112387478
-1019096006
262678127
-259109781
1546881531
-445872879
-569204939
1354172698
-1361762224
242602399
-1415733090
-366985732
-197050693
1982378532
-866480966
-1172584973
1947680097
-1932516966
227892734
823121495
1242224226
1490094090
-1235950337
-1992334478
-1771635908
508032539
-528834947
391108658
1543031920
311330283
-654613085
-2126113511
-674799770
-143297247
-847608180
-2048923016
-2048426355
-1052914622
1780806921
-1697742373
-905394234
-533944508
876784545
665414343
877382914
1077572448
-1328515368
2092514978
1640438569
2014819884
-1831554892
53743602
1847282493
835629544
-683298692
661985482
517243327
1676311319
1954607810
2019318912
1415184465
528569169
-172081756
-1332072285
-1257067108
1057578327
1608140109
1383457067
-261113997
817626727
948475074
467526642
-1090735304
247300306
-1548435749
-2105323677
-324607874
-1400648757
-1328079986
900302960
694383088
-1118813056
327259507
544103369
477560944
-1740755858
1403865987
-757205430
-1239511934
-727183119
-1147532509
-2056687436
209498603
1253842970
-425925023
9298591
699658645
1228961476
1447783036
-1394265937
742471093
-1207583767
507853481
2109278726
1983378479
-1483236047
-759819500
-1933326087
-2043440328
-1885339444
-20547548
1347562245
2078798909
1600848000
-1898867197
-1061940221
1685408003
71762437
-1566895011
1712967835
-968780018
962429072
-30940570
-1210151946
-1285780153
961960877
-393658590
-115872585
43552728
1021362001
1461289440
-1890710230
1825447514
-547751633
765355783
-557956418
-882051022
1836830538
-2000886508
-423728976
-640638152
2122394571
610717154
-155127
-905693032
-808898028
732610604
1220200138
33266685
1257115924
248720720
-136843164
503742699
398862044
1481209685
842389869
849601132
605768050
478047023
1027146897
1898107118
994920677
1298766657
1627774662
568834667
-1915617631
1933925922
1277186243
452694218
-455705084
-1706723933
-739347534
-738430331
107625008
1952621072
-110797533
1071495563
1809200418
255174070
-769509820
325031014
458198019
612400293
2074153551
-486240864
-1990855490
279760055
1667643459
-20077213
33816786
963826128
-1157245994
2070667615
2023766376
139217510
-582925911
-366971153
1226533032
881535043
691038909
-1200426114
-1793481657
-1742468727
-1931418843
-1854470361
1776872804
481869303
-1187266563
-908995173
-811501164
-462463894
278812826
1749610823
-1596393157
-538530651
-1885247742
-1398577994
-2028769507
-1067390636
-1488110690
-1605931469
2008116532
524951117
-1464797139
-1249521230
1757727427
-892360935
-1765931524
1580066031
-634247253
781357491
61356883
-837568041
-15281924
-1881740913
-836869070
1961102119
1657789134
1512976093
-675929539
-1573400749
2105049938
-1799651826
337729524
-376203864
-897371357
487861143
-143486170
1209864628
712093409
-878192652
1679370919
1972599013
199642624
-892911633
-829095104
-1010985361
-2121184547
1292979489
-1737674778
894089587
-686129134
1451371193
1425269039
626123101
-933681398
1557684859
605378561
-1251160947
1764781015
1287669259
-384381044
-400372423
1518398018
-1317656469
1745195641
-1708029808
-1223923677
-929813566
1139126115
-1518336989
1663721715
-1412913313
615710854
778741120
553727647
712927740
-1640072523
635242528
299965342
-1370465210
-1558382703
1117310338
-1852110267
-1699330148
-1334055177
1482083223
-1686151847
183551255
1946407866
-429769376
-11215386
-317286198
1798768530
-1088169515
-2142086578
243662154
255302227
-1324550904
-969794908
1361093488
667764833
1840320394
-1575500230
-1981715875
807955554
2145286157
863407736
1422332862
-1770661835
-882056374
-1381059857
-671123376
-2010986205
-880599515
-352931155
619905190
-554734764
-326943218
1033223890
-913807831
1105305732
-136383575
-2101722525
-1561001888
1074855414
2014045104
-477064355
233710194
-580897368
1273637400
-823451379
-632009496
-104374585
-1049793678
-116477026
-1430702154
504746341
-1854203756
-582315789
-1632765829
1950976360
-252262280
-1355965769
-774452985
553993413
-1222652829
-1935230543
-1651101154
1720570094
-705600951
1483745884
-268853637
860502921
812198255
34242230
-55731689
894032481
1118682450
1334143320
476070314
-1391567199
994679495
-90069562
-1336105358
-486054081
-1588808861
800625160
730999346
-401586507
-1553378532
512445817
333911933
-1323831306
-968410065
1290039518
-2031748557
1680227999
378674501
102020025
-272008116
7409261
-470366767
2047087327
-1830630700
1332139503
-1617642309
-1743369144
127059766
414955644
-392159934
918209574
-556889924
-220118170
1732894237
-982702280
2091643477
991971951
2126702308
1299013215
-1879351143
-133195909
1838192558
1791666033
-809520118
-845586041
1571792634
-993597620
2074491805
376225497
-2039711278
1330940206
246694776
2060945017
-1767482835
-926777532
712526843
2077775071
-1985663084
-875612032
-915854076
-637556755
285187593
-661348433
-1862424209
766658079
1300868899
-1555269686
-1146407205
-1865521920
1981966717
403548555
-1599930957
-1277672737
-1212614063
-73902525
-1223666324
-370530366
1682462047
474989546
-183746293
-1712389733
-384667885
819885687
1001238506
-2006052935
-581798682
-319681934
-908687686
-1230941823
1278191619
1967236294
1524217035
955755613
-1926185426
1005259739
353819019
-1279329037
403303649
-899695132
-211009973
-540964967
-1315044681
131897461
455616585
90536969
-1431489778
-402922153
321832682
714375249
590510054
-174399329
278544966
1503426316
-98914801
273222653
1299099114
-57019178
1041158019
-1358372015
1733551064
-1928324868
1002237968
-1483815293
585337810
-2124890765
782360634
2124688531
876204759
1557344779
-854615458
-1574800402
727422702
1936127716
1967840794
811197443
-1293087967
1616063008
1516019180
-2131839978
-1914693684
1788517594
1239032601
-109106348
1299315479
1374143317
984681423
-1576849882
2017717696
-188550024
-432896115
-888746807
-1244475363
1336454266
-93620798
535209758
-1286724767
-751515943
-1517466956
-95536706
-1878076643
-1988959345
403037859
1470457937
619877130
-156013688
1411549997
-1642342112
-488057595
-1001920434
150813428
1926624743
239770458
-1165974779
20467581
1453893103
107391812
913358494
-1225227941
922972
390063028
1855799623
601497228
2026839491
252951633
-2096185055
-946779358
-1182653441
-971296576
2021959733
-390387675
-1111916731
-984048604
117719975
727712951
382254452
-714520344
820843052
235208057
-1448519503
276412603
1012860345
-1557287379
737980979
-152573732
743877756
-938157667
-709728678
1561269911
-1263635185
611134394
-1514713594
-160643058
-881622549
-932611577
696434982
-284746436
233816090
1214129719
1721560719
-604459721
-944622288
-1505523947
-611164914
1065776052
1358542971
997948323
1752558016
-1603759408
-277509255
-1766159226
-1085024352
2134306061
1536329098
-183025760
135119969
1148640154
1824704230
-1740078594
37787261
366445782
1402545872
-649704459
-799885171
-1644259561
-1066348277
-200416377
-103139877
-2145424474
-1544763763
1232953610
779062325
-72165874
321009010
1028676107
234571523
1028006806
-1359225805
310498927
903460763
-742650101
-1668027369
-973736997
470900436
-1782403902
908402408
412080981
-1064444967
233673436
-1458899990
-721490645
-384142273
-451690037
1884571656
483936019
-990607016
512037141
871021904
-901773165
1501531849
-1197267881
-310073951
-105383518
-1339468199
312880269
633234595
-1059096689
791069964
-2045380208
-1340900106
1028312098
-258062992
-469491745
54443181
810963712
-11105483
-207866207
1477197053
-1673785005
-1571455997
-445943318
1109338417
-2114411606
-347844216
-1391387331
-673677087
1358341661
2066434255
-568477103
-2018817694
-1891239244
1734898392
-1996568552
-318905728
496407048
-1427473820
1982952956
-864062870
-2088461781
116486927
1356253035
-2100060947
1363032004
1613039012
-362288235
-1075447323
-1452724866
-772764244
-672019084
945422063
-474933853
134937672
-1708449780
-861712285
1137512963
639210560
757623540
2107485569
1951798810
750375771
-425338092
-801444887
-1363857551
-2093998864
-1693000785
542160464
-1140625340
180222396
103267235
-319356304
-1406443420
-310640394
-614604049
-1434226112
-885647265
-1816084831
-481862538
-566422427
-290690339
-1042339040
1500690434
-1448658968
1083621452
-1717794801
-613119861
-570865880
-1456699201
-261704113
-1580203337
-817570287
2112776211
1246845283
887914404
2032832397
720666707
-1821287430
580511717
-535753158
-1007911331
-90986036
1883392715
-1462129570
1406749893
-1027263832
856106469
-1857525993
123769080
2045741774
770515145
604303574
-74426716
1395571833
-283033325
-948080882
1154059607
-793108800
1015995053
642440999
1025653862
-326941282
-710033328
625104568
291279120
1431002959
-1998292917
-698510603
-172086558
-2128571683
1045592451
2069400422
719669852
2067411961
345158842
243858394
-1401961004
-1153179634
-1371083245
2001738138
-769529702
-1667966829
-851399979
-1999247392
-2038849444
1708273312
-903563409
-524230775
-847471412
1112511428
431131067
1469308426
-497662593
795599893
598279046
-796422240
205826584
509853063
920017232
575916235
-1314795355
1743108225
1786323279
-1867480324
80283208
-10938963
183815866
-694325108
-1334962663
-2122255089
-1757668029
1056594928
301369930
-2110559655
-377999132
1525270059
650337164
813499004
-2137297442
-551913341
1197191858
754880130
-570733314
1504443767
-145776493
-52672614
-369315807
1160590575
1823731763
-378363788
2039642875
1769174965
1552316196
-76130353
-2079951853
603717155
341608490
-1939169201
-914312687
-1368359394
-608998371
749826451
-2025711301
-1778174910
173344019
874993286
315272509
-1863988130
-1547632707
-1333965579
-1989362904
-1419649758
-1414711535
-862418334
710549436
1263594263
-1011470807
-1737934313
-297194006
-501406002
277005418
-165246851
-979175021
-497853860
1663862761
-1578135634
-586872170
-245253627
1425033737
-524945081
-335758327
-1884910538
1832966760
-1940887165
-209531963
-72557384
-1215296517
1776289669
-987636185
-928731357
-322934665
244692724
152762901
252142736
-1233897998
-224864564
1569145151
-802142062
-1365986614
-1415931533
849766567
-709068443
-843666491
-306296310
-1652705950
855940968
-1649422215
-1020259578
-505183841
2100701128
-50173458
508107262
-1672507928
-1531382147
-1308928127
1220084934
1787339432
602522490
-1011321334
-652592197
-1395898900
1929418528
973854017
2027388256
1872071021
-1837229581
-711827619
1671337769
-51104562
737258383
-1113925891
-1056614505
-1145712607
-1617595172
1675906892
-1245508220
1723224751
593291648
-1257668001
-852350785
-809076232
1625648277
2044766688
2062733275
468847864
981470363
-663896591
1489010500
47222700
931564208
-1803600310
723125650
741288659
-1398988546
-689182301
-243502815
1728760825
-660226956
1357514585
2045166305
2126365104
-1438605896
-580966581
1415936617
-944482272
-1358850725
-963544059
667045714
-1070581310
1010847566
1905406752
1835379650
-69560216
1423794580
-464883736
1966914631
-295607680
1052578360
-846541761
1280321765
2052851864
1901332609
-233339968
384093041
-1569155292
1135697253
346664231
-1832847584
-1816516481
-147538118
729818607
-1933171366
-190975185
-740909901
1923159100
-138929196
-158566291
-1630303479
1083646715
772267997
-649029917
-739550344
1921244231
2131364598
732333495
2004325356
1846724110
241521832
613481416
-878428420
-1569774348
-335583854
-2025650378
-1739503849
-954693258
544950209
-212772569
1792135420
-426734766
-943847356
-1530525240
1277315439
1033787174
-1658626562
400431250
-259712471
-1265962409
223701437
-488100658
-1912522225
-259827404
-984095861
1244682842
121441447
-830743718
780683588
2120019629
1357071559
1220696665
-1990598040
1230801431
1080475278
-81572201
-1381126862
-649721523
-690649960
2036315764
2098432233
-812711131
-1732610963
-1494199377
-96259723
906354333
1343239737
133487367
-957292492
910738721
1447001026
1341389349
-1760909810
-1404898035
357415573
503011256
1672008390
-322029457
536925571
486339042
-775094893
1731101714
336554315
-2059829550
783319791
1861878455
1723642008
106804145
2115799981
1281364133
1857696557
1542624706
-1672285871
1055255396
353940574
-2061551164
900764571
47716804
-441117503
-1078159974
-140053659
-2145660892
86317861
-744339411
-1707858258
-235154192
1509120195
-400721007
1138588149
926984555
-398943053
1760642406
-173911349
949746350
-1667978591
1817323904
-1784535133
-580149521
628041920
2118427338
1602855148
-866606330
-897255170
-1176447386
-695715999
-358929363
-1303023240
477877529
1053877151
-369872377
-1505351633
332992230
1774039799
922375395
277562876
1703730424
-1730718331
-1083747263
-1118989119
-857520700
377420161
-1763186284
1785117921
-1943249042
537528276
-1060631735
-1449171471
-796789652
-234580498
-504243193
1071787695
842026601
1565040854
1767230008
1804709938
-98153621
-1075485310
-1456036920
878641251
-1267785417
-1598854552
1111269933
-1428068437
721056499
1697058388
1038004902
1426537965
1092459789
-1615024004
-387875130
-1451023690
-1987880100
-1753823791
1285552435
-1630010189
1944923524
-946376809
1992913579
-707154845
-662954595
-414947529
1065188168
-1566654964
-1720922858
1415402323
493753348
893150962
1552739287
-1598432741
-885721986
-462214714
-1452376667
780535006
9496829
1391951453
1522504139
-993474332
-1978889035
-76007263
2121486581
1770637690
1507845193
-80745780
-741112482
-2000115891
1240636561
-2048018734
-832569043
-3575557
-1191382628
-866827490
-1026324708
1616840935
-1071545864
-1126381951
-285468325
286626892
-1019571664
-1794416793
-812723533
-1834203244
-1464236907
-773248437
2130554349
2054104042
782207297
-2018129044
400023411
-1057588723
-184366504
1225875392
-1566333640
383469159
-737961839
-2012280535
1823125717
-1840465314
-1891017740
795314662
-1591701516
1516537577
-1672000283
980788043
580695793
-321078171
1736784224
1728916404
1448612285
1101222824
-1117201787
131665847
1597521670
-1024150442
-264208809
1073459864
447797652
-1050162061
850921920
-59743743
-1624935434
2129366329
-278030632
1013174514
2029857373
-77668052
-1624558746
1118096886
188935879
-2039910549
-1960868954
783132823
1220277087
2110570567
-860402356
-19269102
353359651
583702297
-967430456
-698104498
-1993049913
-1112107697
-817035572
2080252426
-1123445800
1503034056
911265802
-1064114346
-1473344475
-871000222
1755116866
-334755516
-673248422
-448446000
-1793564293
2003344862
-1253485332
-1218640
-1434136432
2062073178
-1583647684
-1949463844
-97246226
-65359476
1630710006
-262160385
-29900902
356984987
-265636421
-2051767701
-289787015
492920567
-1908345601
-1558744790
-1502366517
276526218
1624856627
-2053486254
1177431032
2081317165
-1506691803
1151644061
-1957307761
-748143523
-290323033
897362744
-1579164277
-158675922
-552698513
430226395
-1633677353
-1141928065
2044369469
-1406524135
-927198957
-1018841234
393908802
-1731281671
1870754968
-1080966130
-363674432
1923038148
-1983816519
-1185040297
-118812435
-952102112
-1791752628
-1323034274
-1028245731
776479325
-1282733976
638528709
-1668569057
27384846
1879133295
-1463211404
702834406
-362762021
-945552818
347166088
97640555
1442960277
1619006723
-963301237
-1397760558
1206692491
1955849055
508313829
1677784267
1937277467
-48414451
1804080531
989272635
-1862118261
-1915223086
-1391360746
840973082
-34161895
-29253355
264722093
768147358
-916366256
758816674
524405445
-81388391
-975934563
-1851334230
272742064
1987499806
1536167457
-449180914
1548298133
-1101422997
-67454777
-2052225060
690405543
1890967554
-285680743
1886517017
1042040985
-1372816872
-54301105
1170603456
-706995631
875720755
1220686377
372819466
-1474269989
1242547726
-1259881218
-247550224
2052761248
-1405705025
-698703469
283308013
1143484375
-1576718821
-182957776
-301386488
220035130
776381017
-1510780304
-1637976303
-1521540099
-387007500
1108904281
961057834
-200502277
-1026267690
509791403
135818377
-4309710
1491021746
-797477764
1606059899
-368213135
-714267471
-1121317372
-614562645
-1146942641
-756225968
1681883317
2018368932
237221727
-1946010232
2123755663
-1079067757
-387726175
-1840686034
-1103629903
-1283988143
-1337279942
-1758480228
1496768818
-727250527
5906535
-1063313007
428963633
303753653
192164527
-408790955
1663624746
1166485495
1855914328
-1208449248
-31974517
-1626358011
-548162021
1459567036
-857344634
-864656132
464580634
1152433257
1413775913
379870968
-941462767
-51444480
-627270741
872384731
-2113968692
1211206234
969307655
1067554126
1136950232
-1691439630
1782903246
-2123052539
-291182979
-1283482680
-1906128839
1504296006
-1778755349
1170719880
1642980477
1462620587
869919666
-287877653
-1841398173
-318600923
310889335
785536349
-1761818089
1238487108
1844092644
1776042208
938561855
-132388682
-251996192
1197627951
1549355343
1478468109
2050581504
1042087974
-33981669
-278533179
1929146428
964868704
-356544595
1894122372
1729639397
-2081563871
1013634648
1145553827
139785942
425712502
1135794189
-149039635
1921173225
937153947
-722252820
810143397
487493805
235127196
80363805
-2141686835
620990293
1429887038
479105505
1371845797
1772046322
474333215
-565054493
-1644948111
-1253211164
411920667
-1484572204
1067946879
-263913842
818919921
91920950
1573406056
676641352
852653094
1501761398
-1708704875
1308438681
-2141523416
126952768
1396466949
-1863331419
350856119
-1123498225
1181252684
-1463646492
1468427392
-654777342
1710899422
1766599956
1621215498
776797174
1937211533
1341798768
2112413141
-673060400
1471067472
1069481506
-81210176
-680755430
-1088537787
389759477
1648372907
-1074412335
-292920584
-675471538
853729116
-728107652
1366025189
-1898357156
1608548774
963937408
-160140485
1862516366
-387333689
410306226
234848994
-2132942011
-1882920942
-1015279570
-685675329
238802890
-1263059507
-773891226
174558774
-2074583422
-1042055588
913558909
1367349232
-1415413920
-2034518370
636398549
1361614301
204540314
1839675030
14063334
321811324
1837104287
1692629326
164437585
-1724055463
300354631
-1565448457
-1915420108
854112471
-1988643764
2051839316
-374688320
35641135
1608814328
1162046041
-91621625
1428451512
351986464
-642824945
-1827368934
347382632
-1974297264
737644730
1539020115
743020442
-1704449977
3860028
-1974618898
1100896785
-661202779
111321019
1533176798
1144771132
1839325154
1558807169
-1954335778
-707307333
-1125844350
1351131940
-495911227
-1926909407
-1977266810
-561256474
2046137118
-425954821
-91347163
-230568610
-661283337
-440923631
1005360827
-787459753
1752272377
100469227
1190662146
-1577900041
-1057977416
-112242026
-207254145
549822243
-1213062324
-1448983896
73786942
-2101554142
536376096
582033024
1845971648
1889345408
-2138704887
228538578
-1325589196
-25175244
604450458
-1470914718
-984573723
1319954180
-1596853834
89935887
-944767756
1465749288
-12001691
-1822344686
456732230
947173677
-875864853
-1662021753
469238975
-124617956
-1090040042
-1763038419
1222621103
245858523
-285010984
-1519120791
747249036
546235346
831238164
-118080624
1769911010
242964689
387723452
1194487909
-2073125754
409917488
-1726965221
862487776
603068689
1690444855
-1069025169
2091676209
86447500
-818687552
2138990010
250037764
1314380136
-179521765
669063385
-371358203
-540279376
1499587889
-68431403
1312409509
-430627967
-10842389
-977258632
-616398818
374087097
-2015198508
538769955
-1664200523
1607107053
-568845572
-1927032865
1484411710
-1724394335
-2091989217
293248433
1465527013
-83835726
1114477831
-163225039
512875818
2042767895
453204782
-2042907299
-238700755
714652616
-375363162
452325802
105693995
853651709
1100997949
-54830500
836145736
281526683
42545372
1641796374
-755147122
-1078248981
47450415
137690292
843696437
-1028975220
694171274
1294715736
-1497515740
281040298
412875018
2069948866
642784695
1337722480
543331067
49774053
1629198787
1949018043
676238713
246096566
564026070
-2102465265
835834713
241904454
-41312062
-1312487218
-1709236663
1560183571
-1115440804
-263784794
1980772917
-1433092198
-1624804223
-317228725
-269192468
-1218562256
1337480281
803782502
249257987
-1601294063
1471348191
-595401780
2058871545
1556579001
-1948930656
150322419
-957883493
1680158322
-541805374
-2032947295
1333628585
420861742
-726973880
-147162907
1801378490
-1554375274
1715010707
-2075516086
1747474268
719534690
920727339
-1476814006
-1560231297
-296719894
1453887679
-1287940351
-311730158
-1784742659
43705706
