-429571370
2083628222
-130664970
-399272226
-1903690667
2065712979
2117407232
1552334878
1675104883
1667996033
1041124863
1605287331
-708241319
506019584
-1346078385
-278500875
688448504
-742935510
1494427104
681037994
1715023605
1347620322
-480545718
-1654797593
753783521
-597994575
-1211839197
-421240794
-1814686547
-291252175
1755274132
1458040633
1114288988
582300590
433790250
-636525682
-270422534
1600242953
-465593623
1029569203
-1178340148
-1515791137
893231014
1371364892
294681032
-2100103445
1626701718
292099364
-946121657
764126632
-1029585631
1880134481
1628367864
1641288762
-1170254084
-535468325
182476568
-1226882418
-1035375754
-1717613713
719820767
1753702335
2129714449
462955824
-1906391747
133555899
-1633962925
1061038077
957622982
-1046585050
1391655646
488287993
-841712663
-1939344258
261237694
1108379719
-834455960
-1258283649
-1462971134
-1524844267
-1715884029
-2095891000
1194606221
244383196
656198518
-1026695235
1691363885
1346341605
807700646
-2049715025
-56950548
-1350315762
-1802509290
-1844932294
-1660747354
512510669
-2072856161
1951820782
1614234843
-2046454411
-646799776
-1336368591
841001414
461855416
2057496050
-710523037
-514588498
136826476
-1258338592
-1900379581
1867253371
-308099950
-829959594
-698827631
-233896565
-473062509
1794650903
487696627
927805382
-1813924149
2050975668
595084060
-1539176977
666543435
-1451463686
-454808022
-2022416323
-524349222
-1298692692
76617039
253094954
-1593466563
1675044977
-1983843661
1098658697
1370030008
-78994161
1098997913
-365264674
1868662484
416552921
605182144
1057305833
-1163679135
1748912742
-1829829109
-1325637244
-286368834
-2107474813
23039075
-1434141266
-572199337
-601012118
-1769674020
-323795226
2055487599
-611248589
-214017002
2059477949
1870343199
-127413622
-2108040987
-79520858
900367517
-1054024543
2088214836
-1221249008
894510017
2090033000
488828710
-1012505930
28101573
814516731
-635422595
-587918027
-333389492
143940444
-753688001
1338404318
-41926235
1330836833
480807574
1424899533
1512552784
-1911837969
428690680
805954618
1953160896
1983004008
1126474887
1839008526
-2136124062
1108475233
-1241493319
-496691015
-341918499
1878639256
-1857101765
-1282315454
766496923
-1961169115
-425671150
870035615
322665352
-42405394
654777603
-715329466
1195828249
975830112
-573522635
-1196353021
-1150831472
1979768667
911247380
2026122764
177218429
1505969005
2070023799
79778386
-1837858681
-879841214
319812868
-2008192743
540428652
4331355
-1324238125
1119616202
1564281669
1357436414
-1106459055
-1987668728
-656042994
-562077075
-1981883290
641452288
-1892403098
1597577306
2062968282
2107417349
473903506
-1225664359
1579099892
-101439141
-1546496057
1609396247
2003848547
-1491197870
-1793213272
-2068710902
1483929698
-1200662122
1599400461
-823545495
-2023317738
1359160517
1849477381
-586422881
301660474
-1290357438
688026910
-2141976966
-2127737347
1549046088
-2104131613
25754473
-1234088662
1216306753
90466469
-729400858
-768878967
-351494568
1023560830
731598641
-754429051
-1875561651
1395200658
-1947348674
2065139470
-133514617
-2097440616
-699077905
-1389299776
-1350691217
1369416600
-1679493243
-1057073084
221559035
-293627659
768926036
-1062563338
-1076919416
-1543486546
-1127336010
-2036050488
-1843441684
1266100704
1465135169
-830580891
-856656181
2029139599
1761412924
1878365849
1591207721
-987120731
-134450354
-1194829073
1979818817
-1174269894
-1422581640
-1483815525
1470740116
1888636693
1005741636
1097866650
702937412
-1426458254
1791667518
1553873431
-671599455
-391675387
-1572980829
-1540182256
-859472636
-1387396034
-626179752
-710959047
-1685531429
-2115458098
-42226915
-291480032
-777753339
1880002666
1340581122
1119105425
-1495919008
851577295
1820068889
-353371845
2018031775
-1324171259
190738284
1352236435
1749410400
-1365640217
-1992036303
1825152759
-320354691
-666043423
1909944636
-612318697
-312657247
1503219963
-1341208140
-781508976
2086046494
578521111
-996937975
122213337
-1874118658
-1417632906
188893733
-1899501470
-323621033
-995678080
-1408783391
1893504762
-211461917
1344062916
75207866
-1081700752
1339393743
1847711036
-847854653
582485885
2037325779
-735297834
-702529315
-1275210527
1371969154
-755531985
864310822
1960169931
-1429798429
-171452767
1008544943
-1298967939
458844991
1963123839
-1996750735
109542191
550675772
-1080020322
-1380114560
1008574772
1568604202
-1239911144
73410688
-1896211877
-1572573284
1856143948
499203160
1529618071
-3607238
1509508904
1778849574
1466540002
336880854
-1042924630
-114998158
-1084867491
964810172
50338723
-1177492827
-800805189
-1002023603
-1132075075
3779003
-1477156640
-1843941682
-524651840
-188733129
-658307900
1557617789
319094544
-1594003113
-337356899
1657992677
-1142968199
-436233335
-21990595
2121052019
1923405359
-1394481635
-1103408712
-116146360
-950513393
35542843
846096201
-1684161713
-1783981525
-1620960490
705132149
1703888018
575090053
1049432417
695075441
787715017
-1671930599
773340674
-1585249344
1514650420
-1018769376
983961861
-274414816
-822627926
1952133779
-2042971694
1734016678
909671152
-1723016979
852097442
-155337433
-185859762
808475701
1856710959
183202778
-2098170785
182809147
-44341846
1208574523
-2079964887
273909281
-2130634510
-1433188303
-1248528532
-1598499556
-1063038718
1550703218
1078505534
-1471671428
-818242902
830576934
-100218409
-1802707479
669537153
-2082870070
1834093737
-103843090
-1761827047
1352576343
740527540
842313915
-1656575116
-1275299934
-1094786537
-1730235610
378359991
-2072873722
-396527639
1948282355
1962350621
205683007
-1661589431
-349917356
854705710
338336408
-903653709
159315634
107119663
1532864585
-2105855595
1580460973
1641686236
-1742593254
-2083330015
2343265
1707114580
2027265099
-551622299
-6223381
893721428
1082957495
2033156248
-1599947221
-782856793
1399162422
2141872821
984120778
-100312099
-953751229
-359202483
-1487647874
-338806726
724072670
-237193575
-1624422004
361946865
-1324385613
-1938874674
-382518642
-1933049454
-1932115588
-1110035787
2116209270
852620735
1210599331
-1685784710
-1614355502
1206983462
1234358314
-1756702781
-676096687
-658887510
2107912655
475593220
193678213
-903483165
-720228246
-636082159
-1883806998
-1190724151
-1180563302
-124707852
-662088154
-747928661
705892768
-1089845760
491392146
-530820251
1979128202
453730342
-1257173768
-473328687
-1821253741
-1223400826
-225077090
-192357763
1686851785
-2142589623
-691539325
-1471177826
2119592688
1141930925
-1440655640
-657447611
-873928282
1849160800
-1099077871
-724657712
-935452217
2011589394
-1623716532
1667669410
-1226723566
-1418614971
1735859506
1578216470
-773531636
-70630298
-147377108
1250510768
-1905538012
-1683783903
858234425
-140543595
-28434409
582616049
1238975213
316363837
-1223152491
-1683975435
1317068476
1330539878
728838948
328371466
114101368
-1812757685
-708547259
-717636075
39117591
-1070218987
541682132
-2007631712
1865165754
-1690085743
1902795956
134895272
1551266794
499472164
-498252629
-109235276
2040692772
1354896379
-1037104247
1907700777
-477371753
-955357818
1653474448
1299115484
1079556651
1141217318
-1609339633
357303785
-1815749179
1770450980
-117320881
1299568578
-1477183543
1941108965
-1377269837
517667210
921458144
-1177414821
-1296401382
852504995
-952340230
879818687
258553223
89305477
1181970838
-262726020
-1911901180
-1749898799
926757952
-1748614034
865825986
1514834853
-360017317
112295499
1574695557
-111637710
-605097184
-695365791
2128300094
-329959542
1431791846
-1975289983
867621369
-1048888386
-440410461
1307143227
-365877255
-35545816
-1378936398
1467330890
-566218719
2127235844
-997551146
-790494127
-2752108
-673049787
-102796930
-1200779320
1076651680
-1924968282
-2066868150
1813420336
-150550313
-323754498
-69588531
826564238
32224126
-260842792
-1741101420
1009571606
327784491
352398658
-1017889433
-1157018843
1720760745
-1961251611
1524173518
-1561856140
-679059170
764867413
-974435114
1310207882
-625753744
815861162
-1098690796
-99503246
143994083
-2107004081
-1331490070
1670327470
710181126
1181410841
1715697673
-560003477
52686031
4323227
-959649482
-2064837387
687633669
-873500744
602378575
1371193452
1502993118
466337913
-1884595056
404924088
-39597848
-1441254625
972573202
950003897
1186884139
-1174300036
-935079531
1436587715
840617871
460019326
-55549570
929951817
228181883
724466956
185612578
-1121162537
469371839
-673039340
1824858948
2120266821
-94049869
1996474596
1669518556
1837507625
861587616
1887793337
789705754
-468299635
1534538333
-849240427
260967337
2049489377
1910129213
-265819563
-730272200
-1832074701
1920966184
-316701438
94522933
-1179688036
-492216825
1742444134
-1114993189
-1581164035
285705573
-1232904222
1909721966
-1901480981
581628754
-2030487425
96890309
790363879
1297935499
-311642558
1092334857
-605519150
-1377655849
-1076520765
-897117253
-233815905
2135319731
1671055616
-35531781
-1400002486
2109097009
-1015152018
-773141242
-937543160
2116189212
1629485393
-1253495552
392726207
-1446783904
1343623756
239835891
1939686327
-329990488
641924923
1491662103
-1939249774
1934493769
1722864960
-1156042925
-1661307271
908215902
-818515940
350819843
171285400
1635868723
-21023041
-668993285
726990283
-866133018
-1217260255
1588757196
-1322874471
-619458229
913162066
-1734066107
878852704
227780368
-1214410288
346397756
-935500590
-134152671
-796155112
-205499506
381924511
1114402637
1045027455
-477584029
-1881812621
476380969
-1982521279
-470105162
-851910877
212888628
1358101210
1252018196
757157154
1270332219
1891315092
202485923
743876921
-1442470401
-133944223
61090149
-1867159177
166383636
-201164566
1733567934
-2018582171
1983243787
1977105639
1208061491
2042025598
237767379
-841763408
1679459956
781281245
718288732
-303020780
1763577756
-1637139144
21917820
1243036521
1194330806
1272000780
1951004438
-824529180
1972133762
-1841567207
1824376
-1472859094
-12629127
-147384303
-1761512187
1719962662
828710159
947079051
-1609495789
-2120639715
-1617699017
-1299414723
147072022
-2047918849
2083895596
1916741738
-1018786307
797330174
-1849489811
526896281
364534492
-24877468
1530358536
1036116615
-1635264310
606559393
772630555
1982109790
-505764852
276969635
1119892631
-1422116570
-220514446
199857514
-762585529
699519866
1514577665
-1757805093
-434112752
-459663489
-1577307951
1434232275
-1049013638
790601746
-197955528
-585422722
-916744338
49027904
1938456360
1880487914
120302145
-1827207686
1765786069
-2033960490
209203953
-1801982199
384800922
-1462841904
1754121133
1655010623
-78031843
-241919874
1816683418
-2042006290
742180784
288862267
-483622444
1879447710
747904506
-1216856347
1089311922
-1745960711
1686361046
1115368692
-1742149299
659748874
1100283258
-957879857
1451190083
-1505172570
-1737737764
564782426
329338040
2051533610
1467086928
-1554542893
-661969251
-656702362
168227957
50982110
-1033664204
-444507176
1344932946
-275963171
761089235
860179484
-450702149
-1417447547
268063463
-1260332893
1528205305
1486467246
-1975052485
541794211
2007198377
-1199253399
392663418
-134121650
1761092324
1433321303
1045572338
1277176389
-1986232928
-403189704
152947866
182847311
1837182549
-196474686
756304214
-1967867835
-1288432413
-1826477133
1762306168
843781201
-360712782
477200425
-1214966646
-1776950953
-1936912358
1888203313
264532554
-1907967822
-485869819
1073326237
1568138229
673710883
440160211
1514365977
1781316808
-1860157435
-11773059
1989163904
-1260672829
1380322245
-418746884
1730021739
-887485264
998873490
1541289963
1602559755
-207429021
-57699248
-771488149
516427832
-1025862334
-1700488495
968842566
-158618423
689283847
636472134
-1239773354
-238765274
1487013060
1736315379
-2040727257
-1142011878
1930404903
-718852319
-1227374117
1739890669
-1305190145
854108249
-45922738
774784177
-299078914
-1436411698
736465529
-1484950052
778040256
1004639514
2002554139
-1739973353
-593265397
-1473898963
-613631595
372061268
924338008
-370598014
-706759659
-1524369114
-2084133742
429921426
1904987127
-894271156
407122717
-403115635
-649043865
-37583730
-1940634343
1939692359
-379002038
2110025676
-124717081
134363760
523413086
1969624403
1175437291
-1397139960
-358623585
1855164018
-1445172077
1780326673
1934903788
-341040564
189917336
-796250235
-200342806
1847477744
1728592516
-573110646
-1681027288
440076710
629377395
-2133443613
-1958435964
-465401973
-1119344099
390011050
-920937780
-122673312
-4982765
-1357106372
-1911637337
719768478
-818053304
481080435
-571055434
1053440973
683522514
402144282
837782006
215244821
-663656974
1163401373
-725340569
-771087851
-1565837231
-248527360
863542002
-1893923085
1476423308
1010427922
-1563646073
-1723607373
1095599602
-898747423
902715269
1831199948
-1853285748
-1109918608
462256735
1171901944
1714893405
-671328601
1490432635
-659439797
598702314
854198410
-2133686691
530356871
1015885564
-1107511379
-1697554428
545557421
1271386787
-587199769
-1636589932
-980884521
-1285569666
2046210886
-1335484876
-646296251
242902842
93622338
-1965434311
584953012
-646081961
934961972
-1671852668
120275958
-445499086
-2093693432
1739486503
-1924863553
-369971905
-1243129551
1987844430
-1971885380
-1033311595
-207069987
-933937060
503867369
1285929391
1570777449
2139779156
-845986269
807512432
1027816215
-1240161670
-577961220
180692327
1479853310
-704312007
1047528142
438643796
1154154305
-1542641593
1166945298
-1158255893
-1127373693
-566210810
-1449597966
1280360151
1218073242
123905325
-204226532
-1250335231
1734460034
-1238425177
-253754920
193617425
-51639405
-1304894533
610020956
1957804084
696346102
-609601940
-361473954
1093395744
1484267605
-2107251167
-1355485461
1657290068
-859849519
-2110403447
1849369975
-1829287516
-70489799
1861990072
-746895052
-111767564
-842709384
-209188459
-1199138906
1772480579
1091253069
-2113157000
239037047
72261099
-833286590
-1135484401
1384369287
1483006246
1291428566
-700061823
-1723610041
227560660
2077144572
1426887124
-1577443513
-1882160006
-309860920
1112848787
-221058292
1927229069
251088999
1825416362
456509223
121687793
-1388497328
-166080875
-47887230
1814709692
-1726805063
-94138695
-784873988
-814156226
1177660747
-265600751
-653142472
1415043653
161066008
-1103309555
-914020686
-1844705892
-1971329844
-600512842
-1660783598
-620274219
923784738
-304364011
170888132
-1727493560
-346527078
-1658908459
1852247752
1643864155
1020209512
1473823271
-772731450
-625127422
52495023
-2145592091
1361105509
-1390570359
784804590
1840583674
-881497636
1839803793
-364267078
-670821120
899663048
944694359
2072051629
1191205162
1445625920
2028462396
-1446918242
-1970233245
1806478374
-92957311
1408235282
-544048457
808592064
766377297
-784973327
-344620046
-1525070458
427523588
400090492
-1998834298
-431017155
-1767512927
310681214
459109041
550554436
388909221
349851329
-997182753
1877479981
306173698
-955578941
54324812
1812122510
1261685098
-580951894
-2061061907
1182293273
491195852
1858106740
-292030576
1684164330
310665758
470269298
519945025
420216096
-1420957603
-1942048010
-1180872976
-877441362
-115509551
256775755
186118992
-174226062
-1430050667
-1138225691
-2110175999
-903840889
1188950614
-931686951
-88348432
1668407767
2059550554
-1986858354
-847111426
840127475
-994125116
-535422284
-1586101537
1925928230
149989654
1281707125
488633156
898140870
1138357750
-1851309589
155121468
932038606
100293172
1372174545
43143639
-2112176727
1810923019
387596668
986240012
2108581456
528432038
-1440184053
-663409444
1715305366
-1687951898
-1404661027
-2110482506
-947351614
1988343650
995005763
1814531357
-1218274466
785558958
-643994250
-1632478841
-814607282
-1716103968
548134603
209043080
-1375477213
1523271504
-2069884636
-1177681360
-685194319
589063582
-153877846
-1540812624
-775226914
-565769480
-874192712
426415171
150162364
-1191722596
1789557786
-1046534326
1565636570
954153884
-474657674
497943737
261056214
-1711828000
1206171402
-1362437454
909423415
-1142023311
-7435113
1113564014
-750298503
218511092
1305211548
121677924
-1284363416
-1039265677
-737203257
-1988422749
-70728271
88482147
1147728808
-1942965373
-246464843
-1800873758
1679516071
-352725892
1872150432
185590335
662931256
1349539157
1597862074
193515455
-1690157748
605378944
-1959705092
50539934
-1071655670
-1191887420
-1988460314
-1096924844
-1364353090
-2038189284
860617615
-1132660456
-1335655919
946086879
-580611843
-1234514007
1562838650
913360672
917386934
1225041995
-921918732
513082967
1287429015
-473635057
-302307855
-1674176192
-1382653981
-25015976
2061794958
1328479234
1095842462
1273315993
1036407815
-1391254636
632987676
-1370496669
1507336300
884839516
1204534740
-1041203042
1064551060
342376216
1933631353
192399638
-224347310
-807286783
899256651
997115705
385452518
892738605
-263711831
1924274462
-1490691146
1417705780
1395389419
1231255753
1520141118
1910754070
-841163154
1190340269
-519869885
1628472412
1091042799
66517105
381612878
646796412
-629965796
-576909321
-1394770344
2120900737
-480184472
-1025212775
-409402175
1214046699
-884932066
-2052695883
-1133772665
1086017491
-1657340231
1360919915
-616426829
-1431275949
-1492259470
-1924688219
-530047722
343810084
-1993081063
-430434985
-705182923
-2129774969
1784414504
1241656839
1187350145
2090564457
734066452
359668111
-510135861
-752270911
1576629478
252845601
752977910
1226033212
1326288650
182330508
681470445
1048123932
-497323161
-1365451331
1083303895
399809117
1459879855
-358269817
1546613129
-1893360359
-1554388745
-1708177498
-1640129988
1134277420
1617119369
-646739967
-335993985
1883868187
1093050873
-144926930
896090990
1057591857
-344344970
1088721467
-973759964
-1311922965
2090449249
93353131
1617005165
1011193237
-1472611805
722968510
1264052672
1751009844
-567453893
40243702
-1494402196
-338318682
916655765
638325461
-953292016
2050866183
-1606238430
1377195754
-147768753
260804183
1404710820
-76161010
-92219964
32825433
1586147017
298786283
456148276
-1733714499
-125296517
-1375989059
1090431746
1311021953
-1381299082
1644527708
-728725785
178337427
1708950042
-1726783111
1752592353
737786042
1199302018
-1491782873
-745473684
-435378249
-187958828
1155977885
-1800325137
-1744477529
-378159910
-1228999878
-1319593863
-238636629
-920328239
2080403656
1886519212
-411292726
1546332545
1767375364
822699001
1380030229
810839437
1956908894
2074498829
-98719989
1541915916
1304211964
1312895626
-2122334913
-1938439081
1812864772
2115099642
189173815
1137601060
1331168026
183653376
1682955415
679863251
-435645913
83789007
1190102143
1846592264
-170766500
-2118253600
-340868816
938834041
-544747146
1505475295
1570392821
890906632
-2043082941
2100997093
-344941760
-1861015021
-1488863132
-1913240340
-261116654
1657261579
-1246658989
-1211107713
294903712
1728590403
-1150234201
305332657
-720380109
-1542961910
-838285417
-216878769
870299727
1700872955
3484604
-906595752
-556304105
1216104082
481468954
1221230509
2075133167
341687555
-565846688
-1201466108
295370339
787665990
1158247791
1930124578
1376840518
1518286454
1575232024
794333001
-535103714
1088071259
-1763615191
1275916270
1351350207
1158893893
507688618
-497178449
1588762677
1208150555
-624932252
1906944899
-448213529
-21896782
500383138
1574901042
553843704
994398306
491595323
-877673720
-882677520
-1481513
-1540639794
713887685
-811799909
1475570724
-473425841
-1351750697
-224793551
328451869
1115026627
1407304906
1626026678
2132893925
-610415033
2116415487
-206306397
-1114801467
-879014058
538610843
1189056966
1462231359
-2023237302
-414248766
-1186605978
-272048542
1503537699
-2027031035
-786158422
-1560838816
-1544807802
1792162072
-1766818502
-1091046563
-237783031
1569235144
2043910182
437731721
-1228883
1386872875
-1585305849
-179936144
502250667
916121624
-788958877
-848780144
1239306099
512785369
-1013471915
-153232340
-602644239
-1165927137
1096648301
-838154657
-422885871
1201988405
-1499355436
1764666227
-1671948411
-1991110280
-144994636
1559690867
1040761285
1429405959
1273984470
1932967934
-1636593321
-841436746
-926321781
1664137821
92061520
1996912199
-576632624
977332952
-427179495
1355509723
456009900
1403169860
43148918
1022610597
144974557
1943434976
742126788
885177825
1808471219
-519878302
1680533122
-1904125692
-115784646
-2099441844
-1686376430
-2105681867
1262094750
593139843
1377657535
-1193677317
-452252981
-1692731871
-87151871
1413357622
1419890004
-503099255
-1894256896
1148411475
-342744427
-744781124
-823258794
-1102887237
-423415270
-1203681558
301177881
1192415116
-255171006
-441573300
1611028503
-1984805238
727760671
-1278792144
1271764067
303619159
155045792
-1820777387
418341392
1987129058
1203955954
-574249864
1752647740
1883211549
-106751966
1448842542
-1792691120
-4080142
1734007302
-664956428
923773573
557055095
1242868061
43436164
-697664855
-1901802657
-1345991883
1536153449
-1864925918
-457824845
1847655820
-2097511979
-2025841613
-1672445246
330492986
-435925838
76721533
841485142
-1923706867
-1400022794
-474685495
-2042401240
1752030261
1732382523
1158201604
-1397291115
-1976738334
1869312142
-567435126
-1128378224
403681835
36905094
1500926375
2139670746
-9439695
1465220248
1512215129
-2085695375
1217959300
1208833193
-687760806
278275141
243669701
1672091877
-486533538
-1252724175
1450436235
1962578126
2055476121
-467814360
54718602
-1144819817
429760387
-718445906
254342898
1226463667
1379606495
500719242
68730900
-1443680344
788309752
1223332281
792351307
297185832
1194444846
-933662811
1070876185
-1802054815
658616496
-1132028777
1148556944
1472612755
1047890058
-297479063
1279366130
1644050147
1276731362
-1917319041
1010162843
1914042991
979905661
-1673205513
-1285783521
-786530655
704355208
-1705816802
-1822773073
-357328696
-591348843
367669030
-17914176
-699707932
-1342258461
-194826475
1408604909
1081348288
1779267042
-488713983
-323159524
-126857914
-1909657099
-838735238
-890226720
246338830
-137830279
-585632954
-676928738
8716599
-1165142523
1715285331
640475378
243834234
-1101798925
334419945
-866586157
171241596
424907295
-544284130
-102505228
-1234733726
-1603866898
726388879
846536173
703994538
-1595460718
-1347106228
37703834
1969887801
-640924021
-649264876
1834129219
1778892463
-155896208
-940513087
1417103101
-1443059198
1869954798
1209201157
1505175119
-720146102
1845336593
-1409500074
-1729041897
2078581209
1799135682
1822225190
405544110
-1570077810
-2045835888
1832471128
-702426294
-1285673878
635967666
-690008594
634443172
1561966947
-2120057780
-421136122
-902161446
-2145075080
-499471887
444418054
1607255701
206393349
1967727209
-1486341610
-807996050
-461303976
-1003862861
-1294928434
801316749
-121678717
924717389
-1444018896
-801123693
565592947
-1081451086
808115416
-907412551
-1473623487
-298959837
1660232305
-739238087
342396616
1908251562
-1888262549
396829164
217719159
-1672977317
-1451146006
1483704628
-388560537
-96431140
-661118463
-1546365669
-1246397009
-517530072
-1240795873
-1329932100
-268247049
-836790641
-2089887799
-1609747231
-52868021
1646716160
-948876407
1539266797
-1474440655
849972106
-1376228570
-458707460
-685724932
-1241890784
-42435820
1789579336
1004142946
-2081300836
-500331218
-1623196978
-478994868
1879963398
-1616958558
-955119312
-713748755
-1410106347
79642411
1038431197
-856483819
-342927883
1448387717
1731193454
597199559
929488202
158672158
124481619
-454636024
-1035566476
-740702455
1153376174
1466544633
1167926548
890480695
-1151175042
393568296
1874255823
156686568
959468032
-1268613854
686967889
133425502
-2035811247
57823052
2100790165
1274027732
-1203834793
-2083651854
-307732894
1740080046
-1817151518
179389344
-1208632808
-1125955856
-1071216627
-553512272
624805292
1103240948
2146009066
-1516494044
1578343152
-554196137
1023061341
1286625973
1150330903
-1419587020
165133384
570783788
-464212616
-2100611948
-1964805144
-1628926225
-1688120430
2010600996
1574069886
980494302
-234185392
449217576
-1186957519
-660202657
1812314765
1469253552
-2122425806
-1605535561
1966341849
381767432
-1359711455
587402907
-228589443
-680281484
-2140490321
-1462343418
1023353788
513933340
1448832131
57301069
963253851
30300997
644942433
-912435856
1562574691
-494798143
-2052232823
358832050
1994942245
-159554903
1186667869
1995370346
-1195369601
-1105152696
1859107397
-2083472869
1159042140
-1973741735
-930072618
1133609922
2008784000
-1666210955
-2698959
1589422447
2052670085
-506355514
-179566679
-694841065
-708422112
1631645952
-1011176536
-1274262872
-1889798744
90892690
-853471278
1764929116
-1367216167
-1755116520
-2130720150
45386833
2081029588
-1567993326
2055776501
65716569
1719015786
1454571483
173455900
961168655
-1269337191
-2051394861
1451397590
-1620212438
1422380886
326082270
1936993222
-234380779
1977042060
-550031598
1376128993
-1560911682
-1645957276
-1923646037
581147987
127985070
-411611193
228808514
54960035
-148992679
-2087428832
760986942
97948180
-276662857
-1527541146
2114657162
128857422
157125906
-1960708519
-370039416
-2009965762
2136095265
802317323
732302917
-441512647
-1447956138
2123339681
957157357
-1017221017
-456242316
1744552794
1828550272
466553950
-1590922909
973467856
-1374838331
-837462003
-1604128441
-1640123778
123908735
-1802587941
1029132494
1794238849
-1591159074
-138797041
1142026441
189768610
-186684872
1225626225
-776727042
-494774892
-1524966408
921986610
-1853543621
1982264697
-469134890
1989047048
1573490862
-512247382
-1624753848
261419165
1399229556
-1666285641
1013267511
1832705833
461123695
-814211156
213535990
-1169893795
-145274532
-2110574698
1564360047
-1462346110
-1230329053
609811269
1629525406
1723938786
2132831857
521647186
-534536893
-1776733082
1414067075
-435085725
1832963283
128288640
-654918075
228670381
-479274577
572174411
1551073179
38059450
1916785048
889610735
267116541
-1209057684
-998180511
-219738550
808771401
-157448895
-680697115
1499395788
250011092
997219543
1017081403
-217258078
-1862819135
-1352614734
2063378984
-1970077418
-507645034
-1369027779
-2036676652
-1409928396
-2065788661
1073052686
1012110785
654790577
2035002661
-1270165906
245970424
-986655224
-260231549
491581463
-1376058492
-1928143386
-124168968
1445447743
824105764
-519519288
-206924967
-832655659
-730219717
155876321
2054730391
-466332662
-1209143541
-116019392
1416139279
-1691673582
1990474018
1718159154
270997792
1044968235
437825811
1335773924
-401003010
-1628054050
-886355863
1607873357
1926481349
1090308484
-75552039
83040586
-126066223
-961912565
1047752118
-1777475062
-2094821812
1031662074
246596265
1646448043
389035527
-1331925583
-1560338016
-1972761563
990633869
1383510773
1169792518
-190170009
-1347606667
387369900
1576393525
-1777256001
664734712
881998564
837538856
-1459496066
-319234622
1802106649
143780469
-972322085
-643569140
1970392247
-1907068807
741004055
898183658
-1955797795
-1904270636
79712226
-49102111
-1608158109
859850007
-23224835
-1794014020
128046878
141841852
-10604001
-254701409
-1837524126
484740438
-851690980
-382442148
1148273095
1905368329
-1007686588
-917926651
1386984752
-1035509701
-685119223
-1957460031
-584270071
-582126197
723489508
-1582297117
1096285135
-1261178111
1638563960
2130185016
332141525
49981831
-1091932938
18660768
-273531836
1682221976
2104183491
-510848801
-996785054
-885978314
-171484072
-507050572
307999511
-305331423
-1428719766
1969660459
1227405485
178454341
1208079946
-1710952145
23591127
279787635
1029315469
-1488001181
-225545996
-1121331372
-615814161
2145730865
-161284460
-1113992550
-1213218188
1528016418
1180256826
-485294985
1053156048
-1585521296
-1050011037
966849362
-1112961528
550387673
-152087865
-1711806024
-133702312
1431278261
-22404130
2021095824
-1576802473
836733002
-1552011611
699070098
1876824920
-1220271777
-304832351
626521082
154320659
-1176859634
-934900700
-2063404680
600513157
1615043550
-312606514
-857906327
-1807393260
2094477072
-332289962
764381772
-544751883
-950528711
1133964170
-1115435666
155436498
-504935664
81978260
-2139058968
671476646
-993091703
1341299582
2142805707
-123232021
-978840030
1052206583
843705241
-273145097
-1595368836
1997294422
967106038
1909638051
1042929964
-765078561
634296734
572491565
-252161581
473805381
-300208743
-224052129
-1498941845
1445991024
-618908243
-1830653200
1191373795
-1009217408
1230216980
1620374569
-557105170
81337360
1761707119
1659740619
1631692824
156584894
-1721805574
-2081890513
-1502568934
-925834005
1409923840
-60692305
404516206
1829280703
-1552026224
804896068
1680737828
1984450415
-1666803344
1548779120
-1032345354
489834178
1119808849
-40211874
1913634970
-2095107888
227759428
2139608135
695172183
-965284339
530088300
1057603350
1095237595
-1210161787
716854261
1844641358
1843018826
672590440
1532932676
-1626341077
1120585370
-919603767
539473263
-1907512313
1932279581
-1602996062
-1111233041
-1356209153
-2012209569
-2054731237
-1210929516
-1573998378
2090269489
649688587
-842165576
-2099046120
2088148485
1189834686
-1404587081
145431682
-1434618499
783543544
1122386334
1489137825
-318750659
-1525322438
-1518505183
-1407982664
-275251192
-1003310781
1710751954
996772326
-782005750
-128669991
-866214000
1301289096
-429832078
-1015231288
1303916093
2009732060
-290782908
434852651
684886707
-1214926106
-1465469332
1957723113
1552892407
-1080910442
2027746069
-220921982
-313618513
-1098716886
1817582139
-132285941
163995857
-785058095
1315277438
-701946761
1782205853
-589686640
836938553
-504603113
-890978612
-1993858967
1161639635
1485556323
-1565478391
-1495122503
1104893524
463800058
-446246496
1380437217
1191535163
1381907943
1667748725
1202584873
-1869849458
-1570367451
205083446
91451616
-1500153807
-22948763
1271503828
-1211417657
1606828411
14648845
-274590674
1791943599
783432710
-1262567292
1887912719
1679640415
-1608250938
1952592556
1367383642
-1186558020
-420909220
-1885276497
506567044
-1985769693
-1536505428
-2070504962
-1022318783
-1556532455
1892403372
1893540247
-912252287
-1590760410
-1294171265
1974242950
-325561699
-1184288771
754923969
852469421
1798373069
-733513248
-510110172
1695942086
581715165
798453058
216237627
-1998079319
1496033056
-1698365779
1952578453
287241418
401835428
1483327205
314780174
26248710
886077095
1323033678
-1553295519
1140079774
-1382731192
-2139156854
130715648
-647341693
-1528887935
-1147092890
1274336551
-1695832365
1069154388
718445558
-599812050
-742002013
1738363716
1749314813
-1930537186
-350293505
1321963526
315714963
2075356807
412340270
-1112948360
-1467305727
-1160219504
-726929863
291213010
-1027417873
-1675054769
741971630
1310842394
1228765377
1738164315
774613409
1306307037
-10040515
879224734
1912571123
1810365979
94281328
1947602799
-768430890
-694726526
-1007969838
-755218465
1309145231
319924191
-786808152
1117509458
15484798
629425873
194863785
76729937
-402455973
214486463
1723577572
714308767
-131928894
-520681461
821099744
1437967241
-1005581584
1730795655
2116480004
1056438658
-1673027634
-2059273945
1003256121
1092473582
-478181585
-706182664
2081984205
1383990334
222982230
180251473
321860250
-1995091652
-479806278
-1614446777
1924041831
-444596825
-900331764
585264741
681275021
262361858
-1690855816
1948187548
-872725283
1393110952
-1749007829
-1840352392
-572289599
1048376100
298748181
-484056427
128270752
597318591
-1295916561
1090305872
-1740845945
1962158425
1000900479
981596864
-1969914363
-444491396
-20495078
-721638169
767136597
-1084288850
-650967190
930009124
-1644806206
1272939782
-1066650255
258195436
479024967
1353809409
-127396403
1453027001
1627684725
-1632387691
712295485
-1369536703
-977532263
-733813114
287865699
-1990791957
-1619664611
-1215646727
2035627723
1250643838
-1223221970
-1292200378
1879437612
-1093417445
880098463
-542717678
-1709505812
-2130139795
-357954292
-732154213
-1485871895
-7600866
-529025470
-440484779
1640553334
-1092507508
-1007122722
959358134
191974819
-804241732
1047291699
-1431606706
712494273
767700366
2108692080
179771417
-797175772
801856562
-754412030
899603224
1137666346
-1793281830
-1397790921
1589811485
1105359740
-813353551
120749859
431923431
78054803
2116819210
2005210311
-34093202
-1459477122
179174620
1020046702
-1740929410
1944192481
-1938077330
600312666
-282398582
-364359872
-977504434
325313184
1933610425
1859729789
-941849465
-1528072112
1739486789
-1853605473
-1826027246
1619103704
-682410491
-337426476
-2013618548
-361739607
98141511
54133176
1741655849
1436868122
436159203
2010000599
-856817688
-980008051
-398517364
-857252496
-1228797432
-870037808
1307007593
1432077692
327120825
1626248900
1229938403
-1704169490
64362519
-1250313149
-711617600
-1240241093
520281683
1852971839
-1000520848
722120219
-612941773
1018913318
799333799
1543153041
-973895748
1660750733
1312981547
-1129589975
-1517810644
1011013132
807265518
-1811489664
-1984133587
1347573350
958127967
-933042935
-128191672
1220872173
-1138670852
-514183411
-1521042281
822640420
1339539755
-1755756301
-401337154
-1185111387
-432473014
-509785407
1235665179
-1006498235
865146372
731506658
1307099708
-1035402123
-85242138
-351774423
-238776431
1733530091
-1443853519
879518485
707385954
-295450752
-1503080207
-1527972778
345443330
-1128714660
2030965582
1244813456
318763845
26139215
-579870943
1674795870
-59943634
1140702850
-1030964022
2046343065
423122157
-1801639858
-1665180864
1652309721
947906311
-2114616213
-1930766231
1026499899
-1415199786
-1988636083
-474826069
156908900
-276591308
-1125226038
1329622978
1446473926
-924837005
-863897857
-2015271725
1448343585
1438131599
-776482700
-521794623
-1363208115
1047312550
-1233319042
-1596235329
518088502
-1407372632
648278756
599640871
1091886374
-879119286
-932199483
1415403657
1456879177
2041986623
1277482169
488163589
1240229998
-1114247766
1766951733
-1131029027
-1100271349
587795405
1827062579
-160246971
2084700035
26207494
-1015247599
2069238397
1515765674
-1623221508
1233806777
-1937870559
-1253029752
-1192925675
-567784191
1313313215
-518753444
-845678037
509632085
-935642710
-1161158940
313393790
-1787900013
-1585336307
-662461733
-653530901
2076736054
-82806206
-506824765
-1926603682
564023989
-1357379228
2008356580
727337604
-870944211
-601477854
422336147
-924696379
1960416829
863789014
-2139896137
-1411618703
-65127631
-1837744171
-1237528183
-964980168
-733432735
533580296
751084698
1775305951
2110383835
1817192891
-1896274406
-1080818895
-1201894849
-59821644
-56526250
1560755506
-1503980566
-2109156729
1632296322
-903372646
770093143
-545316312
-1467820616
-1693238143
1010429633
-1999583038
1123287360
491662422
-1475869941
-200612154
-1114962671
980860437
-495730204
-2132096955
-635609192
492390329
1899477798
-1877542526
1885610935
543645678
-229960065
-843280189
1790500880
1285385738
-1343941038
-1059667609
69416578
555533630
1031496927
1911819325
1495918579
-579879160
1098223520
95265042
-1161668528
768641259
638735606
-583350901
-1629106479
-383608478
-2069780476
-1412213451
-1526466943
-958791663
1929416411
-1087263014
-771857667
1057686846
-1972224297
-575298794
-808379013
-1953510274
1254366024
-894486487
-859275763
1440280243
190872147
40982285
1030018343
-1931919563
-942779366
825865675
-1223644834
684470350
-329629669
2063373065
-791245454
-90600724
-1400412971
-470280473
781177486
-1315934831
363675056
601648396
-757753139
-547436915
-686728418
1418914811
-1869475840
1053408623
-602242820
1132453290
-22560082
-520175687
925681470
-2051031723
-218008229
513549522
1117036747
-1231421809
381474829
1745591616
853601446
-1200574055
793180171
-206053098
-378899123
1024825590
-664180760
592073130
-1731624347
-404585410
2108908479
-1833663861
-1780457322
-1015282638
-962955841
-1751851599
2032927668
-1811756016
-2073927959
1959057142
-612751585
1709790249
-1416345576
1339187909
-2127130517
250122672
1758035777
-1542609904
-1770563518
-1293428781
-502381316
1273955719
-1106616951
-1621543409
1734700611
-2060897786
-1790687551
1707927488
1849548408
-2130862002
-9194065
1335077111
-1321787988
144811511
81891647
1769014415
-1348301027
-1746057819
1819380133
752611202
-754775039
-1637077895
-226215227
1969046904
-56301951
-1686334774
1039044821
293665440
-1232824057
-1129384939
2062570303
13113027
-916806212
-246099407
-28444213
-799617642
1644653132
-363071546
240136189
-1745139633
318893036
-847843840
514697915
-1109461894
-149364835
90872190
-2054540237
-637703156
-1442483535
1248080528
754979323
546917048
356751246
-340128606
-1537791623
-2053602175
-1667507535
1940709618
2019526276
121049488
-1308163082
-991522679
161163339
102236999
1951664149
-607219352
2067609717
1621776021
-1417867665
-358909184
2109935753
-514320501
824217355
-913545753
-179457648
-146036177
-681587494
-735309111
86544889
1107315856
-323735486
-1540682596
961865147
495986202
341919193
2038250007
448709824
-1711048661
-650025615
154833508
-718023807
1879688165
-267958956
1485433107
-41332243
46070085
-554762800
-505936558
1691989135
229376884
-948092683
-1475577765
161491950
-1856813475
1939065500
-527374547
318422583
210690431
-435270485
1226226558
-1413359847
1326435331
1753963416
206729199
78541296
-1096147439
137961259
-1197282431
-1665777115
-418636962
1387645831
1611571271
-1353220653
-1891446007
-695196054
-1721278115
-1207685458
1665689767
-520840013
302064664
-495506144
-553297252
1607969828
1836523646
-272946764
-2064688724
-306797207
-927070984
558786743
1241875921
1444153945
-1099353787
-1789651940
1553146958
1483017339
-546034510
-1032960096
807346947
-696651830
1115736967
1844067118
-931136253
-1144826436
-569526332
765079427
762369123
-797789056
-2100276979
-833683179
1753077076
-426475897
1964513249
2057143601
1844131444
-1272529338
688986130
1236931938
1738238560
-1810421191
-1600256399
-1510544103
1814976141
-314575574
1590298056
1410874762
903652184
1110105778
274548492
-1971643437
-1188071077
-757708800
-1709246253
-1757762205
-320454655
724586713
-1761461757
-783206759
-547278500
565723359
-903674932
-1603735637
-1543448779
1509343509
760430295
334152649
1364706660
-897472094
340228031
-99131775
1762469218
-2042075180
158721728
2111384421
-1725700324
-651018136
1001504429
-1144771606
-314332407
-387452409
1706555175
1453508498
-1428309634
-2143912940
1518470667
406649421
903453504
2115046820
-712623060
-33979108
1377445723
-585867059
-866862783
2026833143
-907732431
1036912163
1920674593
250942449
793020885
-517053313
143182893
1109645465
-400897127
-1447792382
-1095805684
-1858951262
-1625907483
-447847591
-1307257443
1976343493
1212068170
-1344607678
-726292183
1492928485
866701270
-756374451
1375009240
29222772
-849192535
1259987175
1626179430
-103173867
466929608
2052517268
142320918
-1254215806
1464491568
2028565371
-350969114
-114506576
-219915730
-1588352729
17765891
-2130134224
-1835716115
359554187
709014655
1086032344
-137971376
-1850926777
-1692551104
-559469150
1081950210
-293081303
2025389371
726253011
-1740243766
1943837941
173231842
-113009057
-263169501
-420404376
3119323
-408685429
-1846085621
-1914829702
-1487343887
2020950484
-1913227493
1388753636
-494231473
1488865551
-1478663977
-1834289695
1235864042
-1681284655
2049032519
-821803721
1981881407
197697040
285099462
-1961991816
-901330882
-1408473590
436335897
-1245008763
-1476409467
1465544293
1364907202
-2067659181
1045623761
-1517310825
-308998250
-108973583
-1177443919
957885831
604860813
554174153
-1880968580
1693905524
1156533465
-1591479771
-598191740
292829206
2055412793
1345490165
-628633461
-1907979262
-1642826098
1481722319
-1700898955
-278047662
1510680494
63668022
1482971967
-600199804
-1908637065
-2048372194
-1521676241
-1200831838
-1908981721
1699628207
-1144108211
-2078211165
-627212053
608857417
1355843345
447077905
-1144667723
732273096
-1999765667
-523510805
236247890
647095048
70457516
-493269812
1561353915
-35687253
1627489932
-1522672308
1783227050
-1907389159
-371530423
-23215963
-1774643600
1841887688
1001306858
1848856729
-1943818747
1973523388
1855132513
898647955
-1668318368
-110854063
856566781
-1481246452
2091665673
968178232
2123031074
1477323824
-1578612245
-1368676674
-417801924
1648655552
817574510
-1576682668
-80442383
2111465017
-773763387
2135914315
1969405077
-514958026
-1425986941
1491744222
-1741817629
-1286563054
-196371084
359177333
-1395907352
1661370321
223302058
1246013736
681394498
1426566720
-1254746411
-263608959
1930682506
-540129702
-416049448
-2057043578
1772814350
973464044
1750220696
-295347467
1234450371
1169897340
-112953834
258684113
-2113636999
-1222080665
1521313471
-277142755
2108995408
49887049
1974863618
-1412469017
-1047561878
2023833504
1794645027
494630535
-656749855
-2012524621
-2146280625
12537384
-1480966661
682281904
-1378486545
-1932106617
-1830606948
-919795436
1328491840
-1517998086
-636427781
-589861553
1492102179
1365649332
-512883047
-1403628890
-574955983
-1724478137
-2147298451
1301993307
214005010
-647509399
-1115148445
-1079772404
-2030385906
1480746746
1812070919
-302928296
-631257628
1546902341
1618662013
-1977173816
1184156890
1202766470
-1788485196
323524843
262951957
1856582059
-2016660517
1197130434
-1820433622
1965373022
-1447281389
-2147164066
-373986060
1534837315
-944036507
-473302841
-144001369
-1158248834
-411969547
-850353888
-902194139
-1311145097
314528120
-1617257464
-1789770352
804081889
117236195
1661766466
1921622560
-1726520841
601380196
-770926697
-890389451
1786497544
-1292683115
-418827526
323140271
-598194890
-1464488977
-416851731
-96590979
-2021619334
-222922116
1323954468
-1248119948
1298146282
-536778800
-686147481
1367105377
350643774
-157292231
173233084
-1606725023
302327952
-547897803
85029316
420085103
-122461342
-405398493
222764645
-555971523
-1410275867
-608870083
-1451119447
-1472375992
760786040
-1187609914
-590357787
19467046
245603182
-1637438849
-1439951587
-1557992158
-1269456364
2046605151
576584102
2056619274
-471102991
-943614590
140313613
-1936831418
1887434319
1443996001
-1267170761
-902864340
859985914
-1607169470
-601409591
152302995
-1316824761
1126983666
1973638089
-1231473754
-54360489
-9177166
698195077
1757859833
442971548
1429156974
-459475533
2007988705
-56167268
1087422004
-1152539431
785568511
892796149
-680934173
-1151993873
-1668302050
-1199147616
1392601634
-1820577214
1464796478
1980597369
-1817457004
-2075925606
-637802000
733836286
-1326956983
1944522143
216058596
-1473842857
592523383
-1611547784
-1303110720
-457726315
2015366761
1913450420
1493861426
-1077889730
-1045301833
-823128979
362843976
688641289
-514201162
-1942087254
457145342
-740484379
-627038158
-158953979
-1385823464
-1029985216
366318938
-1174962803
1008150066
-1824791932
2061333243
-2134289683
-2059510763
1814668005
-1132538127
4880077
-1556500917
-535171495
-609053479
1794345335
644848629
1880550888
-1602646261
-1454173506
-270543397
1586102053
2115150535
-819344358
167454660
-264534789
-2111396947
-604051177
1426072327
-1451720532
-1393288590
2030436848
2044681825
2047489815
2062269136
2007401591
1132683017
-1834195399
-909523778
-561066185
-1752858879
-26030347
1531430113
1161517787
-1105566545
1247221527
2034591809
-1451452975
1117118380
20203414
301881152
1175213610
1267678938
-1962579175
-1580315705
-689044029
145519547
-678358852
2053363393
644017321
2108397313
