-1046697017
1043910081
1577645443
1379248222
-1139375811
-969151390
-333988734
-1792221726
360778542
951420879
-908234678
174551859
1486644315
-105877251
421137502
1038757458
1790926020
1962237628
730490398
-1362121556
-414145171
1050978348
-53426139
-1424071504
-876579741
1099739759
-842965006
1694805154
-1817582335
1821181343
-447389239
1523440303
-1586259857
14761218
-1034811685
75551296
-1086629269
154027644
-908146268
-2008444270
-1907306933
-2120380
2098758804
785685126
222259266
-1710642214
543512305
-1143196235
-1515702558
-1780424392
1294431227
1251280583
-399490847
1344668999
1336623184
178807557
-1244628193
1978230932
1242522002
1044402987
-819946777
251628355
-1884576698
1032998274
-603568012
883701571
1701174270
1972567342
-54102601
1588103618
-2001591878
1464773316
-519119529
1241227235
1928205452
-788063713
-2039878151
275045038
127729786
451998067
-303061567
1066528328
604311463
-1669857886
-450223593
1011495011
-1408505420
1167255502
5040045
1381751287
624125283
-1893453777
-129358143
-978374606
-1954729859
653230629
641826719
-2035365716
-955870730
612873616
-210236567
-1015849762
1654368846
638259551
-238965478
320135380
-577513927
1388880743
1480584904
6934817
339679105
-2008891019
-1009062103
278457364
-867784661
-1062205530
236790615
1198574120
-471786536
-2107807755
-2006781737
-1833170496
98349934
577314580
-388275241
1442841107
260622071
880255616
988251575
-1535168156
-1565431352
1367399375
1899632586
523754103
728673509
-1293597364
368162396
724206911
297477028
165657541
-1878808585
-2135206181
-405041521
-1486743134
-1645355806
1522300099
1390137486
-222826695
-804592918
-1445009602
-1207725499
1730931809
-783625884
992653079
-1687734341
-1079914683
1203794289
1022755471
652217403
-1814041479
-1482545533
-1193351787
-1073690497
-1017076654
-548250848
-1580625612
-2058758390
2117425521
-1308920346
-568762804
1093860052
1124711585
-1803052338
394340228
47594540
-1964015133
511491252
505632382
1650606042
898093765
-1849048298
-745992115
825781379
-878636550
-1709586405
242955555
1157464657
-525024217
1779348183
-499177650
1747552466
-702893574
-1961578035
-2057007771
-1676789984
-226257023
-1886103115
-1922006082
2115582530
-1499532103
-413045634
-662310622
780795346
1240781668
664833173
-1007553852
-802628897
37066270
2050908263
-511798418
151507220
-1597037390
-1313412571
1558004220
-1573704167
1605896617
-996927546
-2120369394
-239417543
-1403628252
-1795764399
406673912
1977788740
-680437525
-1007813796
-1725561603
1809081014
410685893
-1970054193
-298637123
370691096
-93629943
-736223507
-909740309
1504735910
-163970700
144148117
-1797432254
-1171977935
-1144846787
-1881268796
-416063047
392987462
-751916185
1147683421
613215476
-761807216
-945907627
218040108
-1408691202
-1177756038
-1249727069
548844072
1762687029
-945701352
-1130472654
284842744
610425989
-141484985
-1530608764
1590980024
-1105171752
794027538
-1109180341
-487188996
1120722125
630866775
1029119036
-1214523884
1278606247
-935966295
-1123772889
814599825
1065692039
-1736148616
158499148
341735944
441906654
-755209873
-1399908634
317907221
-1255880932
-1332329443
-537332
-57963870
-1331670099
1012399063
-2065217863
-1573540759
-383002587
-819504933
-1769361111
1895849910
-157701959
1714177464
-1498865050
-1396056463
1376830449
1994456557
1235799329
-634057637
-1885643621
1168376528
-1361109563
429379735
935300866
-495322447
1523324105
1656161132
919713119
-101982657
1118466629
858584137
1051922320
1875908649
-911243576
329501705
-2086227449
-174884088
-1321812632
-1696772233
-921571324
1468084603
995308313
1293272595
245150982
1389825171
-1944916158
-353892074
1551466878
1264964722
-1771794035
-1061880141
635698886
-246186194
2135525630
519112095
-1503633839
-1064340998
-1710479290
-388098861
540342306
-1981337465
-1009636519
-1302228080
1278925953
-609476953
-1722187202
319892899
-474395412
-71223245
-2143914715
75638762
1875595340
821158703
-758680130
2023422230
1712182888
-1277083605
1283731912
-94426447
-1287119202
-890004245
-1869432089
-1935030686
-1045998129
915008842
-672737350
113955696
-1807638629
906063451
1541198380
-1690261372
-64749874
-2140678192
1602377482
-1190259278
661770521
-1611219041
299186902
280668858
-1068248572
728699874
1063860186
-1290101366
-1696605917
1989660414
-1755121281
1171264774
503433095
28396039
1741162718
1884281868
1728141431
1356910947
1023962775
2018492594
-657995424
-290562132
-375382558
-1775950895
-1027371767
1508418267
-1577354013
-1392608057
-294158838
232894370
531340865
-1605708425
-1046068098
-432470248
179044344
-1823571308
-991829257
-343027045
826598254
-1709925345
2119343794
1455323633
-1405971772
669055533
-569919733
-351733840
-831838353
1061075437
-682123214
-290353184
1667343878
-1090285847
150779167
738970846
222200668
1314940044
-1896442685
-870586750
-1418533167
1419514852
-989356417
918878084
1116552677
261960103
304693721
-992303845
1837823245
2067019899
-204925587
749935846
-2008258102
308777841
-968103647
-2076144369
1871538678
135744722
108218268
981957293
1712706656
-312056546
-2146100489
-407266710
-1107612005
-1498147247
-1990432587
-1919742107
-1190837229
1540327272
-1312466704
1125266521
1775575648
-776686557
1349909717
494949118
-1987115298
1808370955
-239564718
-414978641
1488785789
1283363766
-1905069299
828079948
-148254508
-1851361464
-1245498217
15324513
-1295058052
470578493
-811167775
-1523881849
-1025119589
1544127078
-2096782866
-1514252534
-1360221762
710180913
686172106
-1684216372
1263251436
894042669
1562292154
-1295733912
460690935
866936780
-369645132
1971505561
-48538091
379932265
-219641071
-285222691
111485102
1507696524
-900269696
-1624479147
1439183479
1376894829
-500616898
-1059503121
1460737982
-1126457418
-698606973
30718662
-1781999353
-1614497139
1860223551
-1499934776
-100496168
-984729135
1510746629
-1381240168
706161361
1824378530
908043079
-1936683338
-1969030145
1633811751
-1507907132
-1623341347
-1518781328
-1515382
-1215401667
232653484
-97009142
1351658311
-754673042
1496724104
-613565288
1806264230
202490684
-1495077440
-823794907
-1085031291
-1796151766
1774636785
1339400845
1776335451
-1020019439
-489180501
62398800
-537725831
-885155056
-651248556
-1212863319
817982097
-1405259328
-1743174324
1910596319
-505346436
-1264159316
-316204463
-1197068582
117551671
1126831616
1494526757
-260740872
-1520940498
-1725088897
-1556737939
1842721057
-566300739
-1797389638
1509034972
85055000
-852918285
1236166014
-1037408624
2057756180
-2103168360
-1320450163
761352635
355566734
1559143793
208706193
1765911942
-1672134308
-14297151
762285389
-450209231
-2061226753
-434906605
1832450581
-1850017922
-1120905672
-1377552841
-900724608
1432532559
384064736
1651004297
-290572709
232267918
-2058721799
210197368
291912672
1936390988
675659007
1059676742
-904626393
781166380
1169471108
-727328756
-1709258021
202744578
624273403
-944142847
-1045677007
1601246390
-459077421
143170554
-1218864106
1452899438
-1610084153
326472244
-1992452185
-1233259028
571500404
-1663179951
2131987430
1009888307
118143275
-698752352
1872418985
-1409719439
633292040
674050721
2040786645
-2037564136
-606554045
-127295545
-1021080116
-328197555
-928060731
-1994497153
-919083997
-1989132154
-1507307266
-1542843535
-493713512
2105222253
1969239797
-991575803
1165326403
1177059083
-1727194976
-1882976984
178299658
1006571810
-880563339
2003252303
-630155431
2042083545
115895616
-1541581125
-1203346413
283753886
1827327031
249725183
1968951235
-2133494201
1300380747
-1032046401
-425304042
397454714
2060897728
-1254452807
-325131123
2133485647
-654042881
1581715209
-2031454098
1477571379
1409192874
959042728
-1673711621
-1050191601
969974513
-843977419
1335747814
-1562793816
350617379
-2114607113
-491399677
-468079544
242302088
-1276357854
1749945919
-1750206562
895520109
410179161
1170720464
-480284702
-1340862081
-1432293004
-2055456595
-668749252
1599686236
409805698
-909930176
-639828890
626290023
1559854609
-1070989734
-224560241
1144650459
1841555628
-246086297
-543808126
-599301598
-1701275483
-745891358
-1648918521
-947137689
-1731346157
-286349558
730659465
302431849
-2059682018
1923285206
1933688312
1319841426
1440040569
-868159451
1430787824
-1691069368
-537439696
383962681
2013978139
1722339202
1807801763
-1352178842
1436713682
-164655203
-1287738927
-762
1677564938
984767599
-1774742823
-256545105
-1333320851
754408604
-315999810
480211623
-866992441
-2036585176
-137034134
1733107096
58309539
301096525
1638778357
982800767
131703093
-899257969
-1052874458
770284522
252673146
-803769076
-1833916615
750799714
-476493154
-2066253800
-1037399838
612861989
867771805
-1674537719
-197517422
-1948365800
72095531
612744270
1773071608
-1630202373
1149285848
-1842221882
-182206774
1455592414
527954031
803906895
1399063236
43253971
-2070107233
1860131740
-251406608
-36099612
220534237
-564589493
-550348248
-1806217657
-1627728504
-482723786
1413611737
1424838351
292910413
-51322104
2044391945
1413931174
1764012748
-1267636461
-1484279654
2105784121
-1549888645
-2081803679
747410639
-1747789453
1293902794
-1202863864
-335619569
458331692
1711801480
-1311676222
-1038596887
8440803
1210657413
55888316
-1374640808
194672555
-107973513
-611387218
1352055111
-1958953117
-2039055583
1260107307
2023109462
1736370986
-734314575
1632913210
1049684446
-1227357679
-967795607
-1803238620
-559058382
-796525039
1237883778
1640491663
-352474072
731892542
-684206004
-1025451061
648282583
-437549508
-2097525095
-703907733
-140091487
-516575758
-1142211492
-2110812137
-1129699213
1216167037
914815372
-1166859104
-708531637
2064898920
813165134
1408719701
-130033926
-1039096039
-1795297454
-921800812
-1662302933
2003252621
-1749944196
997210787
1804451235
-52702137
-14836281
340993216
1686886601
-685166203
-1648827802
-1560636554
-400789399
-1237654347
-866220501
-2121438927
1353443764
430148135
795445548
-1709413867
-1600414837
2142004738
-1649097309
-1142318582
1117443324
-1060650372
-1059077098
2021582875
1403734028
-267485883
1992961463
-1171014912
-1497703242
386168899
1063878925
1202074361
936980532
-1637424763
506653906
1520841948
682574972
-1702721936
1972204831
308122225
1967399949
1589618238
324978374
-379460611
797015530
1156839337
436690174
1578231580
1435991526
14865890
-1085743803
-1620478253
-477141726
-497104696
1021037954
-1617661723
-145709356
1073667158
1663567977
1228545125
676629833
-863143076
1206228002
1912595852
1031842604
-1451376271
-1365131475
1297842892
1684053256
-1408272345
1384032127
-1279666395
-377757941
10040192
-717123599
1015096758
705477388
1391673761
438740954
1925868182
1210684110
192242117
1899440378
-300487452
-742258043
1621390963
-1941377127
-1090232804
-1595549798
-976443661
2140991727
-313320788
-287098965
563586046
1870934982
230121414
-1608035371
-1401551948
1221144413
-1540912521
-525659083
145615058
1695921295
-672746503
1281042346
877685027
359384372
1118584644
-2003680288
863659831
759823815
-2126631958
-1347886710
-2040736942
662336841
-623033820
-1005717266
-1512863833
-736807068
1665100839
1167098534
1242641350
-1943159598
-1983524676
-1615216476
1280969553
758449663
224494351
1737790326
-1641141258
43006957
-797779002
-1304535094
1625288344
-780272809
1746718549
1751271477
1604425679
1617079833
1883690384
-1786265809
2128157586
-1590257970
1847408257
-920013470
-2059409357
-1789496646
931713147
-1290016733
-1858081654
-1449011734
-1676366994
-115862464
-1503769227
-1428118119
742976893
-1599794949
-963150209
773543126
216532173
1529222998
-1181240866
-450377886
1827936928
436255121
-487205981
2137456350
1966089121
-492024079
-1203338196
2009986597
-281992831
1046861762
-1690319396
1041649398
-699831870
1936694685
444420622
395949526
-18807343
376706030
536922438
-1624956876
-831815590
1444396208
243806889
272582861
6075352
-1858202246
-1584890194
1278217810
-528257430
2118242495
-431947498
1808570439
-2109079827
379641681
1647842841
-2098829779
-339083450
329322023
1941989089
662285539
480374783
-2055586721
-550928069
697935432
1347451157
-1411420795
-164252021
1742714661
-205364209
-191874027
-1298500095
-1458794678
-352476334
-416255938
-957377014
483960822
-140182861
-717504792
382025992
2112078971
682958158
-1379404552
769620292
-1953933022
546657429
656937682
1527867427
-1638269877
-308083541
547822623
-1541280617
-1017625128
-67067406
1153015760
818289880
52019404
-219812894
1819360353
1381347156
416469806
-717717220
1877845090
1873313508
-597770189
-1978588994
289072946
-942956993
1606625435
-1488769800
-1346043379
-701518157
1052814683
1799439071
-561709751
-1093046767
-1007118213
-837616767
-1098114596
1413001192
1565110337
1337797177
-690629855
1104754166
-830170993
515845187
-1047414565
-1570497573
-1195743607
-1604510318
1789027705
-1415591408
1533954682
-1483208992
1126110363
1132962838
102593528
1815238919
-25584171
-848042510
35558469
-634369649
1875040178
-1864538920
-250830089
824763527
2091099898
-70244571
-1190737701
1253435288
-398377417
484116370
1212781847
-1113736618
-962113162
-495331418
1262739598
-2127292455
-1849998774
-1948600980
-1785986169
-1759298164
929531925
-944338842
-1925168752
-1835486396
-1377904502
-50341439
-1683517536
-538050412
181064813
1437236169
462821499
1486283615
758267037
1090630814
-1200938150
-1448879187
1813967700
405397544
-709607222
683745474
-1647555156
1741012295
-1310989868
25645932
548043108
-1668883889
872922461
-596344419
1359739620
-1594633037
145598416
-952545480
1075742590
-2010750977
262914297
-730900433
1394655222
116279307
-2078598092
-1937039411
819629891
166060653
1877100230
1680679248
-1753861737
-1361599697
1300189322
1377490362
708061085
-1046755135
2010593999
-1167998232
1297390081
1133531952
-1672285824
-239867933
-751505100
-1740850536
-1653591418
-315745675
-1471634064
-2066343721
-1519450263
1823353343
813730554
175094403
-399854275
1239931785
-2010898778
1055869725
985089723
566563611
-128674144
379261062
357242029
1770962506
1420409704
-1299453519
1250816143
589386773
-1881879266
1454638233
618517875
-733413903
288749823
-272203915
951272229
-2104574431
1762992943
-849647317
21866382
796993355
620169400
1517212929
-596477347
1863874888
898891218
-1794050662
-1450184989
192886587
-1803170716
1762161439
-901881794
1820691172
1695971019
-276336453
-2077631559
1721174326
1911677657
-1289292467
1897885042
-1032868826
-1256672993
711175001
1200624445
-448391739
412271727
-1894634434
2123725256
2112778384
692338076
1844464302
849537023
-1881505529
1647308675
-774107047
-305201998
101760123
-1583444146
-779066645
642327156
-1619166932
1666327799
-1068334023
559406532
1352567699
1734443019
16441782
-1888790158
-2051349253
1691333808
-495524053
1755436347
970786645
1974461673
1418250407
-154019146
-488611251
-1058678249
912619443
1560829044
1599008152
-141020478
2116040650
2057773921
-1865575281
40970393
852919815
-1808650640
581650177
1897345719
-746174432
1805707383
1091552068
622266407
614692498
1072846935
662990221
1292682922
-836651491
-971919521
1851967617
494027191
-1241934733
1980422641
-1285987573
374652354
-1887937493
1164244582
-1963896976
-527131711
-651906053
74634798
-720668769
1987426539
418479398
1590160700
1710121677
-93354302
-467950285
-385723488
502415425
815275859
1822875359
-2046771852
-1134408852
1660279228
1698199123
-1113223940
67624252
-1279843601
-61950823
-1112120567
-901464399
-1442275660
482772556
-1401302627
-1176006481
-1958882060
-1568122481
-1700064044
2050907414
-1031737549
-1840224448
-915016191
1721279759
-377337250
-501884052
-1884603113
-2085912407
-1394024250
-271085308
25187402
744465315
-1009725332
1305236689
-1909259787
1606048651
45449598
677372837
689200317
1527765767
2079928609
-884664366
-972268041
2143184498
-351017871
-226952736
383366726
2140616106
-544208955
-644241287
-1805137784
-1743577305
1385905719
-894481496
550432499
-1078042544
1498817891
615810882
-2127466886
606607113
1467355501
84877475
-991314827
374816912
-1921514167
1962986398
2141518464
-2121248375
-1143706826
-266120530
-1068577630
-1856783530
1033326986
2055376496
-2057179727
556724908
-658952267
790224981
1518544373
-1468085405
1037072255
161621138
-243103732
1457208716
-76253548
-1141354660
876156940
550627272
2016300097
523512145
729235694
1091953367
1348269952
1980358457
2073738281
-1247757713
2017313073
1753766125
1470680989
464101198
2107279018
-1141797994
36963762
-300603758
-1129076623
461978395
-31276095
290531912
-653024953
1409933012
1390305970
448110402
425101673
-1573479037
97037797
1237087276
-1261434351
-788753277
-1873810347
1945095649
-945912510
-66789823
1960302587
-2104544006
-1788709435
-1279521813
-1758451856
-1209956184
1623018350
-1091893656
-38302251
-80557373
1177241507
-951547257
-1730915082
1926895906
-536863202
1361687674
2103047597
-594188244
-1484366351
-1779741051
637883012
1397609135
-121772342
1276434161
917469342
-1892642064
-1019875720
1657893191
1802570454
-2026505982
2135120557
-144034118
-990987480
-1561267621
731673349
-969893404
866743887
639039139
1617899335
1946079669
1957897648
98135503
-359160343
-446726233
483601270
405201774
-1477419303
2077033782
-231473923
1199283011
1292799610
1133264015
1382383475
-1068606701
1633189100
-1800566649
18221756
-1868595777
-1467703920
1392144334
94254742
-335699052
-1267459381
843396964
1083823614
-944466975
-800859639
1106456651
-779434799
823141321
2040216580
-1963873155
-718771275
333854299
1341136197
-103756000
835264057
-281531937
-1494492438
-759256073
780187450
-1846720910
-1449828438
-372217316
895621001
-1616051755
1671462166
648961515
134703818
-1762055039
-981265119
43208257
-1587587426
-82486274
1123342306
-1310828314
788232196
1330259572
2055641495
981084743
-922823940
-1024982143
608863469
2102623336
-1869539220
-547953075
-1789481603
239341848
2074469959
-1464015652
2055194266
-361325723
-1875548692
1872199843
239206985
-1264890798
-1963594549
-481794979
1219124368
260830919
-1401126066
-1269847266
745723635
645529288
-1784384011
2113602728
-156735429
212830185
125588675
-1812837636
777626745
-1315924223
-168229672
1434410292
1010393417
-148890851
2106968159
-2013768817
-1357850021
-2062020169
-317562710
9461965
-980346321
669202984
-1813074278
893711549
1758178079
-1933964198
1716876612
-1713245165
-526986078
-1844713791
-1373756720
-2106517121
614590670
-126310517
-123223132
2098582522
1984063006
1143874837
-1462926398
597177954
-1605701259
62929313
492266094
-1913205687
-808883101
1607030342
760216596
746612745
-224810074
-385035993
-288190873
-1904984549
730763762
-1598856473
-797795635
-1153965656
2144047860
1926072156
596691705
1561851488
-234560876
97432962
1426521049
914467723
-553855878
1164944049
1674547891
-1292872611
1861824468
1268057362
954892426
-324292211
710114133
-776238769
-1962633274
489209896
1341359488
-1337921655
160176147
413671842
330542373
-638745713
-534276984
2076864813
-861753813
-392141749
-617441268
1954814541
-1072761200
-1758179713
-768234507
1147110572
1250150318
1138351793
-1534745359
-1986680534
-610228289
-662733212
1351637545
611476536
-2127042653
-1146195832
773532323
-537192090
-1851178784
-423120590
1763308775
1696824377
-1590046743
369269903
-1140103963
138777153
310046370
-1774546666
1882307605
-1638972821
-1025133789
1270350076
-1781696544
996738451
451483324
-1359698195
-1729004994
-587297699
-268105416
539087352
383686815
-162828731
-2140343194
-1020068662
-1907444465
1578841587
1850766292
866001950
16106900
-2020778285
496059613
-1675194252
1342270938
1671632869
-1919307034
-484571392
1590038289
-10100783
-1703476252
-1579969051
1347580438
2010336830
546285856
-173641822
1687252944
1386978915
1971664958
94800332
-1842136100
-1492791587
-212963205
1880355581
1645098348
-882545981
1620430901
44635148
1363239532
-700755977
120422064
-424980354
123795685
310118078
2133954070
964737595
-1885889882
1636531859
394123711
1262537860
-181590240
929514551
1387070643
161571364
-1081194606
-1695185652
-282436500
-2046797083
-838985371
468743075
691577823
-866278331
-1580361000
-1756700269
1668025021
505452905
-980763169
-1822154100
-1254763275
29290066
1515406664
-198275925
1543796350
-687170994
-124399584
1439509007
174270290
-766544464
-1320306860
-412979285
766522301
1841331907
-1368612454
-1592586915
-1632531241
-1002440197
1861153169
-186832064
-1346151090
-1853038227
54948391
51750973
349480552
630413184
-1013390022
509750760
-501077689
-901443356
1627805825
1361063305
-2032131985
2017061315
-1207606099
1016470135
-1392013947
1034426935
-1709065525
1112372652
-1081860263
541507067
-1286888469
1992916630
1078719526
748987236
1890408198
2075630891
1354415128
-1347906159
1055213852
2079578431
-602013683
-1869638175
-774710371
512553753
-1091006305
1846589605
1393888521
882438467
1499423074
2006292758
338759642
291780512
137516137
653367433
-1605309535
580025284
-1676166641
-1628349216
367561838
1332357759
-1505130253
-624999869
2089935988
-1997008197
917475908
1353757712
760677357
-2126354041
-860735938
-1411669745
1437289275
-1012958349
-387621645
-1173192982
2109938511
79011613
157529934
1121489115
-871651250
-353420020
1370393684
-960010841
1736102513
1367802044
-1587112275
-252067638
-477550292
-33716487
527873635
211772147
2032565394
1527455088
-107906328
186672562
169582839
1379231618
1181665629
2054037103
2119321814
660208731
474424081
1384823966
245766389
-184790461
1222529095
1278220080
91249350
1446415155
-179866821
-1005494964
-2077101808
17954475
1772668775
1035640382
-36343090
-1157276478
753242370
-775136081
2017300567
-1499175298
-1250361143
343974166
-596498754
2121054053
-1540026368
-565559442
-721377925
-900559788
725915835
1614169129
206219850
1970795406
1946168921
-876430236
1120401235
-1399393769
-249988527
-1050849957
1307518858
2102929987
-124182224
-1796255970
-573913768
5560201
1852273634
470048388
259434363
-1273220196
-455577297
812882528
-1608796119
880908476
1496832904
-599588878
-1262581125
1475999048
-1898289404
1929353888
-241737207
2049205400
1074086820
-650347803
1039175889
-268238583
-1454536738
1066772617
1777487708
1025917784
-567984295
1924367378
-1198427357
576619315
1684283892
413027194
1934141230
1538026765
-1795803380
1014543905
1838811901
1164083505
-2118457090
263445509
634477484
1693904921
-1203548950
-365044689
-849540271
1244030976
1053205178
625997424
1737943720
-1912756298
-124759710
899157069
-1338291982
409529010
429581160
1690615095
358067737
-683310483
440387495
658149887
-1586982121
-723308307
1545329231
1814817672
-1141916519
346560671
1422195247
-2085312323
-1891427361
-731687574
166538806
-1690978363
871258597
621253376
693378870
456918645
1795125447
793261174
1169156587
-687766010
1127806817
-1389829866
1019383100
1666070023
-139787467
37259892
-2107541312
-1402312044
1121830033
372129726
-997654653
271761864
1187463409
1781490264
-571624695
-1653506961
-1451765855
1701580712
1662642834
1537748480
654261414
859296813
-767165793
-1850738743
1153873374
-1064174634
-469901132
1162199916
398059110
41030545
42952544
-1258606455
-547625925
375549985
610797178
1616652732
713741347
2101071412
1245316012
-1968941878
159344589
1903321012
-1724606667
-1302408682
-1715234249
-1869227427
1544755434
-1627521191
-1095872945
-273982577
1334016381
-1138740847
-1045974051
-2061421212
799312897
202480186
-1420519777
915011845
-111090771
124439483
-1744503883
-45264327
863193567
-106000093
-391859905
-2125297602
-1808920476
2042694932
-1271745468
1418835932
-1158757386
1547523071
514756821
330701494
2059141893
1011742097
2008621170
399306723
1730378938
2030053740
521685675
-257828420
1095392312
1079022361
-299652086
2015544567
1501733924
564908349
890914608
842181876
-1914945945
1183599627
-2000706499
-1426861738
-665795534
746714874
-1717501323
1158099158
999637570
-678954569
-246841313
583556435
-1400013468
1767339099
-1263117136
-1771438804
2081454907
-911879456
-859129559
1850248658
-379169983
925918161
395606716
-99730536
1440975883
-916576703
1848259509
1402725069
-41514800
-379845891
1694774936
693669388
-742405333
-685316860
640759685
1875510737
-422179553
1580885303
-1343676444
1131300175
1944287068
-707658420
352778301
989259905
561608640
-2062158328
840764519
579135359
-338887648
325878957
526691812
-745262318
1931810119
331008944
-1610794869
-1339292022
543311422
770224814
-268157593
1541538510
68486093
1471531425
-951388193
529229491
1191061569
-736318642
-1140100842
106494097
1329356656
-496659711
-1706953324
433026323
-2146054406
-1428153988
-680148699
651663183
1400733393
-901296852
1107690753
1983778326
-530037254
223517086
79604781
-1079184756
402472852
1596535345
1439334944
212702202
-907408359
1989473291
-783376472
182103266
98788067
2049766224
-564837874
-1906813613
-1445021710
578758545
1047294072
1898464895
-770049556
96725890
1606357902
373703562
-1378702236
-635616272
1823826784
971094948
-1310858658
-183557647
-1114386553
1338440025
-983114478
-268626852
-27409015
-10783961
1563579120
-1521673093
1874065794
-1498017456
1394647780
664181247
1790711039
-1651147534
-225871909
-1891663309
681177133
-226243500
1118806148
-1571203468
-1948206798
-510123903
657727322
1102220768
-1075532326
1916536859
-681855262
-198678962
1161579382
-1184646296
1349154353
-644853635
-297133824
-1123711567
1770850737
810511247
1083600771
93188043
-1191193564
-1893088329
710075577
2144567285
1990202343
389695537
1691827189
1994793701
1746114683
2074061938
-1081999037
2118357532
-629683135
-1938184031
-664456499
331041665
-179235196
1821723973
197762175
1373761070
-964699715
601775678
387566062
429723780
1200656913
2006378745
-1452297611
-800201852
235984925
-474641953
-502365279
-239978655
585845750
31331597
767831502
-705120944
-1402426261
1366267466
-1782278383
-687971677
999595660
475913269
256546905
1886961941
-56039057
2101084862
-1050072880
-1624170393
453650993
1732292823
943283078
145421611
-124959685
140770666
-1338502319
-807909153
-2056449594
725757836
-999255826
974952253
-154396512
292408819
-197181589
-888165168
890652463
-91311707
1816814281
2054642378
-833421898
-2007822350
-402354980
1745359892
-1296570409
-166547548
669449334
-1863727193
-137270696
-1403798156
-1966060860
-1124103142
-929191639
-949750850
-1462367497
583397499
1128491429
1546652024
295583782
965019233
-1881254632
2058263648
1648348530
1204844865
-76652671
1892878964
83313770
1898006272
1586517656
-1487933785
-101730895
771354058
-578691822
-1850198831
-902469666
532620065
-296528350
-1056376602
652384419
1367107640
525239619
-778721942
83143728
40701825
-356456908
-17627868
876244697
-1281915004
-624623292
-384484335
1404194037
408026866
-1214890033
10476443
-1715886839
-949701126
-1716583161
346457611
-1998809050
-1058041638
-1498870025
1024447803
1562901647
-2122465352
1758749637
1907587214
-1479190882
-167014478
100224823
1382530596
977468391
342866226
-838978440
918682442
-1683438435
-1864712313
1718761498
-2138011600
-518262988
1765029297
948569694
1229734621
-746907064
591854715
1009531315
-198521498
-184190787
1344982479
142550396
-2091254947
-1360092122
1869261125
-2126378730
176169608
-663572118
-1135806980
341307161
1914979027
-352031836
-258249299
1418378460
1650211206
-1133913781
395715837
-1443809730
1984852922
238645139
983450897
-1513424476
1626854409
-596862959
-455456153
1666299965
-176308348
685927589
752803044
-517001588
-849377815
1240976787
1887737128
-868507353
-1134978795
487077363
415515433
874570172
1207977911
754774603
1190693375
-1044766636
-952176826
122068346
58516732
1976110299
-1354507980
-386463785
-2070976001
-1457713953
1731213155
1349512345
484171017
-170817128
-177802280
679287160
-664016624
404003368
533481390
1710681236
1579258387
1949797922
-2030875316
1802783894
1084109934
1272912976
-1437204006
358711060
80323951
1296120240
612854256
1447264570
458377512
-642065216
1092013456
222676645
1186476422
1961373947
-36290730
-1431666030
637704866
1460534946
-1247419667
345235255
778066007
894126783
-284645691
-2061580432
1760102675
1408660326
-606182142
523118238
113123826
-1007072194
-51732553
869253836
-634902520
-416022721
-2104603565
-2062412526
540912382
-1440303684
-1886494117
-1095449538
-1184443169
916344228
-1977081511
1200858544
15311667
-1407148284
1984905748
38168708
1104682317
-610724401
-1459517696
2121092854
1132141537
1418634209
1935564791
281385474
1441363417
-1086828735
334009641
-1129936053
-2111527320
-2007637850
-398250671
1748115773
890323038
235304508
-1860566231
2073227637
-1422736706
-1875968345
1073331743
1834141023
561488525
798941256
1927422537
1617681696
115056108
-717139778
-560403563
-2039415625
410233961
1116610734
-1770870716
2135336798
114827409
643104711
-1314240872
581578038
1712770761
2032827648
-893957685
-1805029598
-1314894499
-1150400732
-140649917
-185041678
-381640231
-665423473
-231529212
-1958710844
476376983
1440989497
2013511270
-1403702618
1391786905
1163871731
-902759417
-1871318144
-266298984
-884882447
829782530
2090247728
-1997646244
-2073448056
-2133835936
1525594102
1733948238
26004791
1968780750
-571752174
-1733916853
-987852821
716761232
1303186092
-1955505990
-474677378
-2065121611
51842803
1431291104
-1618369152
-1199561588
-1831053433
-1181497230
491564602
103176278
-1463067109
-797442709
-279153681
1124585020
1451709270
-1599266272
2094266981
313089923
181137402
1515224465
-804839773
1700968701
-709184441
-84691711
-1272217861
896318658
-38651487
-1680611641
408510282
-502805728
219576944
1055333990
-822080130
1745430223
1719350343
-1438353957
412977752
6154345
1880082503
1692170294
524384882
50672920
-1958855227
-1464034964
174039939
-420828016
946162474
-1485711510
-1879672350
-1608170944
45058331
-1446258579
-1789754808
-1246890557
-1954008103
-696051056
1191152601
551886492
1515200233
140118182
151324261
1265909538
-369377545
1836714058
1050343658
1720029881
-445813258
1548408115
1868127325
1881787202
451759500
521387468
129752745
-866668076
-1991087187
-2070178557
1743802871
-1787257173
210177413
-235573920
914770992
540015712
-984857445
-34246310
-788874561
2117814874
-272682445
1521118437
310537883
-1473555836
-1486578445
-504505265
-1641880444
-460421568
749059272
-119172020
72928652
-1070614886
-655138550
2020562767
-494920744
-1517577280
-1435314979
-1088426982
-483813464
-1127030862
1886004699
973375896
-20561772
284532789
1289203951
1424927722
-1278148841
210803725
-1074062973
2130683583
421751377
-1167884438
1985220317
1974110440
-1532320248
58393506
-352484410
-591911637
-2139251473
-1867459040
-711836564
-431860650
279321387
1489926812
-1506683255
1599653015
1627557138
264215692
-1039421501
1582492171
482240053
554927065
692538965
1677190292
1010529440
399810773
-227004433
1776185070
321299551
-88579219
38085339
-738972924
-350816444
1427689882
1707707744
-633544832
-138562328
910987549
767117163
-405833056
-1935993106
688478315
-306845078
-702550448
-241502834
-20448539
-1865499781
1694644596
-1473169327
-1226800053
-401435706
-104582524
231083801
-376957070
-1263703258
2139154270
-155306140
188843061
1518430478
1101637206
-1888759343
-521353047
1824890794
619578514
-1174893598
1454436756
-768420540
-1418889835
2049057282
264179230
-471269399
2092058648
1169063370
-643552567
532567883
-1851843552
1124922495
1321961374
1716723945
-713742772
1659791839
1882291624
1163106925
-928328593
-1644799204
-1722103898
553887316
229615454
-2126309848
-1565842949
-1278861613
1815303690
732668211
946959849
-116657415
-1034711600
1047926385
-1079049218
1094021648
494199823
1731295264
-1476247091
-1884133047
868273403
-1450557239
-881500447
441710487
747350960
-1885260859
-1266965266
-2104673318
-561819766
-908054014
-9951414
1301168448
-944278861
1958811399
-228887142
-118043160
982715900
1605820981
743261648
1972697031
-722037264
-55988145
2092058964
-1703042097
-250579674
-2022028997
-1869766271
1997230925
-1953343529
-250984951
-624908462
473031570
498539695
-443411660
-1688012196
995894229
1014398695
584995624
135793407
-1393400489
-561984109
1151493380
-1527344168
-789091896
-110214088
1000739744
-571885959
-1424272407
-1993156447
477147345
-625299620
1601863282
-190803470
-1552670485
-2022877932
943217973
1540340989
1272879751
2122897092
-326841214
-2098884140
-1151197563
1049193941
1906078413
1646730910
1823272020
508491491
70981774
-1529902162
1279161968
1227335159
1325472360
-1744958255
-1946641620
-1722463749
-155494003
-612297753
1904551345
316593002
1787776608
76126388
-1096557754
-1620635066
-2113724069
-676689417
2029361361
1239211855
1072950834
-1456096324
-48413539
-714595215
1846187320
1112073966
660052060
423262333
-1033781502
-1561162193
-298383504
-232701412
-686426551
2013256684
-1824438939
-165505537
-2086470636
-897462869
-855625534
-179485605
-1602242026
-1859567449
1324361217
-126367340
144471892
1971237789
1641152218
305206840
-797101302
2046022120
-360234553
1658937902
1373915599
-1223025717
453199300
105414446
1671416055
791363597
-263958953
-781558157
290329656
-1530594613
-1376525361
1540472239
2098512271
1837337993
1551756240
-2128859329
2140065636
-1337777015
1298286094
-2025721440
-1226467092
1115798880
998043991
1178552864
1197092046
501244613
1849490647
-437496104
-1145378295
-144977492
-2021471849
304843737
-2053404908
-87958637
1214406726
1667649444
1105454918
-1083565542
-1718689988
1557293792
1890345592
-1131558951
-1124055877
-227393722
-173776152
1828967021
2142574967
1634531807
-760578721
-521963052
277200728
360395889
-552900714
820056314
1410820221
-520635850
625963221
2019406739
-229049724
1777034191
1439981789
291243307
1070883336
140918391
-940842744
-2045162118
-1597826454
-1998097797
-1542138963
1479247357
763162068
733519081
2053651913
-2114310975
-1815858821
-1757900665
246982363
-1368330111
1323500067
1113371143
40702734
422087155
-37665560
-1922079880
420412317
3364446
-2108460998
1954886398
-1575687822
2105575280
-1656856280
-1735802683
2129237521
-1985872819
1401733346
-1805610958
-775309644
837687275
-820593032
-224053157
-1894722122
-1581766500
-855301913
291088313
-2127569356
1190081772
-1931152042
982019868
1175338480
-283360852
-1907270244
-825473058
-46087815
1740006734
126698246
-1609741989
-946893176
-1252770701
-1530990250
1255637408
2079776941
-307784766
-635707891
850781537
-1696306134
-777430277
1936924653
-1388852432
942508831
1831417163
1701403320
1056335340
1566087398
-799720735
-1868487874
-1454181769
-90824768
-737951808
-1053352042
-302150485
1936506032
1003631575
-576100437
-1713381491
-421208665
1053388878
-743052806
1258693827
-1607483936
-378993118
1211357337
-539744445
1721189517
536895987
-1935121798
1752907085
1346021811
-1890199268
-1835582224
1501654426
351667538
822670340
-174866061
-1636224043
-737071928
1646168499
975152031
-1173579702
-1573617034
-369459032
-995064958
-1015705891
-1142383709
-806074136
302374934
-1532440260
-1110450016
-353344678
1686973964
-820533160
85429037
-1304786350
1915360971
-1304405744
982492955
-696168597
-292215881
-1903417297
-810550990
1988969113
-387753546
-210425448
-926289836
-1705314691
1793951983
-253931841
-519699230
-773818885
930501844
337864795
-707974563
138149641
-1000720286
-115732647
1311061840
-1986849078
17107623
13609235
1502701421
-288994598
1125959556
-1823081791
1198939126
-1081134101
-66477900
-777322449
-1642906018
-1763471984
234855180
1623980464
622324015
-137267368
-1498530812
-904469166
1442462510
-1481231585
620694389
246273874
-2119501636
-1091439457
1989406115
1859315154
-1435705474
-128936371
-2059232898
-227894327
1737936960
1921533794
1020964645
272508730
1110717206
-1012103369
-1437060438
1970648744
1392835012
763691477
-8622308
-1453934136
-1500453793
144515532
1826850241
1373174136
286780467
1138387779
-649253469
-1621050640
-731645721
-1665862576
1395877709
-1071947210
1394492383
168726154
-1976424234
-1050720297
982322657
-1638238757
-999340514
2118563283
583305978
-560949094
1096948055
-506904616
-526374750
2139409624
860794823
118876851
1116181022
-1947498759
-742359349
-2010917117
-212527323
-673520250
1099752734
1737909039
-337028922
607135298
10878043
-2090010471
2119327880
-1976641414
294289088
-523896813
1261077970
1731223713
-1616394956
-1719699055
-1388984947
-1903189733
2010063242
-369634528
-1903529977
-1637491623
-1842341625
719002391
-2013507302
-546626523
-2107817183
940185995
1565505165
-1700926914
469356681
1702518023
-1054082887
-1652914649
-670433685
615933564
287009135
683983931
-708773388
-1935662986
-698299111
2071122437
-968165356
814159248
440975903
-462808114
-977631867
-288941526
1981790859
-407638154
1881953035
1631280472
-1906611217
-942081913
1235550716
1578964253
-669984378
930081158
1969272066
-308004392
-37856104
987555469
1719953695
1664353534
1996705571
1275364630
-1801626895
-12310775
1414872247
-1433504488
-1034224585
-321722193
1717353889
-931059881
1085554067
1362864983
-1230872501
-440335112
74526864
-217023288
1322665186
-225244077
-601995801
458011171
58937145
-1830033652
-1728140290
1596046867
-123137299
-950940316
1390907824
117356098
-523903544
363383500
-582594221
-1937359858
730629226
-1582942277
389007350
-466764676
-15215323
589397185
-1988666134
-478397588
-1758997207
222655194
414219651
1905139214
-1877791776
369554695
-974810849
1608951956
1759076507
108689178
737913191
-722525400
-1083650450
-873744943
-1184206123
1393482272
771060311
-197667802
2053384565
1313238384
1584134053
1998289381
-2029939218
1374430048
-1545689449
522962814
-4041021
1204695678
-679470782
1498034972
-1594754602
215693013
563731128
1171301110
-813258194
616580702
-315927450
-860595996
269907449
-1058056010
1488956862
850625332
-691244844
393737745
-1093697003
1519027902
-837339575
239559022
1173197005
-412395979
358518936
-687558133
189516726
-557684032
-1717155911
1108381723
1259890609
66728392
-740270943
1131907254
-1341598826
-492370925
-1139723068
-1910428399
-1738360489
-1886193135
831289819
-411733778
-248418971
1757557110
263827942
995425365
978874450
754800648
-2143562892
-858233724
773449399
1576636345
927423010
-1625980893
1588734807
303169528
1235656544
1231637180
1125638020
-990336957
1571060603
2142767977
-1560142399
-821475328
-2062454058
1073525454
5026472
2051174285
119010170
-1633967031
-1964212211
261492373
2027448018
-780378520
-886804892
545526693
1947081646
1378924187
-1915908001
84340990
-7713647
-1599628246
-1232380709
1577261740
-698169816
1968477800
-2047925508
367514071
1820717591
-1701547479
471604374
356569432
574507515
1957352048
-1380990258
-992104561
407598764
-1388603284
113789184
-1406334605
-1814585406
-304195931
-1052941853
2109131497
-1326207142
-191282318
-1916947733
-964548518
464358938
670326446
1304795630
485039487
-947938447
-1372799317
-1802884854
287606142
-1022826973
-1491388315
-1321370427
-1829167046
-1225660156
-1310664966
1136644213
-576775962
-1025912829
1100928601
-803015455
-92085797
-295401110
1185355066
-207876824
1444379052
2000824163
1726820941
282703329
-723554954
-611560003
-397424459
812841603
55782523
-1839274000
-1126924361
-1098531577
-425688846
794608478
-77012562
-152996917
933773848
-249386533
-765120958
-1887084103
1516016522
-88233873
2066586585
1141353640
-1292679722
1028861530
1797373004
-1376979455
1703226446
763695191
1691416798
-1672586843
2095873056
402390053
-798598807
1252390670
-1472100189
1445404738
44894937
964192436
-2072612621
-538440711
-1439541026
1981009329
-427322689
483265439
1092685533
654526887
197121633
1207207192
465400871
-1285546271
-2048055250
-657712992
-433563796
-1307064648
1246933775
-649164345
1132649841
2110827575
1894494288
-879119171
-604764415
948792578
-143990601
770577359
-911465952
-1043807117
-1651506472
13736241
-1106142586
-1866300155
-1607607641
668983550
-620372661
492323829
2060492366
-1898119300
2145928158
-95773914
-962732991
-1439666269
-907527621
-1770379964
-184275314
-129899041
1385632860
-977954772
-949858439
1619659540
-1849866512
1466212747
-1758305464
-1178246173
-411175094
-1477350972
1841269594
-220731349
-1525737828
-343088873
-1942415746
-1512829230
-872711068
-66569473
-296230271
-1702866491
-1052265435
1782594522
-402668792
-1981649348
-500600230
205339855
-1164967520
1862788418
-24320857
-168490517
-1372370157
-1095270284
-375238319
-641073523
1068539389
-399515896
-178144784
-105577468
-2126246242
-1328328943
-1567001245
-1061267850
773813232
65107712
-1627917053
-1740426237
-1046457861
576951149
1422928154
-1010509271
1447662952
913853719
-2007287658
-757107351
711259220
-461870295
1798406137
1104013099
-2112288665
-868358721
199232403
130647518
-1510050268
158014631
1679753459
1440955235
-217074303
-1423427989
-2021610598
-1964661333
712265658
514386831
-1917312782
665197982
1449240161
1949123094
-233721986
1160038462
-363292742
-799802037
-458846895
20583948
296260677
-608320067
-998737468
2039633066
211155355
1970032010
-214350237
362690241
-1005926787
-1321667360
-414352601
153712164
1788214313
1735570113
-1109882390
-2135493579
-1192279825
1969964549
949241110
-791413625
-1988519932
-1263013211
-1591964256
814386628
-761707882
-1872081099
1215523892
120900817
543039008
-1328945486
-2062480975
359794223
608506879
794800766
521550552
-769662556
48787012
582004903
-261123265
759213082
211822026
-1827333521
958542731
-1511924794
881884555
1424883464
1440401117
-1146867060
582385455
542328478
1802134412
1656300193
1046949093
393240987
1818510101
1212111217
-1330676618
-748279770
164267343
-1893559101
-1638895721
-672354837
-2081983774
-918477285
-923542146
-799535583
-2141981959
2145110111
1273741751
1364161480
-1929172938
-1216697411
999760951
-1447697869
-1992922906
-1195582517
-593170767
-147291707
-71563658
-1489673233
-752991448
-1611762433
1292802084
1405867520
-978901051
783448505
-1022247687
1733039917
1224580073
-1952523601
109349109
-970221795
-1750308218
-1718061761
1729171852
-1773644456
1399344554
1566431088
895733073
-322414363
-706529444
911981110
-1976780048
327581235
122344363
500718579
144147298
-454836420
912562179
-635732159
1776749403
-1331537433
-1970605118
558961134
1773414405
-689801043
-1342933494
-1757364153
1981180659
229523839
-1142489896
-1311442791
-444080
-2080543001
-1241104043
-149937420
-1924226474
-1728653459
118379884
-877194958
-1812682490
431523643
1765795484
-1998329033
1882780949
1096110083
349002254
-1473963143
2016550693
-2009009376
1341461993
771751874
-1394275276
-2007873029
1751550949
-1176018380
-23065511
1528107184
1599396126
-1255014771
-1705201492
1201354480
1148391210
1889376172
-1919644538
-577250520
-1153205651
-844144300
-66824726
-1416866845
1659140523
-1895120337
-1701045950
661777260
-1743078690
350466580
-1953336243
-1697566282
620884297
557987980
-1401156521
-2032007040
382359756
119590802
-140004437
22924724
-512058758
667397786
-1995247034
-1587591152
-921508248
-412925484
-598612531
994195975
-538487097
-587968079
-553603905
-1926316311
-925568971
1184669349
-637284114
706401857
1649791823
305329454
239101227
416203133
-223448182
-1355416043
919325248
1444878292
-692656317
-2098901260
773738274
1868149860
-513759981
498892535
1691557991
-636427622
-347454872
587482086
305347317
1262644438
-1128790191
1542052706
1617974779
-1081183923
-899585128
1607287918
-615516123
-217308879
-873410283
125504817
391523339
-544682480
856952641
17742073
-1803384855
1306519929
13739017
176620163
-240550763
1356913380
2109709796
-639271303
2006917037
2015481811
1576440615
-1891147205
621274383
-311629260
-596886889
-1073909022
-1208550514
1650946313
805730623
92627073
-1328987935
2078861130
1349581188
1353126317
489095390
796011785
-1899192458
-1541627073
-1039797272
-1684861225
-537825688
-481025961
1260925094
940500838
-2140097598
-314165596
-986970891
-1535690897
-1894872299
-1454544157
1342958111
-704817195
1715933039
547197349
-1708324788
1303030282
-2115711504
1655935060
-217187016
1497426610
267603357
840018551
932108838
284854917
1974583411
1092411188
1273400596
-713215623
-287886913
-785114346
-2014762705
-238104545
1891288492
-2006826479
1552269961
-952114356
1762123293
1217942978
1956237576
-2092708356
567228604
1047346170
-1029484895
-346395276
943938131
-2127238787
-541457210
-943961178
-377496742
-1021774586
432782620
78451672
379611600
1106826894
-962705039
-898749050
-261778354
2037929677
1372952301
-1224367737
-1208831400
-670633216
-445955962
-1582584465
-15630858
-1005373203
283661497
267626805
874328707
-1337368796
-74890634
-555015404
92292292
1978441094
863969627
-793487947
-1815279557
256838154
1073793317
1338989709
1630197181
-2107376194
-1609470877
244828804
643204930
10831372
-1408652693
1504872151
-99721989
641967679
-280277870
1233261630
-1532059734
-887132860
-2124995946
662021712
1078301741
-57793612
-587222433
-1435915994
-356871078
-1279355375
-655708441
1469488959
-317890286
1910292303
289303157
-1242203741
1030750608
-1658103914
376944656
-691089846
726582274
-782169274
-1808273357
1637650621
-1451281574
502505019
-744354628
431763709
1963464293
-1227129007
718868522
602490020
58838043
-67203030
899755015
-162062774
70228281
152642862
-314025309
1254225706
2011675405
-1746370093
-1491967998
-197751036
787043216
-1060481762
-1548786153
-1663474108
1713144505
-1221002648
-1627150287
149223010
1747599631
-1480293787
-654712396
229149836
2006896512
1218758754
1971418124
1539811971
-417148815
-318695475
510949343
362025410
-2130420202
835593722
1160850817
-614802204
688566786
-504667100
-1368031060
304040774
-1071369727
-231412303
-2134731920
600056555
-1708657115
1976538809
2004452456
-330380128
2011241502
-347545912
843179054
1962774112
-1272218673
209505251
-1671590384
631015417
-1085370083
1775235529
-778774525
1025201646
-918769911
493627770
-1583264297
1444904607
-1758867456
554876156
1051487148
158207399
-2075224207
-1593898148
-757396572
415826309
-35563360
-1535055629
-1288340775
-2021429379
-526895431
-1314504726
-423138927
1557758400
-945507800
-1866484481
1859267248
-1656245302
-79022297
-284928888
-1952516499
367980811
1966506392
-2125165640
2015765576
-2050393655
-1411651052
559739424
1352372283
1313780292
561705027
-1537366152
205496111
1315061786
1082758765
1407404447
1423414961
-1320347155
-486776239
-1173698848
1025981413
105213250
366876469
481923191
1055976890
-1108050260
-1411351234
-1849167533
-811553185
1891100713
23185921
296979740
1142542325
-196224565
-939032999
-1555281034
-1620690811
275923098
-1329017478
2033070983
1887531315
2045573048
-1773149882
905903031
-1335298893
-252745786
809144287
512643510
-163680004
-459130746
-13085059
-1520165182
-1696600004
-1465255743
-1014190720
-768062422
52763915
343138411
2019166664
-1249653747
791680482
-1383460604
529211204
-2062357913
-2127330354
1212217408
427112649
-1770182067
100067424
990230761
-643319516
535245687
813520615
-491799036
1695160689
716674047
801246433
-1212818382
-1783957330
791632488
-1128161875
-1488345767
-340258678
1600375777
1597875589
-1100885373
306193283
1009171145
-871090260
-1847138299
-555927505
-348176011
-1209828381
-1396475933
-1233734183
875357489
-2025509088
-859068813
-63949233
-1815386747
-495649918
-528100033
-1416421127
-1882342472
-940582018
-1273456592
-112303315
761990809
667548766
-1723836185
-540485182
50372220
-346303508
1198607470
-1149747230
-417862269
431906154
-865034481
-2018003164
1617995806
1150923204
-453379452
888552666
379720148
-1052217592
380947024
-708403034
31455810
1267049237
-1425087893
-1226846125
-1498710428
1610755474
1539861540
-1481274143
2012748307
-241578718
1750547779
-482419487
2077347278
-1834005547
-1794769555
-603926525
2082036924
-121995551
-1810514484
818505709
-1565006095
160042385
-999364882
-638600627
519791600
-1016712324
1658364141
514564145
-589184656
442561018
8133072
-1737980267
-147805598
-655137580
-1377087951
-870566851
781466163
667889210
322517023
417568965
-1562435506
1137061369
237733957
-1531643658
1680537572
941225964
896290123
-585626534
1212143599
44547507
1025781116
935976977
563502963
494706595
80484008
1463522022
-524828154
27891965
-1987082165
507002524
-218916717
1089305441
-226042898
-1242586482
43743834
1916710276
-291295283
124281718
24158778
2007343392
228317113
-1237977972
-1913641934
-445369300
667383871
-1552187950
-2081523931
1257599309
986263562
1460032430
414930653
1047815051
-325291131
635425720
-1089256879
-1053822649
-1575977276
1667218133
934550058
1857876588
1533968804
-2000336764
1824433027
95876581
1477700144
-923876489
-932777232
-256677298
2054975814
-1892928667
-1357773887
1165106669
265145721
-1700568034
840892296
545343971
-1565446087
-1064794657
1199503831
-1271227234
-278597327
1875902183
723919950
-429787247
-1733096464
1043546698
-1500660012
-150612953
2032096203
-1985232892
-265402333
-1597209612
325747200
1612989008
-1924287862
500744237
-675970530
-900576198
66429166
-534561702
1902289060
2075020659
1705111569
-271699895
-1014464536
295354212
2105020438
1356008773
1755641658
339181445
719057476
-1967533432
-1535360951
90176238
-1556115703
604812525
-1896671548
-81264851
-1202304958
1060244969
-1971802556
-1542175654
312847289
1652671932
-1300258200
-1853291415
-1744741905
554347747
349390145
1102721983
-99085030
-674268976
495513585
1930309383
-149668752
-74819620
1730361742
-1197673915
-38651994
-1333702532
158808139
1333996842
995333811
937746354
-666750759
-1469986646
901638617
2010483399
-1201645558
-1663585845
-811559451
-876324810
511412920
-1756561984
1458383028
-575839253
-434954268
423869238
583135737
1961558701
1512847649
-1428945684
2086593598
-1873598249
-2079574734
-901895799
2140733992
1580730446
-2041239310
1977023657
1002494974
-2130699858
-34176396
1111467320
1513415019
-912718650
-2065548694
203128067
-1541371005
491527238
-1768343606
2089538956
-378166525
-2119016266
849856942
602060317
-2009258276
1659977386
-950707333
-1954879713
1764857586
-1521976268
-1386690747
-1883971925
-43210976
915212697
-292230542
-1426234783
755932799
-709646010
1006067868
-1011092872
1214637800
290038532
63801532
106189334
-1065250634
-253168022
411187332
1799864546
-1987981616
-325533549
2046345739
-1523074602
-1398427930
1189202193
-1344262225
1280658265
1514508793
1315596833
-207365578
-2115674996
551430433
-1452521441
-884163274
-667716636
910686858
2072611900
-302436937
-1093545224
-1485589825
-860973459
2093405974
-778110053
-104610262
554195622
308617771
1341518381
1134569179
770104648
-1773901138
1643106606
-127331704
954630871
1891149526
821199379
-759546668
489826031
-374577854
-802050212
792713684
-1990513032
2112570652
1854161894
1316179150
-1771828968
-1915138949
-834532483
-592609469
-512961047
1440661769
-553498443
-1705434065
1278812011
-349804827
-112372743
1508862862
549511868
1757825482
1658886116
-619845086
-1469164026
1615426672
-1136296241
1771878771
734863927
1863531058
-344906326
-236448745
-1970863113
-428149008
1009510415
1325462067
685049814
956918070
1398610324
-1679005119
1045157317
976161437
1464369248
-362685933
-983777336
-1319302543
1234199808
-548135914
2051835880
-1277112684
162024315
-964539173
-822341267
880549537
747743651
-418323245
904819020
716332371
-1166201171
2079599194
498799070
811955240
-1182765052
671170550
-841884205
-253536959
255397721
252400351
-1453152667
-617662580
-550261250
-1345933886
1016608975
945811748
-495042188
-175918143
-1502947584
-1331751945
-617439934
-915404866
626329484
-202723160
-432060920
1093428185
-1301221150
1366680503
58843603
-1201019594
204714948
-1750953761
1235737009
86626307
1801418995
1364259007
1165951112
644288441
1629234729
-236464964
1957253923
1805711265
1202843211
2051196197
1866737037
87230361
-278908706
-1277076073
-1941679710
433961239
696147131
260410274
-833733918
295737454
-591672834
656708524
-68568184
1900424784
-248594620
-1561788395
-1956688166
-653886061
-1590553068
-62792037
-1316156222
-206759624
1209283229
584970240
1893157534
519837352
1217479329
339193322
323089748
-1848287169
-163711055
-515814647
1979513000
-985125874
-576245606
-1525804674
-159430703
-214394148
1514030623
1967702907
2129746760
-466369682
376499943
538763814
174143459
-698175992
80146105
-2060255550
1044861730
-1783430093
936314086
-826377712
931457225
-2123073345
222809605
-1231202830
175740334
303442955
-1366782747
812711250
1901546452
-627076989
1878593215
1050748481
-960957513
557093737
178724523
-1012387230
1441877737
682429912
-1459930027
-853888631
-1278414883
-1891384826
-512390672
147974814
-1025811710
-1411290935
-881384087
-658796857
453027091
1221366620
-1716821792
1028586182
911352493
936338786
-2031645101
-1546999137
1247149345
-42964182
1284461212
-2107456643
1843839115
-1226043341
-403262563
-1414277163
1182349091
-1385137677
-1239788104
-497333813
882124242
150325972
630824069
-1748439083
-332481016
1378423166
-1520065858
-327950435
-1146890036
-41916325
1985166718
634815276
-130724076
-437057193
2112716458
1848925252
721158998
1144543719
-1127650641
91101708
-1848217506
1813853005
561173869
659481842
1320210786
212790041
-703227278
218629324
-2120272045
1039130610
159753323
859718976
1760763765
-1212051818
2004580310
-1235305370
855334705
-840142050
1862415612
1244059563
951482665
1827551878
-730905314
1504039672
-55791731
1186662509
487270126
-390332910
917006252
-1641622248
-1189736896
830370883
-245845299
-411555908
-196457727
-450090438
-481095616
-2064273156
1621732199
-875858385
-1499022161
-1017869904
847400298
-178948534
-1031462215
1812273639
308974450
768014661
-156745535
-1766265809
1237004369
818203983
1230575618
677114131
2064219762
-1678010061
-1132103450
-1201670428
1905497683
-1488870471
-1787445096
2111920572
-877471696
-1459409588
-223847465
-921161793
612424960
-1159184420
1029841677
1257862564
-484048220
-399697659
1709171615
-1457520781
1778911070
185897585
-351884666
1062023567
679635071
1668164730
1714791454
1716372983
641300580
1671405330
-1162500802
-1844502072
1253334946
-1103358746
2070917512
1249246982
-1510376064
1378972865
-1974136063
-1538298213
-894706779
-1053401810
679007971
-306088290
1189062930
-1180060063
2105787314
-1137651495
298250321
-457245097
908663948
887459205
1756822766
-102714564
-53230139
235970135
-652598234
1390706700
-752312653
1869647295
-840375074
138612603
1601447109
418637422
-780102954
