-555856922
-1195529208
-1483546009
419021474
-1733155855
1505348426
119357762
-1497255591
-21834676
-429594488
-605998626
-1473836290
-1203349094
-658161779
334833868
208381455
1241488363
-157925891
-1731820612
-596804685
-2119537035
-334488830
-1954385324
-1343208962
-1242868093
-258030293
-958130110
-412096909
-392147540
2021608080
603602068
155299018
-2075200696
201924409
-1782048186
-1595804174
1086316832
1507517888
1372202524
11072344
816715620
-1032282572
1386274226
-1728001431
-1116949535
1550016320
1269887953
1356590166
-2066454414
-1785660021
-240554493
-2116901354
2095932599
-1800649374
1909819240
1262169264
920758021
-1477662060
1244228810
-1157649990
-1827739492
-488729955
-78240273
1965689884
567187743
1717804294
1713520687
-1269456615
-352477888
818187787
50990661
-1582122608
-2135636806
623165309
-1878814359
-1958158466
1665018756
-1002357782
-1452318819
-1628938298
-1805452733
-1033639942
-100590777
-1073468364
972044799
-770351589
117395455
1253661119
-1039618279
379478112
-203175766
517586702
-1161498756
1460929702
392344263
-417106115
-1996347373
951582456
-1519377656
52907232
592659834
539536948
-1690251484
-771993273
-1525713929
1651691246
750522603
-385932285
-575395157
-741279597
732071578
1488957097
1367356932
-1878832943
-787618704
-618112811
-2070907531
-1041505994
1596181377
1024850033
-383893399
-876405993
-1273054775
-1421344201
-1626691980
956339635
-294819965
-1559970189
232849099
1967424151
215623099
172328461
-1506903306
576640067
984683042
-1912910906
447983811
-1186450675
2146776097
-2026113599
-1328525443
-1329931195
1981929264
-970110139
-522685346
-564670567
-1678330265
864713409
369513025
-14225733
-207434412
-68322289
-1716379493
455488
-678764017
718656253
1906673068
-1735631157
-802808692
1123710472
-2063667216
1360841066
-1304674512
-2045977238
-1184066852
33960511
1031165094
-1947238826
-489817402
52967010
-1058281742
1354905217
2093378596
-1933618682
862196677
-1773442076
-675708424
-2143252518
-2136796653
-261299008
-61948021
-432649551
831651042
-239100958
1362102616
-1175132828
-1013450907
224531752
-2122172085
403217654
156827209
163116611
785793579
-290727687
1837103693
1973020605
1111791187
-358113743
1551820824
-497745347
-850672216
1828063094
-41342650
-1584313334
656836294
-392632098
-1699130685
573901517
-1914921092
-1969946342
362089564
2077945242
-23764870
-1843110624
-852044397
1088508720
501852232
993579530
-946945102
-869191552
39756154
-1416515266
1822985506
900619115
269594657
1899371214
-218728964
790314448
405881476
-229141984
-746196512
-816433979
-798656240
-1195984687
1711017733
-747167709
-519644788
-270642218
-1685782895
-256383416
472940944
1277624036
-960278997
1333456919
2124319799
314061329
1518380749
1265557827
-316629229
920747451
-2102713122
-1090580275
-244067743
-1317986136
-1069048449
-717978166
920021117
-111453074
582116644
86211689
349898904
475540501
202206055
557692724
-316116825
-2007809798
1834205208
2074222742
-1976708450
1843685878
762828184
-83459939
-2002562851
1858390206
-1351412633
-1839183105
1462849002
1536653708
-1434283014
473811298
-1508867231
1352831231
1597377745
-502192681
-1759505368
-478178241
-1867294775
-1681712729
1829637606
177786724
216141486
-50641838
1627524533
1421553175
1297621524
-1075286316
553712661
828013178
1058633830
-650952918
-247720924
-610261435
1170860607
845815827
-1628657141
-1053097423
1762799608
131948827
931226811
1818789784
1844286593
818860756
-1845960999
1695979613
-1566604940
222847846
630252278
-1584998135
-395495321
941719370
-676284669
-641005258
724127105
368261714
2120755971
-452723153
-245123249
-684227348
-465281278
-1715264552
166365144
-187698778
1893102661
109619147
-244014354
-957034763
-162030142
710324932
1326515654
-816473807
-73841710
838095934
-1668647989
608176355
-1859703004
453051485
-1835492178
473121091
-194187531
346284046
1823805377
-1416043781
51310205
78644076
1325109381
-1581906127
-1900352084
-506878363
-1629314943
578971332
-1246047978
-1649549411
-1626189227
-248237612
1775238442
-797363822
342669837
-1355588728
-1534283606
1156007424
-1212379462
1963941386
-2117856682
-1605862523
565432639
-1153516842
-1660885526
1032857992
791514216
-2027963596
-646046645
-1415004585
1598227008
572929282
-602164484
845749135
-990520669
765089719
1467848406
291034304
137766673
-653736540
858357240
2116498512
-417050683
214203771
441707771
-2003621217
1306279429
-253798379
492559210
616598380
-1575462981
-737796497
2096606065
-2049360522
1305485381
-788956171
386754771
1604272230
31429256
-315797245
509313825
1887349996
83986507
-877909592
381056808
486347559
758694593
2096422060
-2097996885
-883565751
-1352112025
-1151035692
1054639441
-655782790
-1416229872
-736111005
1376761312
1562385917
-2124639939
714152676
-1081701717
-994265455
1488486834
1220300070
-1002529207
-1750893031
-1932810171
-1525537912
1694503303
1207461246
-2118187784
257885814
-1827442785
-1232598828
-238588342
908409139
-2131418711
-2082861125
-2000522294
342510296
-1643633327
1365159943
791041516
-1040444516
-1305412919
-1457572189
895035167
95535700
-2091057663
1718860466
-2060424674
-562971075
-1903583467
-1648468234
-1986281082
-1257414407
-1625149945
911132021
-510491480
177196247
1505897901
-1500079783
-1937420896
-1129487529
1037394412
-1576905961
-1190013786
-1462394900
-1016197850
-2024301868
-70734685
-700359933
1396510961
548203779
-2001095417
-327960252
488564232
-786143918
1081431257
-1505473769
-1318346874
-892480570
1971180303
-34791319
-1721275056
-424509404
1392861215
-721431377
-1894493741
1817132947
-1500863275
-137308374
-344129809
-1830305666
1957620326
790131565
664538674
141045951
-2084687930
8216092
243402824
-315055623
-988626890
800377333
1653600178
-1128804284
-150790368
-1306506988
314786486
-1387712753
-995992282
-963510670
-1150572394
2067554370
747121272
912516014
-1905148412
-40732253
-984139163
1687627535
366589140
-1526219654
319671348
-142809655
-1230783757
1393468278
613772596
1505347199
-975741801
701721297
180635666
-1937098743
883316152
-835881293
-363621014
1464162422
-697923906
1926642643
-965475937
-1820800940
-2098593669
798199396
316808175
2044194350
-2068358310
159218478
1609179841
2128440917
-65810984
2036731642
1508622657
-1767515421
-118245836
-1662275534
98800174
-92872707
-839021726
-333123895
-695632910
-1479118761
-2129237692
-1017188776
1995454962
1833547260
-1313952741
743820937
428058407
470534991
-176664773
-1763658312
-1308058131
1284014156
-1600650498
75588054
-937787109
2103947283
2046635514
383869841
-489700781
1723460263
-1097052810
1699047345
-554698342
1553954546
-2113246951
178336453
-1799658966
181334284
1471122916
-75681026
-504573818
-1393489732
-659454879
-91698086
-1516472881
-216325058
521614876
-222117116
1060832342
-972362938
1907914322
-1194104838
1161955697
677445189
-711646744
1087007728
347050130
288972266
-211170658
-601064332
-1926208619
-1520154901
453468548
609947474
1480424536
-9796092
1012307116
-2128412615
-525960304
1605666879
2001130528
1491395741
491534554
1172024182
-1552666090
-1584121377
1382793232
2124518166
-1790012830
-570895957
1376473054
-2021554907
1413471531
1399857314
-1021301356
-175369339
1123428577
404902712
-652385731
-2122476167
-204337298
1249463518
1208530159
1795437928
113812139
2128999778
1429501540
-1993173279
-1358187499
182614166
-1349389879
1382570207
79848383
31874096
1434031830
-1429604275
-314103158
1424723952
-1509740258
1643501259
2046808980
-848176120
-757481305
-12817998
641145070
1944080823
303810493
461231445
1319557009
486187574
395452930
-516982646
-992145775
1159364568
-1097549622
-231723928
479534482
1480289644
999663781
-2143667119
-1799227781
-35020827
1254140988
-1272030670
-1868745110
-838150596
1504043104
-228388087
-237348377
-243119211
-1446759072
1121486759
995917915
-31512672
-2110185062
1273523639
-692030782
-631828158
757098836
1359387902
-1108090465
-1991981197
981995468
1973857507
-265417168
1954341993
881444237
-761305550
-1104325917
-1916195082
123496451
1923943708
266354440
-1996677586
574973521
88065922
886585799
1813803852
477831010
-2049727630
-1269899181
-466154027
545688894
2112094705
2019988319
-1377083907
-893136482
811887098
-572397615
330504522
-1719240767
1942292422
-585830731
271848823
-1335918720
1395219534
361662579
839478682
22054304
-1797529330
-483969212
2132235656
-6775449
-747527158
1543906530
2042511224
-1250119823
213721109
-1291563138
677918694
1781952963
98555216
-1277095433
-768238663
1146244384
180250097
372931400
-1472426841
1618330523
-921486523
477047105
203474904
1645030509
9959159
867605113
-1191198007
1543035144
-1434569582
504900482
218575475
809432939
116678467
347616094
-1094033237
-532101704
-1476681757
2088104754
-1144196149
1082583811
1369450293
1598836025
-67105646
-1279129236
552949867
1033008891
442031688
-384180881
1632344047
-1034347843
997598501
-1794736518
1378730591
-118252485
-1698947341
383030463
-1391423528
1183085716
1118104050
1515100235
1199466358
1281284485
1753050619
-976065193
-768710885
377431001
1822766055
-114036258
-2028100752
1736354080
283758385
-1362997137
-189930455
1484717214
1694285273
1859071043
-633511796
-623654010
-1349721461
-2072773998
-539017165
1643235432
393936128
-515695327
2132075536
966547943
-2043493212
1381470751
-1578878031
-441253714
-1868002951
-1659941582
-1062753596
-1449482077
-1307214022
703172043
-776453411
-1135716003
-1198844221
-1044134207
1759204727
786823636
-2112353873
1380248349
1802019384
-1927734441
-2017461181
-1963969485
-1045518983
1563361218
-869213814
-1705659151
846121733
-299086097
-1792062016
594038395
-492599009
455225196
-2107243789
1130748406
-698439735
-2004240786
-1596357657
-633889885
-676448189
1339155206
-1308825286
922637104
-1436876590
1828034706
243381448
1641971018
-952409918
-1521333131
163544912
-531195274
-1677594452
223304458
422992983
2075299617
-1658887428
116471765
-25618356
248279285
985884845
1030941947
-419777300
310138221
-394224042
615751156
-1492334617
-1138887253
215205226
904724862
-1978490941
1353464712
-1961964101
285411028
1942442752
1851788269
590115648
-770958817
1806900605
-1346313632
-1877380073
11844652
-154226662
854266337
-632511796
706240864
-1843833187
1471725303
39278811
1356123112
231806937
-591927547
-106164877
968643892
-1303759860
1722353889
-546237316
954129061
-548035191
1172783782
-267269669
2045264260
66881430
-506201911
1486925044
-78723530
1213237143
-781362582
-1086246800
884640429
1550828651
584603372
1744323136
-105703390
-1998798827
1327225031
1169084384
-516503552
724649887
-1932240484
1646381792
-861190109
960329018
-1316740215
-114331233
64335425
-1844301654
915788734
-1800806311
1669058216
-762785312
-1167330736
-774689180
-398996951
-137377304
3257165
824679350
975308628
1620997637
-540134129
408851114
126159588
590381337
1000132565
-1110212093
-401480835
1162573642
815942287
135516976
373496980
580349922
-1457518344
73367761
-1526240083
1321070967
-303855894
-1212280454
-2085842228
38827083
163689709
2226870
-459925723
-978704651
-510457328
-1976520627
-1412242667
-1709778624
-218210564
-1662655543
-731913131
-2117914286
984475205
2058139703
487927660
-2003267824
-529869309
804384298
1545491813
-2056699455
-632187231
-169980924
414572738
-906497039
-1189508364
1964557944
971451824
464482711
-1953970801
-1805374134
-442953349
881732730
534593364
-2115739559
-128514749
-165993777
-1803918514
-132951842
-1552562192
-1922036697
-289209410
-1859235082
-947147933
1371467911
1827998835
1097368413
201588973
-730362408
794658398
-1044953733
-1256695548
-1114427519
730906725
249175461
-151942605
-573318062
-1162104457
-493917284
1516090194
-1238499677
1742792672
-1141126824
-2069385993
1298262716
1831115229
811733515
-605053396
-314775689
-445600909
-1566157472
-1960073119
-1907385052
-2098020996
1995848451
-860508
-1117647188
1485019649
1955961445
1067711502
1875607800
1160286671
1651919552
882675072
-44632941
-86728892
1613655897
508330639
-1513941619
-1516739991
-330251260
-1690478148
527877538
1942833733
-1755402771
-1042064408
-1963875172
-877035664
-1211886444
-1887266042
1293040373
-856726554
-70695143
-1294424046
667003584
-595280867
-496537159
-1378405311
-147911992
-932522664
665872280
902500729
-1346187271
2029141309
1162003648
252593666
680847614
-182853979
-951079831
-937744514
1572237355
-2014144589
1665640314
1254207766
-1085663331
1214094631
983066447
1218414838
-730549344
-503496973
1245540541
-720475910
-1780381872
-610999793
-1014893742
-1044128087
-248760446
1569604489
2071089377
2006488673
-1891858460
-1473816353
425728317
1771873748
1237206626
-1926405744
-1983676861
-117339726
1772226763
-1033962000
368149533
-1279669593
1748607156
953704252
2060349893
-2126938744
944597404
-1601575699
1427654088
1069683400
850777424
1038793552
559756108
-329832144
1691802257
1897811798
208563028
119625679
-720295437
165456808
-1755335103
148841262
605506823
1608192766
338207131
1800638920
-262990916
1433627569
-1241233903
-1314581576
1550447617
-283225970
385411518
-1382633036
-910868561
524081900
-356449619
-827279559
359486630
938244608
585325983
-401781753
-1315624139
628124527
274754827
-1949257520
-1415190849
-127817436
1630995557
-677637332
-523219814
1217355875
56820643
2126851279
748963130
-712554978
-1877166340
-1525931524
-1723020402
1365138567
-2125992206
170677052
1922100905
449314278
-194112366
1664882251
1823525285
-1911406421
-2104574470
94014035
-801139260
-1904473913
-557414628
661257052
713702103
-1681237450
-1484508480
-1769436927
1630274019
-1471692576
-1962911793
2011169895
493440512
2058477985
-2144592179
822163819
1526890372
-1824094042
361747367
1284380442
-324049567
-1134376710
1876578222
-365335707
278257867
-348389024
2121170915
73016853
-1357603043
895736418
-1387492492
-1568975108
-1335554563
289771946
898129542
-2127471763
2015751613
467412623
1750572341
252702445
722609668
1237728242
2027766488
337908521
-247611219
-422198453
1853452681
1477444395
409808622
-1836661506
-523749916
35038664
1555643580
-1834362381
-1075690739
-783862947
-470526354
1162095205
-752948489
819004090
-1200880480
678430201
1724307172
1351790941
65782362
673605905
974865447
-76080414
-1835757200
-2020932766
-1962030799
-949627974
-2140212949
-2099670077
-935270710
1152654107
-1965876440
2041359688
749332894
274626615
-1709331840
742603151
1185996794
-1675462993
1726288169
183192665
657696728
1427322442
-230260837
1242438747
-409118440
-1279606303
421995190
-121490090
563318800
193290654
816896994
-1467599003
1523539014
1901288549
354408311
-870860907
-724576389
1306582161
-982997665
645862842
1852877036
-1619334173
-728451078
-610116736
-1521551149
980662966
254635329
-1371637568
1519097907
-1606965641
2112620077
88568084
-501129003
487043925
-513331111
-1717219667
1911755149
-1955238604
853345766
1716317795
505686721
1577542630
516073374
756087053
-679178453
-768821604
-1397697189
-1149723118
-15799075
-1759944038
-539547479
162456384
49689221
-695449302
1905644970
1534500315
-1900112654
-1206181678
1735923258
356280569
1419962582
-391133752
482845522
-283038451
-1823517491
-626680411
-124526415
1517096128
-1274634338
-1095957927
-376594760
612616967
-1294491969
1032185951
2076350101
-764346767
953977118
-838716368
-279837532
-1699502656
802566686
-455904516
-991558383
-581570117
722563295
-475075945
1129551553
769087554
-609929278
-2037500751
863856754
1815889058
972824619
-142485174
-2102143968
-1678247638
1954836105
-1091658652
1519299754
-2053474818
-1483877741
2120577785
501465525
880113962
84699091
47272751
1464286672
-653726726
1215085159
1857377225
481379033
-449293944
52220934
1776864993
2142660766
-1924134251
-1507158719
-1058636844
-126418490
-2114288996
-594026741
899593340
490949362
1353882148
1158238331
1980520868
-1741625314
-1824398762
1484561615
-321975624
-121613235
-122782258
184532403
352625852
1886857061
1407564469
-1288534589
-3720065
-1740745129
-1414678001
166745934
508823567
1201787266
-986073007
-1525152931
724757359
822158681
-1537094858
2068059379
771595399
613876034
-348641070
-1834611563
1004573275
2050476225
465783782
-1889841140
1642017663
2097517269
1397066102
-38088087
1753741258
-1084605534
-873469031
-813254584
576483658
-837915569
23553423
-270697383
838627447
-884032207
-882854632
897210396
-1704806486
1755207208
-1056406269
2106389739
-1653280305
-2017939127
892511492
-949180099
51372121
1627022269
-1616614710
-1293171160
-1479281546
1980961000
813404241
2085861671
1720043396
1061219277
150217588
844826141
68757186
2054711984
1843747525
1743936921
-1531664822
1155600636
-1787403359
-1915333797
-1838747842
-902139033
537492862
-1297647337
1411792193
-649405869
493680262
-333258376
-2142912727
850077303
-934879895
-1389277337
-1877750030
-161883202
195656814
-618424948
-1374735115
1454995054
-284429876
1691806228
-464459176
993816205
1019443511
1222914741
-928313656
-196899457
63912636
2024377583
1322583397
-1562805773
-258886959
2100139667
-2113409794
-1136615936
774899624
-1798292856
-1108482178
-1191785590
1962991555
-1783298612
1979311269
-886816022
-822506036
-451983175
-1989876742
-1885208626
983672230
2000193673
-1805065729
1495101532
-855486785
66979100
606135462
-1533150563
-192419929
1578784504
1559812868
-871173096
-1893609754
1755081104
-1425062845
1557589949
1045783817
961369544
-745156131
-276855291
-1313432578
406511800
90011911
-1172374698
76130209
-1029397840
-661805206
-1198561109
460759958
1860573819
21860120
1974815348
-1804516776
-673697560
2049031613
-1490970182
310630802
617148549
942633748
-1202072698
-900833363
-271551059
-390436195
-2037476733
1476341418
1396071109
-1958146932
1055891170
1301585968
-1475664702
-232375804
190224509
496228072
541946861
-1162401659
-655384769
743590152
1311440106
1267663009
-1927701054
-575348690
-462844426
-292473867
-735176135
1881195118
-100359057
2098118231
-428166769
-1131997010
282089113
165267020
397713616
2016831024
1153078686
-183611204
1456537800
481379696
-615511082
1174797288
1706203113
-42754513
-373679287
-1529350757
466118257
-2138265393
-1228947343
-450518881
2059817163
-1501211935
-1498718909
-1962435214
1532202038
-1519396612
-325865360
-1074386374
-2027900508
-76109360
2141617383
-1144844811
-527328540
68019834
1073194398
342524660
-867865086
1498158104
624935314
-907815799
545880813
-2044472672
1596025868
1081189375
6934362
1065463021
-1707289307
-277018422
-170089239
1324242458
198006411
67502079
1991511429
-226039789
1594167428
-144253179
-2066513393
-383649944
1343673138
2093989261
-237160642
-141455260
1495193625
-1262875969
-1016767296
174027102
-920711202
1289994677
1962388133
1600263758
1699481681
-932908756
857596157
1633577379
221490861
1164544632
1549540799
785591890
51868189
-1874547784
1963076844
-1857521870
2003274370
2100418891
-2030094605
1968095110
-790272141
1584126594
-2116587177
-1845593893
785353605
-225956458
1588704654
-897441260
-1613146165
-2105456932
2070749740
708983747
332762016
-1228337354
470624832
-34886215
-1088258909
1113609677
1036826366
503214559
1515408131
696723708
-1190183011
-1139042233
-1098803716
-1704637809
292617090
-131663747
-77106016
-129420500
-1549430114
-826137565
1343862490
-2129700591
568782867
216755900
-701058385
1865068031
1739332381
1709514439
568205767
1961003125
-1501939153
1849039888
1259000620
636054561
908076124
-1982419135
2133800272
1320379795
-53533448
296822463
1484913748
1009380659
1703531903
1858565299
1266182279
-1379498635
1334587828
1422662246
-960499412
654084170
-975287795
-468847407
1860261759
-697444391
-982173618
1618722420
-1194105350
-1997707666
-396608909
-2105714074
509861844
-2029139534
-1617291310
-1414644563
281109705
-1389802212
1243952257
-1905949745
-2133242592
448018343
528152308
11376552
1860747754
92354757
-1500158997
-1156161154
315659655
1269510291
-2008804214
-152407726
967811182
2052507469
-1801721143
520135800
-750803412
196184067
277030926
-941022871
112002732
1924887180
-124401129
-1328694056
-1285439559
851654843
603476509
-1018487806
-222264639
978098897
-1033020874
-1761007542
-61545764
949720881
-412836614
1798219780
-221651189
-778673830
-436186263
1832194192
1565019332
-933538800
-1971843828
1868490155
-353179986
1158107868
2047764057
1650735617
491652008
-1057206601
-1774108325
1393435909
1723677199
1572790785
1882350738
-1095548411
2082566976
545077176
281060375
-2045473672
541471579
-557796891
1722284291
-298111590
-1519052470
1794048857
8465169
535629626
561175297
-2007584615
-1428164478
-1453897774
-1164361210
1506683926
-1789351872
938128344
771091508
-894697055
-1574628794
861425747
1586353339
55690525
-38688194
190851760
1365371242
1743435893
1943242859
-234948139
-523161552
882531536
-1174344503
-1078741898
-524730145
1164337923
-18556814
-782780248
-1686235341
1827319623
306731330
-1818666829
-80838381
1386046507
-623744066
13754667
1502260502
-1017894709
734631729
-1074959295
-1710842552
-1139073470
1645258775
-1750329770
-1573223891
58800220
524954815
501835729
-1949351419
-1752896112
-1968924629
-1743779791
-1760186287
2038919725
1519071034
-441643419
1264269717
-715394350
-1617550328
-1720221094
-1443428512
938181154
-1982430315
2102780886
2134302857
-1942114888
-1002382940
473221764
-788313670
507571801
1086566117
1579086671
310815282
-1599248536
-2000337579
691556082
110852294
-1978685026
-1684654363
-1975327280
1149351208
1672506617
-1122182567
1785570560
-744738453
1726576117
483889779
-342202196
-1074106426
29825529
512912208
1498011547
1518082199
1171855124
487500305
942728203
-928559957
-2096319768
1906389692
2053440963
-635742276
1066751206
1018620004
-1488354967
-803371206
-1400369221
410807176
-566669040
-413783730
-1474179575
1792596665
-695303659
1353709595
1240929882
1019312510
1214323755
-1397983930
96967249
1021731195
-1134238285
-1599866440
1184826658
823566799
1877907792
1469087138
1351597379
-2034470722
1771987130
-1938924351
-2098492061
-977775728
-994662189
2066651874
984180891
1542217912
-1442602249
-353735512
-2082030110
-382271433
111740823
-1732245363
627445446
-441528766
1215360520
180159526
-254558887
350716962
-980431464
767213994
1907705192
-1021179045
-662766622
-866799180
1383486707
-1295507696
-1865401245
-1603244729
239761368
-71950427
1827812684
2017455123
-1362015536
-522453851
939974041
602823414
-2133431905
-437757722
-1888864158
-441035068
1801817223
-1270919957
-23531152
875597643
721324285
-961516663
587968274
1370101393
1463560607
1685449932
227880241
-1678122913
922489188
1480663834
-1726057054
1521497602
-582672876
-1783193959
-1065498181
232989264
1796013563
-654400818
64622888
-226027031
651488473
1328861830
-1563041281
980640702
505465884
-1110690311
551187984
-1171913257
1699416656
145424171
361505154
-179094960
-1419047466
-1525436267
1777802907
696823972
-1859447085
-1599632891
-1667448098
1810702125
231066731
-1305976895
-1737068198
413722859
-1405949649
-77709326
-964370880
-1475552380
-1089619245
182946368
-875071561
-1151841909
-80254684
-2147459655
2019624940
-1722809084
-1830668232
-877100810
-1297357716
-437518809
-1143850522
-1461901184
718356149
-1468429724
124985976
1749958511
-1455658487
2095880103
-1859504993
1624053332
1291594373
1744457693
1917221031
432839768
-1091477134
1178333365
1113633515
-156662107
-1806980389
1296096170
-2111844982
-1389164028
-122044321
-295493055
1819126106
97716934
2025633096
2124550799
-898397668
-1087445272
-202743845
-117798914
2020905457
-787988879
2128380913
-1444084657
1880096780
884432415
1112511174
2136855778
2128357033
856633410
969741328
-2013542347
-1712960450
-1978345498
1969949779
354301866
-1095570449
1995659831
552268915
701720972
-65205946
1681259041
-736618870
-438005933
-131429598
534391350
1844339707
1814357031
-1361653264
-1435223851
588257479
615886754
1211366681
-424666489
966901791
-163499814
-2057923653
1361704620
-1106678215
818591134
445023386
-97494442
-158907545
-103652866
1164685656
-407095948
2087357540
1752132624
1721465060
-603388366
973607921
-2132029455
1917842736
-285616480
-2117371488
2123939850
-1284972506
203288721
2114363886
2017678740
-647932964
-151884859
666866583
1277511005
1290066437
288094794
636376614
-878338869
-1302233430
-2052679906
-1549687349
-2114335967
-1382295014
1414462233
-1684369296
-621315327
-265992673
-768345079
-396603379
1433141297
1575203442
-1288947170
-911280581
1180065185
1373490288
1918812040
-1989624569
1017980844
1903521292
-1564248482
-1841622775
-1876310370
-530216953
848992449
293447860
354868598
1534589791
992509761
566443246
1547163884
-969206268
1928687999
1420343010
-1711543628
138782417
-1968743150
671672085
588182788
-602678087
-1920624978
-1026811465
-450942380
192308545
487917955
288103483
156656996
-684687827
-46303006
-1531279319
-776831613
939060862
-1169246170
1392535346
718805773
-1042474341
910621905
2070643844
2057293876
658810829
-47599884
-1011941536
290814467
1237803760
1665686484
1845621481
-1130484320
200171111
-1974096182
-1207941315
1064908241
2064939856
-2060151701
-794886199
-1760238399
-1423322632
1559489511
1491507928
-1334297086
-1302286959
-980849994
1396397677
-2087797547
-2147348702
-723216784
958688851
-315376983
-351081538
622655740
1426106226
1605319137
-632120840
-250809619
-1255687069
-538044198
313402005
333238312
769490757
1373368620
1120626819
1712849609
276088017
-538630354
-1257612278
-400512953
-45257557
621538751
-1937134272
276020437
-1791354117
-2040315325
681554370
-1636654837
-1299220676
-194042644
-1005620832
-1769155131
870843475
-1088843462
1565331353
-990965173
-1882921501
-1545602364
-1700527993
-292874063
1105536735
768954936
-1824209380
-140645247
1588745568
-1907304801
73867470
-519024746
-4552776
1944205029
-1962349296
-580409014
-350413114
128436120
2124488642
-1866744877
-2142185077
397136112
849450473
663210986
469700093
-876988145
-619074654
-2072764755
1679366939
-781185400
1870057043
-1348537915
839542849
945469221
2088730148
-1329966645
-1673886276
-938162460
1735946925
1925608167
1194869409
1017824067
-1490364688
-2105118790
320850906
-646818115
-1753362295
-767061379
677062785
1008908435
-389757404
-59667350
-1459771536
1638223055
403118382
886587226
116396568
-1073627003
-1600305458
-1926365777
1814870162
356066908
-1396005866
-578853773
1319611123
-1239951540
1639590261
1687172033
1450226659
1782455208
-1632108176
-1887254173
526510192
672915551
1055444625
-1297473092
562487583
-1130627970
-346366817
1627423464
-1986662332
-889206024
274510094
1790653985
-157947501
-768336727
130526905
-266996892
-1335865610
-2114664808
1772404942
-638131373
-715589984
-1549512580
1350320392
146168668
1639022177
-183400575
1174506788
-1604077541
-1860165573
1455225163
1121845133
-1416431107
-1974027210
-1479763142
1751531353
1616185381
721431408
670835184
-935322760
1354153362
685191287
-1883452145
195978538
-952032127
566991067
-1734366393
765164977
850887695
123692029
139565711
-959280312
1760961570
162464557
-1759475535
-563967661
1772022666
-1842018572
611694604
2015733719
1148140642
1586154925
-2144793451
-1675973077
-1628654916
-1788016806
-884103906
-1578806033
-1345541764
224666292
-967293733
-1213871299
777300356
-1981941885
-1048293087
-509158626
-684710127
-1568194000
-949721233
-999988929
-1726336668
1586021528
-1126707278
325782500
-260048732
1664426018
-714191164
1486984477
1277906434
1492237587
-472376011
1080224822
-1001225698
-621391072
-1013447090
-1310850445
-614644312
-1138497724
-1475742894
-1330696452
847540298
-1913826605
1429235463
2131123734
-26422843
1666754511
-1126191756
1453621140
-415534758
-1832778118
-955923477
-1516443508
-828121238
1652406316
171588937
1365154892
-1957200544
-805264538
1253156476
-1839943538
-28909618
202599718
-580636859
1940668651
1502916310
2047204220
-1276142786
-2000575091
86747339
1897745757
1203289886
-1818369751
668969751
936532918
-934212036
1896380971
-2011437730
-1927350332
-1905722287
-431934670
-1566663965
106928802
-1713358975
-709339458
-1830480342
-715171293
-888078692
-766277081
-1376734497
-1957693727
360978336
523787216
-1757928970
-806602858
1628383874
1945436316
-1624880109
152315305
1983349805
-1653410655
-2068154837
-1407713524
-1211136566
-2103020773
1190366314
-1881149116
-1637530558
-1683424861
-1192577193
-1821642296
-1099097088
1780239008
-1826644171
1476937615
1895513339
-1919507715
-138739284
-1891067420
432763635
766514972
-458064472
1805949052
604417530
1616136970
402831745
1823379657
-2134241483
494598643
367216476
-426933104
787185123
480051415
-1859523632
-51800647
-1175189345
2070077565
-1857475892
487775077
-427256095
1399122600
-1582285129
1863840838
-571625782
-307982712
-904864296
-352130518
299586336
1089042547
1483829751
1137195735
27409814
61110484
-617044412
1172118046
-1040975535
765814371
1690922872
-1993916118
766747047
554725270
303362618
-297148648
-2142418647
1473417046
872016835
-1552384308
-1787933469
-627304202
-1365278524
-969804286
1993938913
-1687974048
-1938581882
-489508445
1404246773
786578321
844307027
-502336679
-1923875657
564082246
-1981490412
-1940204443
-1870051891
221567223
748017979
-447798865
-1749938836
-1664628220
-1758449438
-898144994
-699766242
1264982062
-1846279628
-1696157654
-1716081979
-143124152
-978584565
750123950
-1986356257
-2100035539
1370320091
73937154
-737583861
-358588940
-1420952115
-44224439
-341931317
1279328866
190282798
1262381062
-950419318
-1605570657
-1012640502
-1209740811
-903760159
-113027795
2090182420
417425688
-1704689131
1688258069
700321480
1489923343
94287076
961879650
2099941587
-601815380
1475046272
1772997587
1667581618
345514438
1633387227
265252299
635679128
1792970829
1240629285
-837484404
-531834988
1086573215
-1509167982
525993892
220303091
1087365401
1339304288
1771596710
-1038902302
-550735121
-72613864
-1768292579
1509852248
1428536896
1828614931
1577639614
2084519474
1227103588
-2088463809
-114745124
-849994850
573539720
-160737245
238651424
-577726019
-317465987
-1484008672
-1759498888
-970001020
55978956
-1255792903
-404531889
508799714
-292016371
1217655444
-994188289
-1253490137
2131266424
208651777
1621239171
-1584590940
-1101804868
-252062533
-889922447
1775487374
1802699535
-1303085010
-1586115546
824645671
1811058310
1975899769
418001474
529105951
505176998
-775667340
-1619991722
-1618974922
-1978211526
-59727372
1974402780
1018807078
-4051098
2105563981
-880841113
-486661440
-114597892
800985880
-792812517
1023207765
-284284915
862988597
376392798
-226249641
-749551421
-1973408749
-687085873
1536668478
-704696978
-802239186
-1046185354
-470672976
15740123
39066073
-1582900931
785321947
-1222677524
-1159463875
1478698655
269534501
-1300116123
204163233
-1438280290
-1951495929
1088543491
1102699243
920228346
1233260086
432518098
-508393371
-1321613153
-1207747581
-1497297984
394389956
1045676894
-2035994109
1097928812
866730342
1738345440
646799858
418989891
-1554316837
-1555887657
-1199053868
-808863538
-226838361
2143162485
-1213568932
-1258816188
1533698373
1451446049
-347509358
-702415258
-1507105683
1025022312
-1090938449
836403852
-1275476071
680016433
915497035
-1947544326
-504606523
-1134410188
-591571527
-577364105
1150067319
-1621352019
1996215473
-104838880
-1140419586
-210358964
268098096
-1197248903
-1531033091
1905970799
1134377883
635193028
-686763221
-668383598
1150982954
-1622734187
721112403
-1139667451
352304771
1219211174
1973474978
877766112
118172581
2026999271
661114657
1391596852
490483719
-310394407
1173040767
1821017475
-181881344
1450237980
1837429268
45593201
-485454743
-1466577338
251848482
-427876166
-93649792
1147983093
-10005155
809128038
1276512783
955203367
766201260
-892969413
1671174605
1374231240
1972412721
176670835
1685633539
-2118914420
-621951865
-1785115985
1553553778
-58296065
1321083722
1819804971
-590169997
-1005007655
-1964660773
1223582514
2028028000
-1099080042
-1421968540
-1625131821
-385028814
-402335930
1316241945
432254932
2112859499
-150224735
396384193
1772047334
-446211018
1861115486
114217076
564243994
-995444277
-967817020
-221494874
1035900819
-385153512
-508912512
1712887651
-190772355
761405853
-1091775559
-1411679780
-593551299
935811223
657038433
746260257
-75681815
-802997152
-2130034738
-1942100689
-2125521926
1457336085
928542600
-848433107
410884160
1231259001
1805093732
50399474
2061545749
1660511000
178500817
-1390295093
1832911061
-1052527441
-1847704719
1850349434
580667533
666954954
2077519595
1916664960
246243314
-1846712657
214319615
810880158
1178251411
1670419322
255929050
2087017113
329494610
-1077062263
-1872577365
1972034110
1901137680
-1806553575
932017781
1815249061
-1306621017
1286349105
-408771802
1904256185
-61299683
-1534495810
-1116625175
-845257737
233346325
-857233409
-1723970120
15863669
1794923656
-772121565
1699016500
1644356901
-216026187
-1940984017
-2109965384
-1895261862
1855337558
831197221
-901527893
992703627
-166322925
-27092126
-1549229547
-729675433
-721000133
1178823239
-1395875980
-718944567
1499082673
737933595
-1168864816
-2021135652
-951157468
999032624
-1643320051
-1597728447
-1443947134
1318884675
2025799295
1531583071
-23459667
1963910696
148404931
-49903974
956327535
-806853210
1685802188
-1095867945
27221419
1356568991
346362428
1909648192
2040144598
1913422196
1773031668
-1582881468
260176292
716244903
-991661586
448715233
-802152955
2081712577
813946185
688070437
413190226
-376522123
70685605
-1798561807
-1862418237
1668276741
565018801
-1597494016
150615589
-1561345820
3031809
1851021863
-1047999544
-1842653028
-800418524
761998302
-1290792259
693182193
1470235637
210901246
-1328487871
-1751326906
818986545
-1267276597
-579517581
-1377448384
583223626
913970485
-1594497971
1200075689
-1647300742
896797018
1349469649
-140882282
-915014886
-120163249
-1939924606
167270346
749540147
1411661856
1146454549
331990620
-241021611
1674976532
-2018694296
-463783272
1034438823
627196213
1016622515
-817450205
-1938102721
-1232987122
1627451388
-1836060575
-2083425613
1748566710
781876688
-1197921766
787567856
-389343219
-463403985
1559952219
-88320439
889451845
-825955897
-426465126
1859311570
690017956
-1672989083
920134685
1628670191
-727035769
25312680
1084716187
-213421273
-825896791
-56180489
374301219
-664637635
-498634843
-1190609740
-1870295748
1152210817
1985009337
-1512024911
1712215117
1001425763
298991052
-65104925
923872063
755669064
2047788465
-728698028
-429373088
-1748493408
-157961555
1833032798
-123547254
-1483787720
-1137292490
572693013
1379850371
-247330612
-326344963
1826516485
-149754457
-220110368
-987776466
1904065564
-1573582396
766584015
-672069386
-595885591
-1708718012
1462651427
-1947013307
1113492743
-688976239
-2037991129
-963225387
-1676991277
-649820748
-1774654789
-595770006
-1390863516
-916420033
1703568743
-1630038694
365263292
327874157
-924752207
824285775
-136955078
-1637127545
-335589966
-264998837
-1875260333
1706555272
-1562469658
68444908
227754113
558977028
-1362060988
-1444289808
-1988136070
930521925
-1297873778
257282044
510560677
1991870134
1667186921
-199615848
296780745
-1946381948
950925232
-1357118850
1477106183
1347260033
1372269956
-1470794476
-166178294
2081843276
-1632754265
-1633726411
-200047492
120468399
1657906826
-292123337
-1849702981
570817607
1817342884
-1820682199
-768907828
-909953174
-2003103612
1409505116
1128364943
701759812
-727703255
-804149468
1909501748
1470597187
319945617
1225084383
-619726867
720849589
-1675805041
-1582322634
1744797925
-1665922386
966623713
1418374562
-795465361
-361522130
625111937
-481313486
1537037442
-630525565
-984025541
1921172106
-1344177307
-1496184340
-437316225
172059438
720844710
-179984769
1344463480
65487872
-55134128
-1718294196
1708756572
-165976313
467457628
-374914367
-31631867
1860485489
-1153139609
-334933681
724964033
-1179765285
-551397979
1651873613
-260471707
234102478
-371722219
2006461213
-1475499864
-689375859
-1080885770
-375732852
-240602195
1425481997
2050998905
-872885634
1342143969
-203280060
-1952533065
821127114
72121095
598346406
-993625116
535250530
2070318736
-478755348
-1471394875
-2141369929
-1887416017
352077846
32456799
54520155
-1575117907
-131017037
1127911920
1813164263
-598316295
992095328
324921890
-475868642
-983862910
-60239475
-927316098
-1806813870
2040654281
544324998
-946527202
-1224692730
-1788772815
-690846799
-1706372186
1442785748
-462923239
358387988
-814461836
1773348753
-50939860
-689422822
-2130456554
36082862
-2070642185
-870795114
-811653380
195297
1105777851
-521795064
2125816686
1743566851
-1497071740
46841374
1396268991
-1254264261
-686961030
893840764
1875471299
1001335388
-1655883914
-2059226945
-392176259
-994340725
1367325655
1542864831
1731164445
730431269
-1681058922
530465044
1544152104
-209928225
-1341327976
-811135525
-857892872
1075478317
837292355
862055866
-683931801
1664553448
1226214739
1644400416
246410183
2122838314
-2096685074
-2133114927
-1464406764
-1308684164
1079448565
-173626975
582031724
-1627196877
2050281372
1591613311
-1744052289
-337043946
1531686972
387024565
823493058
290381380
1114722151
187631725
-129945304
1581672020
1748600125
839858038
2071153684
1997326526
1024965629
-164837816
477129928
-295739784
822700254
-1657247419
-33472350
835552484
-1993425377
-326459071
1846041161
802018792
544467549
2039032388
1457943331
-1590935970
-272729820
-902950258
660393994
416847535
1429711047
1882897882
920960318
863216058
-1299854989
-243181337
-1603381860
-579693063
-598476414
-1387036365
-35124976
2039452902
1269355276
449651977
789812807
733983899
813817540
295624638
759458729
88965048
-1506615296
795563574
-689003642
-1086255224
-362459623
2063554477
145559438
-148036506
-1199206668
-857422157
1758988166
34267229
-1036990751
776769144
372109113
-951842802
-1290841693
-1135859639
1017751468
1034284502
-1598736177
-500206246
749887380
49638191
652426073
577237189
1670608652
-1350661034
-2095564181
-1498513966
1742891650
1870713390
-1593041032
1836930681
207878386
-1358746012
1638567825
-379855324
-1486816937
1068047827
951386103
231627960
-697396387
-170621656
530120688
576185814
917819226
-789171255
2004929502
-702746531
-84299393
78196978
-965640820
1251566131
-630827958
-1286392031
-726962741
2042958917
-2007058882
-1849228876
-172582083
405672651
-971231530
-1811197745
-1261557136
-29352496
1699069622
-399259773
2080068398
560279025
-289362140
57083948
-2124329198
505610596
1973892277
553628442
-2076107426
1947596092
-1023801013
-227792014
-195743732
-1947619606
108867902
709576278
-1617799646
-495691258
-1820368936
880953411
626816842
-1155432881
-1739673849
-1578445637
940766369
1126543856
-602628531
1191031843
1069662927
1455729669
1006537978
-1547070483
-1476292265
646413148
758588317
517154041
149066543
-740760193
-125280072
-831636424
1147321490
257569266
-1379582798
-1024075374
-2002154987
-1616714312
462756113
-364693239
676373752
289551132
187330280
136466974
916584638
1090593197
-367955827
-763074189
1932070400
-741297527
903516815
-652765007
125746813
1690272990
-516935706
2029285547
-116156812
1560723118
1998962028
344005059
-1741785291
888552913
-1685962612
532387468
446320373
-1299950272
1152318776
806554801
2094463458
-1949984113
2030997280
789723156
-1790009225
1423280059
-1257250272
2124115002
1800546064
-1979648731
1553186297
1587070949
-1531673920
-728780834
-1603086013
755597058
-1845098654
-627396571
727558050
1149198021
-1209138450
1160819757
1194219319
-928124910
-315475443
1944273698
1079554394
-1092690914
1440815598
502422638
-810888571
1731557206
-703810726
-135440585
-1370690158
367367807
-2033069307
755217964
203263529
1461719582
1481100071
-307694719
7016051
666475545
1068155467
-1646622409
-1075694573
-1783182435
333159271
-326649440
596977749
1764918082
-663893205
-1215374302
192757672
633476461
-1842565475
2092708411
1175274569
147639030
-1937295643
-462255932
-1114556351
-930959350
-18219419
-563730055
-965492079
192465745
1627200268
-933830472
105954218
-2001788078
641483244
574495624
-1103131358
-853068266
-1850404855
-1489870371
1916229797
-42481909
1931512947
-24006375
1327110697
-382392533
-733333610
572029654
538130789
701717341
1778924495
-1818014750
-1647755645
823772443
1412272963
1555390346
-576086509
1654010196
-988268820
-490822885
1351667779
32993682
1225435892
-239080027
897591117
-1273633953
-392070075
328495106
2050365744
-67991067
1839891296
-1189895914
2140467362
-698638892
-542310290
-1011930537
370088260
-663767160
1791943828
1180997775
-1240499433
-584648854
1907678347
-2079140640
-1664640722
-560213867
2126508143
868198920
640968613
2000902589
736414934
1499060710
-993653551
1071597644
1199966500
-1085765827
354812344
-1091438131
1769733916
-1964968010
878331331
2015309709
-1693841478
-1576405
389781937
1399480447
-2144718527
1305754914
-954206769
-1477589664
-980041073
-119799401
670674789
-1313635558
914497463
-517007874
188678515
-1056139411
1550771153
542930311
-2013991779
-1990759476
-1814346741
-2147391581
-965500317
1206006404
260444164
-2117788730
86634388
397636131
-365108391
663469422
-1509402108
1589994263
-1972085633
2146976868
-1718360708
1793524629
-1272156974
-1895529150
-1205095439
-901773893
-2109663762
1626031668
990639353
-878511112
-2122766275
-686269438
-263464838
-1616156757
-2102798639
932123469
1320908964
1935379978
-1218497420
1735879192
-1016991968
1506293573
-353964548
1971772810
1907034505
580828138
1503385058
687984625
-598257381
557057162
-819587819
1784597258
792222121
563175325
1800213772
-882564481
65965012
819876258
557152026
976534192
-847454599
-1294679158
-1212764923
222099382
-1696976021
1625240406
-1743190312
1644501156
-1896920223
123128574
-62502408
235438863
1877706034
206668181
1266951540
-1274166576
-1479943105
1338944169
2121340833
-1987624441
1333975599
-1189963793
-579757850
-755434141
-1392545823
-1628950241
289710036
2085533857
1688988062
579446301
1498665593
-1765640366
1909027470
-312500391
1875179765
430652896
1737481069
-1965518729
-1516796595
1921539794
538482814
-1215295183
-1703787393
723376206
-1608045889
-2145886084
-2123199275
-423983649
-680368035
1513518569
-1752203906
-368498056
-145401750
-1786559154
-1908858022
1197053625
1157993932
-1972692827
-1895524588
610234224
-1411879560
-357686221
-793548683
-1573365662
1996434400
51624172
-1141511433
90408778
-1011462742
-1120683755
1814902681
1567687457
-1536522335
-934268117
392886257
734991263
-32384528
-1418508541
372919943
981509377
-1037688179
799258930
-258052001
-823155699
-594418958
-1052452690
-412564521
-960850350
-2068370158
836541109
-523134797
-1802702156
1455680394
-507178771
-1168388746
-435814873
-570033897
1778163148
-1447234061
1638543546
-316359864
-1550152903
1074321186
286746327
491598964
-1968969869
-1762112457
-529243447
481870061
1062652977
1292953840
345531005
-1765411979
29389835
-336335570
-1376793204
-1486994192
-1043021288
-1452253753
-1695596680
534416219
-125558825
-1050847590
573993525
-1069323268
1320605010
-654382621
-1902588693
-1142276901
-605864064
1980309711
1851366138
-282457744
-513373973
-394661550
1866870590
-1930973539
538822802
-2135147208
1530427283
1751335389
-1523078384
1209216634
137413787
2052863934
1378812
24020178
1289603518
-1431503476
-1349446253
566077585
-1839851150
144308814
-1888488300
-371157328
1312203196
1868245750
-1589838229
1723005476
831384821
-1993945645
-1798311023
-157350283
-785110319
1551290698
1984092210
82503569
-408140387
615119300
1201165583
-87237923
2141882311
1941762794
-1779645787
1384072588
-1927178845
1038532623
990528143
844061748
-243351700
-324583442
114985768
-1036636258
449507208
1418573716
1991723380
1731539677
1559607567
48797855
-2059125441
1638698657
-1796978035
-571541848
-91458682
-1200433716
1580615943
1174888445
466502422
1994059589
860804924
-2133389933
-1292374157
-1186051828
-1018147540
570400314
-913238534
-806442865
-140680227
-1054813934
803948873
1913924667
-497362596
-1407782083
-1305051426
-38710699
-1114058495
1858467029
1203516158
-2081416951
1601926135
978082080
1330538199
-1107784765
-147941892
460879362
757456104
1392660925
1894277732
-284313933
473773984
1356337624
-1325705886
1896797617
1710022213
-1559445584
-1623718518
773669366
1080413207
1351624170
820216209
-2108873875
2112335285
-2075049521
-1198569897
-489639262
-848236354
-378387426
2087457063
383047609
1215146426
-948221155
763433533
-1693170527
1104442427
-63559183
1489322888
-2109374839
7254335
1890505007
1454434224
-1109685614
570148824
-898028366
-491162279
-841469499
-1649062898
-887715154
847934121
-1897263034
-1531695100
1247928325
-1326316280
-620764214
1142252376
-812941863
44054822
1159580998
-1581349680
597822561
-1891350719
-1395099160
-947287502
-1976574208
-796698713
866477898
732463730
-1521420909
1173916538
896448229
-561981934
202850058
1244024243
-372489021
-2142262843
-1185418951
-1942146968
-617941640
-1042331818
1062603248
-1776493999
944140114
1169141960
-143962808
959957128
1776857807
-1468874307
-1525525185
-1203050352
1042695759
1524531995
2127136391
57036439
1250224394
-1042377492
-1636827494
-539718657
-85589693
-547892603
725274385
-1572705766
-1427293763
322933994
1651644982
2137066805
1714356846
1962555248
252372183
-229063721
-1208358798
-569720156
741060957
1627588170
-1186399934
727179627
-654886884
-800691622
698131749
132678762
2111426795
-11038884
1767560421
-180562009
-229940745
-1152498062
690890438
1351511664
-1899960364
1303280396
1290241715
59558267
-1364858156
-193421391
149198266
14261070
451376540
-1051876610
-1976527686
-489001247
-601923341
-1150373649
1522320987
615224449
-720893731
-568245155
929594429
-1017480970
1607319272
2122599623
-1268759693
1330367207
-1403744827
-1049924524
148825138
-451669379
1339957785
1335988760
-724424507
1615830855
-253432683
625243286
76586948
-1133449123
700371268
-1275154299
-269693564
-1119159609
585824291
536776662
-171605807
93254175
1477677814
-253510410
-1694875942
-87328908
-502944679
1925080656
1185282668
-1493872015
963531796
1272878613
888244835
-44033858
55426228
-1831157185
-118320292
-158373979
1040588374
1361107154
-1407002449
833590264
1307931333
-1177203612
-1303959396
-1374751694
2145803975
385344736
844912579
-1730205476
-1080697677
805197958
865337305
-1642592462
1850768455
-1584336587
-942541416
214698502
-2105324616
-1240088084
515287543
-103256861
-1035354615
-25481074
-2075006309
1306088820
-238869856
1786435557
-1604536948
-420696282
-141589995
1805256168
764417068
575970572
528282701
-960669120
1872376164
-676026877
-227818553
-512145144
-124641505
229834518
1409348149
1520534996
-1747058949
410621987
1344533070
-1523213580
1267106366
-332869954
-457331998
-1175899910
-1389497082
-502797483
486283054
443206264
-191870780
224251027
-1816192911
-1435240435
1574228458
916350217
1342721214
-371570525
-1856918301
1061154571
1636892436
8944113
-806617533
-933954856
2051441835
-1245991609
-767589825
-1741243651
1553898384
-1084709750
-596959393
710750970
-1950704012
15289212
-603492239
-1237767131
-2107006529
68358464
78084545
-1732373298
1854328299
-1571105251
1217592710
-1769460317
942836496
-99389055
-227728482
-1267881642
2100974010
446698569
812738686
537895548
971781378
-1761342657
1847330659
-1410724936
-2033157668
1699587555
884102093
-122683880
529846188
637683054
-109922771
1790183870
672792095
1821235219
-1199882276
1139961026
-1035068360
-1189591929
-1460598193
-1806871465
-1081432919
424118724
1491195273
2011794476
-607192220
1889376008
1761384912
1100759060
631584880
378347555
953483427
-1958693912
872958976
676393458
-1758398230
-1311304277
-1585459264
-1018852570
-434185617
1572589039
-1843979918
-2109932214
-1148859252
1649996408
1176134329
2034326019
1942578214
1655291678
1860049461
2008690840
942976217
1258436855
42054095
1160634292
-445640332
1124818869
417365589
-1860190357
-91695193
1325830475
871922760
1729652602
776479483
1668350934
-1841820172
-1527409198
-1845316863
1279949243
1990264513
2004056407
-706096946
-137325556
-222259255
-2017893148
-1770446938
-1783470289
-966725206
-657445230
-870038282
-1781123647
-2116898916
1703460666
-249390201
252016055
-1090953275
851285559
342255089
74548166
203930827
-1757264528
1873818701
-1824151292
-275944277
243280277
-1199148755
1570854607
868309193
-1527782745
65292752
-929055507
-1022299321
1385386174
-504207982
1975524852
-1729233511
-812902138
894378145
122979820
1952031833
1176958730
261307893
-506280142
-993721257
-327918028
-1776597887
-2093096545
-506696460
-99930220
502070182
-459524120
-1363938385
-1793423392
2131999464
2043754311
-639554304
1891363259
1044742371
7820635
-1879630236
-1379448774
-229767809
-1061058484
-1493779015
-1551977053
148650850
-365322958
2031587787
243251831
1193407654
-1281158985
909199406
-1899718478
-1921212725
530599418
-959949747
-1453326512
760826351
691173302
844950467
-1002311149
-1527419076
1913266083
616362985
-503518845
-1463735647
-886992869
-787565393
-1653706954
-851518525
1820298241
1179870383
-375473583
-511221194
-443832098
-578952577
224333902
-1990629145
-1706318004
-567595194
-597234177
151876829
-2056032873
-1043366255
1026309329
-1792038112
1504151712
-1492914329
196286549
505119224
-2014554364
-322026854
-1839863812
1023725914
339362430
-2122505633
1515114786
245167775
231844745
-146223327
2060961101
-818282633
1836018505
-1013889647
-817450827
-1873735652
-1574105173
1502622209
1591708935
1853126858
887502282
-672774926
-1938924443
219754093
1135519380
1456520427
1683443889
-2123457892
-1317332563
877476235
636199691
718206662
1809367699
20917217
1152769943
-1661098326
665717762
-2146732037
-262624893
-909359604
549528985
-548136004
1372011336
202792357
1416054716
2076634866
995043119
-795937958
411685308
-946876248
-362865642
148531633
-212031947
-567290441
-1771130253
-1105042816
-135042633
-41923421
203916697
1358469350
1318684584
-507401565
791682362
-935795073
-1079303832
2013509121
1677552428
-18225198
1122716598
-1321893468
236446063
1025438734
-1909047727
2113998315
982344815
2027248630
456415714
964666043
2048499077
-51239912
-157472743
1947285211
-551390781
-719016380
585611797
695367806
289317104
549848636
1312295176
-892187871
-1093087023
1276364200
-701547238
274779799
903973034
1369490252
2118057614
2061452129
715579652
751108476
612250915
-1638309821
1209068463
-461795378
402643388
1621486867
-353495030
1403278353
1351794242
30783187
-1024780415
-1952256386
-1529122871
395653378
595986006
1327705389
-1759013135
1073109038
-1106977628
1363854026
1835825806
-1453479474
-1217172575
924267656
-338130805
765871438
-2094175453
-1711656108
1031407883
-2093053334
1337809765
-1169828786
-906272816
1631570110
-517914870
557800564
-57180192
-1466379106
1695707489
216437664
1299150181
227317027
-1543627543
1038799540
1301555668
121823109
808457752
841367827
-2052733358
943403952
613031512
1049294162
-920889262
659959312
826135377
-1846219473
996383874
656655024
799002221
1510936769
-768732185
762418562
311343256
-341265167
805422918
821429248
-1622059449
-2084810456
1967348934
1269412851
125489084
2101304393
858416082
1462418321
-543901305
1826522337
1028913988
1252112077
1816305999
-1505183587
1247229375
810704363
1082860242
568241916
1813045339
-913936046
1479461161
1690561348
-1953329272
-1290072411
1756708944
-72783431
-1929701845
820364051
123575014
-914789364
993839885
1671950062
1906749488
294590738
-315080587
429674106
2112935523
-392436811
853037586
1041480711
973765922
-217584337
474393887
374570818
-1970443195
-625355148
-1793182015
2050538951
1074440923
872789231
1005778098
1665786105
1516196466
424287857
1507679268
-300415722
-412298603
1102938214
-1875825953
-44055163
622028949
-513984951
1248210604
1702492786
1727385484
152245081
1908121334
111295388
326724766
1312641932
-1652233043
-1096663955
-1192854654
856696772
-2137445267
734942538
1740635968
-1928900288
-2142470433
-47133140
-761038021
521240660
-1242752161
-209273233
444381298
-511284644
2134106335
-846555671
400169730
1301531374
-1095593718
2100667198
-1812837393
870106190
-246933077
610478963
1974745891
-1580575962
-616198064
987031232
-448348747
-2050832010
1031062570
-1086196055
-756200337
-1150712631
1507559991
-1642682033
-375675254
-43560024
270870434
1276943875
-1982178117
-1387315629
-1538425239
-2035802341
54167666
725264046
1572855872
-413088503
1907831648
-2131561607
-1009407051
2089334440
-1119407302
-819053884
1556027284
1896291033
-1798668867
1237819297
799199372
1722781518
1990867185
-1456253158
2020035858
-225855323
288558000
117016677
-1251804284
2071543736
1596289641
-805143466
-1688293742
-254291917
-898622431
892456980
1294461913
-1650987930
2076480442
-1602904305
396820688
245410395
-2114537096
-1119233999
-1270414873
897560107
471584960
-1761660333
-541321236
-728762995
-1520032222
-535268366
-1122582607
-594982737
637964696
1275593250
-1160192020
-833264568
-1590863601
-624760126
1537988957
-599445266
-505923801
1530781168
-1666910922
1821481892
-827094473
1111214783
-1711811146
-1715936329
2100359059
891097895
1322044694
1157788105
626380560
2144963388
-940884311
-2122281939
1323866824
-1187072093
692481598
1535671414
-1379154150
1815019329
1853710792
-284231094
46251764
-13253580
-1404782272
400551803
1472550995
-1064331258
-960782134
-695867049
936807691
-486211809
1830502678
1831258943
970161091
-85362820
-1203613175
-1377790346
-923667133
-1049119074
-309021797
-2121639110
1944984050
1524585156
-1396625150
795518744
-364459111
1340558171
-1552035312
-709491588
-450300051
-766761803
-663920935
347955079
-2076771253
-1573418247
-1402537576
-2065865691
-1519799995
513454170
-243076398
-692246179
-1222848420
1091820171
1742617531
-1216627221
-1137653361
-1013263502
-1288168743
-732861941
1078477332
-1447612133
2024015591
-870139241
-574110747
1270786287
-222049285
-19879596
-1935515267
-1345789403
2073845482
183662216
275141091
82410359
2136605419
1348143055
-1582774041
18364441
427730298
-241901522
-81752149
1815775206
-2143316866
-576912024
-1447878300
2051071708
-158993747
1188456080
1219514466
-1635938358
-2041082321
1236572127
-592136371
310517319
1772354945
775288775
-127173968
1848327142
281814684
-1070427833
-1293148485
-464329561
-755461035
1694912384
-1342606012
857951919
-692765178
1584551561
-885856241
1065132347
-544234130
-1409641090
546939726
59418322
-1042387243
583132639
-1293982614
-1060704582
111662964
557337622
1527574787
-931720788
688827922
219426137
-915768779
578686410
319009266
-129462606
2104782877
-1940722224
-2106360852
439857499
-833910373
-664916086
-1727572519
-1904041905
2125923416
1948425605
2031199284
667648797
1136419082
-1867673591
-794507779
1405733374
-79683594
269863238
173903584
-1670609110
-1252572746
1670340812
1750646678
1622706534
-819359684
319713856
324870283
-455799839
499184662
-791051444
-1933958463
-594342080
