1988470036
-778957046
1050025323
-702057262
1715739453
-145007221
677695807
-1153957186
-1253846172
1696545625
668894432
-389419394
-1004783762
824586779
-1535638214
1067432175
1249510362
1954365421
513222199
-667668196
-1109144486
741294691
-891622539
-1829404445
-1486244443
-1115976243
1408305210
-32383016
112621707
-1689766724
1580133028
1235357800
163906121
1374864325
684967460
-2128868543
1088374302
663385476
2101104941
-625312527
1941967902
631972579
195570215
959183309
-805631675
-404720740
-1698949207
-1280898029
527101134
-772992261
-1175742488
984514642
1889013445
1154084072
1520923497
-22834167
1343060955
871216932
668354302
-1090917746
-1448273287
-827503917
838285551
1740336177
1098908950
1065980473
-1885450890
-1924631647
-1652443699
1162350280
-1728246160
1042476429
985257769
1543453530
287406674
-27701618
417451587
-1894756678
-1145016743
1779467075
1980781071
-459529624
-637534203
855260861
11969522
-1483128419
-687244857
-780711138
-1495253610
-208837492
91352824
469483644
1734281218
-1672684566
-603743475
-263895542
1637576676
1900458160
1113686025
-2142125703
-1537152207
-2029224929
-2019428302
-1694033765
-1871395857
2133933060
-711708921
1147332938
-1035060143
378185533
-701516432
487807879
1814323204
-1198209413
-1125341897
-741838363
2012681927
-1670392504
-1632237641
631208999
629034049
1894559563
-1878035502
-1258254296
-1421655794
-912503349
757208871
1096822011
-1982506726
186325361
972332676
-53121966
760019762
957944913
-447434343
-258513373
1902400983
-1054072789
-835717649
-1921340792
-124314282
-1433803539
1418054935
-1011747354
-1271425259
-1197794436
-1946533338
-878476463
-1149729234
1429356723
-1717183904
1255579951
-1219441343
189527211
-1740292814
-1173132261
-501819003
215976508
-1197021339
252236811
1627335456
-2119529788
392453521
980111284
-1534423367
172634662
1071092175
1036050988
1755700298
379725589
370438322
-2009770287
-687452358
146797458
-1581659786
706467689
-2090153046
39780786
552338810
-512671606
1528538382
321462437
-922787093
1225054268
-460867072
-183773709
-2139183422
-1239201060
444004688
-893714681
-1214875153
-671477182
-449338273
1593673457
-809703978
-1498961114
1689051820
703149159
1961862138
-263242561
1836743343
536794124
156972279
248288940
1660077029
-966245644
719844021
1661970711
-467065300
-1146217113
944345562
-638264553
366787152
1565726181
335595136
1541530454
34856933
1025456234
-1366949848
-490404109
-92611498
80059891
-925929235
1938743977
-517679298
1211323456
80991228
790438448
91211766
-1233224230
-1915836605
-1928410653
96544878
1935208023
757189736
-278858078
467304768
123324124
2113651964
-1841481735
-303947006
-391784734
-1867973136
1179707521
-1825726245
-944323267
-773202361
-409524090
-425664424
2038252890
-1978757876
-2064294166
-1974611328
-115680056
238330502
950297672
-2043794907
-1003225863
-1961740117
-1268859813
529638268
-39619256
-1753411887
284066209
762360048
-949714627
-460082005
-46405829
-1602445006
639170320
89780338
-1884850921
1640206996
1122327147
1996018786
-1148624304
-783300713
-877340812
-1863960729
1717678548
-1534119742
-1835832822
-2009168616
-757402297
1405697972
-219368114
651630820
1031526950
-1414113412
1130516324
-1673619318
637658415
95252008
215254394
-129760818
-1960706048
-2095991909
2137316360
1928617833
-351159042
-386707036
-857092263
-527804096
-469338760
745773387
-1849714613
1070207961
-217733621
-928108179
827980114
-1711860982
-818664121
-923919734
800544706
-1002892302
-494382958
1460575197
-870996659
-2044718547
815573836
861236652
-397550135
927394883
-945787853
-233523999
323165494
-1038656672
1883473161
960013274
404656639
-894881206
1849929844
-1781672836
-1978496
1507989390
-1641450972
1288351630
57492680
765079293
1410495802
-1002998461
-1984898145
-1310890410
-178721560
-1619674344
1150878666
-1532470972
566090580
1411478240
-1616204147
-1476722550
1253466817
303222556
-1855652240
755671164
517637360
698980496
346533702
-2113951056
645264580
1291831570
-171345302
-1455192331
723639844
-735412316
-1745224885
2033022852
-2124888028
-1618107963
121559083
1142754421
1717826918
-289948157
974402339
-1761355148
1628694206
-75430955
1068803946
239560884
-693378028
-377396057
764237526
-1577088477
-645746802
2124362293
-1549349983
1512347102
173590254
-1816605156
1830007408
209990374
1250350904
-2122236243
318943377
-2138395884
-366131561
1456520452
-1356801404
861534538
213383296
271028313
684625596
-2004416789
-1382567913
-1791833451
-1736394586
-1133982580
558150866
101169704
1506066410
-1553184277
699702620
130295065
1862117360
-1852077793
-475568965
-997285539
374678437
-1917509359
-2117194316
1188273773
-1513905794
-954930390
772823149
-1605307374
280925116
-1400512435
-1772499372
-464844158
2102163698
-1222618873
-609769409
-1369182288
1815242948
785837317
1840681684
-1640108576
-1729681168
-1048031802
369661227
-1869056135
-2043408750
-1869481840
942546353
976190494
-601083997
1732053928
1704491343
1016232703
1067886786
-1658058052
2130319562
-1968576917
452000567
-294355292
245057644
2130095273
658163508
1988516937
-2075116060
-100599288
646735452
1454270181
-551051158
690522165
-1423037815
874512748
-659099866
-1235611956
-1954659126
658907977
878471634
1834133808
-2070964054
1709335629
-1339793507
1146307999
-489947209
-1904454684
-1485174702
-374115968
-495402686
621973385
-1884664903
-823912705
-224116126
1512197243
-2050942147
1231552475
2012230207
1697728688
-2102378034
72429950
-98847092
-1907271926
-264712695
774862413
1936022613
-439092536
620657301
-1320310719
1813303546
-1042823618
1119795407
1273008310
-1829197958
2109763784
1964720552
-1801227901
228896245
-213526532
738349262
999000906
-50227349
1993695262
-1866666487
385692944
-460915255
1019504600
-1303516953
-1853728497
1082458150
1502200618
861039260
-1414829366
-1569521335
-1474334305
994001442
784411234
-443725202
-703790143
216288936
-1602303704
1113822793
1739482062
-1898861527
-1687075982
1100400715
1884419498
-841972134
202507186
1562661923
-469482984
-1201949240
1971331780
-662562425
864985380
304253761
1528617350
1387640883
1636931555
-1704825485
-1551566931
1857986609
-117777057
764030163
-1230343210
-967155109
2091006667
73675200
158230747
362743070
-1126712578
926083303
508367976
325017984
1566629150
469570024
-239949107
-418788253
336182939
-1694641095
-1700195308
1358008330
1355444319
-184107445
989587030
-638060068
332393283
-471854358
1576087882
865206376
1723553732
1184237801
-1618284770
359908777
-463364874
1768415485
19803786
-1694795382
-796890440
1157101033
415910433
1812553900
-964873432
145369819
1315684585
-477428891
-23738535
-888120298
1993049134
903596300
-1959687357
387626448
824495762
578650995
-411208453
666637660
-1062676375
-1815105868
1550600995
1276172427
2005466435
1284794672
1960302243
370720592
-670751031
1115580372
1008139160
1945813922
141922508
-420255074
-819466868
-1579938906
656685722
-2015169185
-825429272
1585535500
322673044
1246318786
602762150
-85679944
-699047683
1928533900
-562819254
-1625384539
-2020773100
-1332358107
-1929472494
-2041673210
581586787
-1734970794
-2143141525
1709740973
-718433703
1042188627
-213125209
-875218768
-181118442
-1246903812
-252057875
-325913271
-1942444922
-161161889
578282352
985469950
-951977295
572268417
157742307
-1310121983
-131793584
372187741
-974403796
570333657
894871202
-855354067
-1536757161
71488065
953243008
-1678332953
-1286255155
-1567813809
1607923119
-1901313270
1862648517
699752408
-1371743883
-531825767
-1179299335
-728579822
1570969710
-122137753
1652113565
-888964485
-993884257
654741
661299340
-758852614
-1843814709
1907425113
-1761237052
613255747
1358028549
-2108336896
1558350612
-516905601
-1388540282
1426350901
907333651
-423324117
-1285628480
350009475
215566932
1864678463
2045954482
83223320
285882327
-1646150509
-301772930
1892245195
1045704897
1175931006
1671415096
1479401311
-912400817
-287032384
-1374983168
2068216585
-1077957368
-777243487
-913600686
-1864664785
-2016940494
-166196647
237487516
2091567474
2111511686
255641010
-875223536
395994862
-259573722
-1717108757
2126415803
-644404288
475819470
1568852959
988356054
-2003904312
1879866698
-1326019225
-761920164
295458223
1098224423
390685435
-1212770340
1030319403
-250312275
2010383775
-405629041
-415659647
1084605708
-1639628036
-535000915
1665480011
-897900844
-491686452
-966669317
2101765243
880841898
1031184507
-1740026200
-678311521
55619128
259329547
1445782362
-434521243
575983205
347512119
520525954
2071686754
217899974
1016928731
11313143
419399438
1977429075
290605202
-1607754814
1770211347
-1170735011
1723500704
-1430756297
-2100305722
-26945345
-774557678
1706007364
2100928501
-1998257069
-360446428
1957339405
1857621731
-1710636888
895844322
-1659454025
-380880752
1276553713
1342415633
-1741384573
1418633532
-418990529
1096004430
-466406369
744141358
-490131470
-1314845321
-1938073544
-1305502287
-1506843795
-104868533
1970581587
-1857880225
-283446264
134895948
1381515229
1976941729
-184021942
-998878996
-650105984
-1948784267
1896734039
37574888
1809221559
660583794
690168231
-278507026
1997143204
-1355569912
-1088710920
-147618427
-1958194400
-286745844
-508648571
-28068563
1043087124
-1357351308
-1775854984
-319653947
2005728006
1329481822
-681880676
1973848364
-474773258
-636393898
-510522794
-1492979669
-60642197
-351740712
235386837
-226877806
-543428152
-1102772717
1804229768
747663264
-19048733
-206223120
1322839248
-2108839769
1765304535
925647953
-590818057
1018388464
-144905447
-243996003
1017858143
1459121627
801004489
-157331076
1381748734
-1247294389
597485898
1810119135
-402338807
633571392
1898949908
-1209363390
1463672047
166898116
-1128841272
-1691712203
-2097977464
-1161087477
1595734660
-1344426473
1053141134
2092412885
1580497272
-1314603483
-1199502517
-1945519593
1979331513
2030473138
-1271351404
79806681
-1803338667
2121094583
916949749
1638780001
-1996521306
-1349870194
-754257619
1677714065
980490219
559098106
753815516
2073991821
-909084652
-1404050326
1117059450
930662048
-427908132
1225883006
-585376885
-162572192
6530589
1399348682
-1622451184
-2114526449
707325535
-52752935
-559605184
-1824235452
2095342257
-1242479500
-222263688
2045713098
-830326084
1116349987
1623491951
1944839111
176748564
1540913395
452694701
828634656
-1967910959
185061497
-1973217731
-945017828
1335302494
1715074583
-923934303
80177991
-364603760
-1363406467
305989637
-397841768
-1810847495
1598510450
756123063
-1675807019
976832638
-333892396
1290562263
-502982346
-574435545
2028692445
-2139456182
-1344289720
1567682102
-896259673
969115124
-283579628
-1380884358
798737905
1474608421
-1318476160
1506733540
-56889565
-1969157549
7294196
1880659034
-1022710641
361302794
-320495553
1225910731
1533153529
1042814240
129725884
-578876541
-1163224743
-574445524
-1190708048
426749631
-544853026
654705207
1498613494
546449028
-1204407498
701483956
-821168163
860910252
167162380
-1506799955
644562257
-1849250752
783166162
1932979519
-204146888
-1430035699
144197567
-247280824
-1029983970
1056424049
813641499
2040192862
-1326362093
478577525
42389434
2037210882
566798035
1115564576
1807872453
1409792532
-81728985
-1212425206
-536801344
1787992458
-1109987445
578415150
-1748550713
-704473764
1233900561
1051064324
-1840147174
-980822590
-573875835
239608271
190976476
-807005279
-811970608
-100289485
1481023767
1269410882
171421857
-715175670
-274601725
1498790980
1096896841
-1275896457
-1140120185
1292269012
1427590886
-536103622
-2031162624
-1546508774
-924346173
-800252091
259182912
1846451702
-42124033
1204187024
1287277272
-893914645
-1731896468
-2112568791
-66376550
-1536244389
-508173640
1780505486
1177856345
-1254910732
-689931310
-296306114
1417922034
-26758038
616449926
-159666803
-1195603568
1710486374
1883722346
-965442120
-1254134230
1124081085
1714610941
-2079477448
-1627990704
61197029
-982776308
-2064884902
-1440709337
482095268
-300417705
853729295
-1581026894
2088889609
71464052
16263424
-1943982
1271200672
941465588
-1210103835
243262351
-428324384
1946331843
2124276247
-1617853160
1336516328
1547769300
2029338979
1078592520
-1530803606
-325980675
-1173676512
-755660438
337923815
-319947745
202143363
909427967
-354223332
835998601
-1370093775
419249214
1871521467
83944093
-2142029547
-1667168869
1818855006
-244782668
16619635
-1048546292
-1394292040
1783462975
1458841917
1680635592
-403800307
-1349357522
214117541
1609085265
-291448093
-611688556
-177591309
485003189
-1020822791
105816203
2142723223
-997008625
-224119432
-624666796
-1460883071
-1328836012
487619944
937297603
1637100976
-1795421365
-1559426715
-2017770791
128863241
-997351459
-1837583982
1010723250
549359721
-888444018
-356337460
1741325985
-1712876035
-94118581
1887171874
525976473
-175558960
1544233317
2012056453
1262423246
971532453
-1907644451
934490811
-1142175077
-2070770938
136465122
1908552089
-633547354
-2018942307
1205328279
572886129
-1654650559
710438337
-614331624
-1437919800
-1248454637
563592787
-1984815682
-716941748
422217463
-1017469749
968337058
-2145812476
-2110393821
295008397
1531073888
-2005147447
2120024204
359076225
1733668892
1997047796
-1476351607
40355554
-1523708982
-1339878568
-1871007562
938018644
1600537769
-1971595406
122387482
1594744380
2107767567
-1412180257
1624025228
2052454988
1930975340
1589918989
1783496785
1924794716
1301782664
242634805
-4671478
1360100736
-1688595697
-1030484344
36640204
-43577514
-863444657
-712447320
1843193488
-1033727585
-1613611969
1689082713
-779131443
1984162320
1279508162
1282355832
-1427014813
-1504427158
904575021
1026813739
-2135723077
1651494088
-1831855354
1741782873
-1095526869
-845440457
50205710
-313711524
-1179697762
-1145013621
-1936093822
475492085
509237107
-857942416
-50716004
1123518080
-717919066
1619848383
1968129888
-1824051352
-547841747
-1159069678
-49698668
574899420
1391203748
-357152358
-1305737201
651401666
-1100138709
-1445673681
2014779702
1348236524
1382615438
426322600
2090344899
-1088217975
541321127
65906796
960127688
-252707
70759936
777073481
-1470657037
-2141620684
-685202500
1057652611
-1436300525
-1974649325
-729115210
1010366256
1152782811
-1188151375
-1483759638
-1985068606
-1344939036
1917597605
-478531308
1783640293
-1805421832
-1462090017
997446806
787228299
1530945421
-1407149860
955494046
-1668134844
-604914802
40220949
1926108807
1864373202
-1014076063
622021560
79229824
-955832068
-752382171
178331034
-978927765
1960205474
515475003
-1274232981
622089222
1859676433
429428488
-850190294
-1165760944
-562245736
-751582984
-305866021
555865125
-2123055269
-348795195
761604983
1245063211
246879590
-1766127880
-754008284
-1110444047
-1220818427
1976064175
-2095524954
1749418068
376463186
-660119391
-219522540
1459233829
745284878
-1668824481
311431374
-847007480
-1794873932
-1509535268
1699072174
809406110
-1202859829
-1421946577
-466466435
-1870939162
1545188987
-300595562
-157775448
57786080
-808261533
1991257790
1874341170
231860851
-33074263
-1913843903
-138248212
751935119
1848158290
-1406325393
434659044
549774998
-1361075757
-764383920
1759036698
-145090057
-1829583641
-1634689815
-1135677575
-1302568164
159032994
802140094
-1597355003
-1243787130
1663766725
-1290817896
1299818576
872666165
1528403796
-969711736
654725938
-2017372852
-555781274
-1399657941
1199777208
-1332496395
293451579
-346031058
797878108
-494567550
1799892883
2022257172
-1711881866
-1123324204
-930314691
1499777078
220182002
997280512
636516845
-865675253
-883471037
-1199725522
1037778770
-760765015
-128421993
1997457605
317415272
-683490933
1842519372
2029078212
565946122
65012372
-1106511198
374513522
-1118897206
-2025612204
837542577
-1187442374
1453599236
752014729
1109865884
1939053519
-831520719
1724850919
-1322854906
1510187671
-1324528776
-1595823589
1205078468
-1011625659
1972865418
-508727027
-2114080300
-827971896
-1289854034
-2134983323
-1698394738
-98743709
925714202
-695048111
1168899353
-597455076
281259653
651700868
-1999636705
544491866
-544214791
-1245764479
664282564
691165897
34056685
-1605621992
-1773445421
757143681
-485093742
296583217
-1251611846
-180162714
-1966488467
880299976
2059948472
-434935087
1777405221
1928833335
234592468
-1060601489
-399746146
1836451003
-1088211952
-413053847
-1544772026
1961739568
621023326
-1916367675
1163135661
1276499487
-921996333
2007212811
-985360805
-1400134150
1068999834
-471540437
-1303230243
1378615461
-1150317782
1848786589
990552865
-1614770632
-554318917
-1165220150
425023491
-700450301
1450627829
295795114
987165223
523961810
33124843
-204656979
-1753775352
-1544483471
-319609529
2133027295
-826495151
-1456816526
204641221
550798150
801614955
1151469613
-1737207836
-575758194
-474152106
397051911
-1609692965
-554908441
1214590140
1815999991
275207882
1510767406
-1372431805
-1044097722
1874236977
978419274
-1027014366
-299373163
-336886107
-1422851112
-319948297
1648447524
1545117888
710184202
-912897578
1319628112
-1589160103
-1468112436
822208677
-1950876067
968013812
1754798632
-1618208602
2103887733
1227300476
1305860586
1433477972
764048880
972877871
-1688264057
-730689677
-2050285866
118460888
1670930234
-1086315422
-1312382559
1198591300
154570607
1176325811
172585798
-72476178
-487017628
-744506883
-2011523722
-1719829252
-763830514
1021129712
804863521
-789515154
423696185
1328295081
-2041646277
1693262228
-76653326
-1006933946
939597505
1125197505
2129562408
-830818883
1660509950
-728896451
1745611408
404209385
1688999690
-2064105345
834904009
-445692443
-1286012013
1696614299
1217550273
-1501273187
-264644641
28044793
53794390
-1743479903
1099900689
1457082951
1552960319
-1577526980
-876864086
-945202512
382767405
-453989947
1151717202
637659469
-536298707
-1573500876
-1802298152
-564501541
512005200
1443843575
1472119
-478379346
-322964084
494345478
-1352991141
-519136538
1558386148
993875765
-1799172254
-717498401
-1745798969
-876349752
-1084462042
2116163565
-1211539787
1160633420
1502714427
-34316215
451861544
763880868
-1043190347
-465822651
1342831281
-1232870814
-434009876
177380295
-479262624
2147350871
-325725054
-1160805132
1157396841
1157256044
373568421
-1421857493
2122776579
1666326451
268794001
-28897996
-2062238061
304366776
-1322050216
-1929263943
-275318775
1469010717
-1540061979
-75013900
-823926134
-662729371
196134973
3660457
715685967
-21686001
-642149368
-1313800361
1344578252
-2032947994
-259532208
-678676055
402750484
-1014083433
-22324089
340520242
-1565171077
152502660
1461342670
840325466
-1125275012
505630935
1218358644
54998930
1101118173
-346796327
-202192452
-1296004913
-469713135
803297155
-1665697053
1366705716
-224551972
-666201003
2072628832
506980625
-447542723
-623818906
1058994797
-579469812
177470599
-1295961156
-2085535290
2012297117
-42290736
-931678499
1802555312
-1809599553
-433382513
768239525
1280823356
2114742499
-129795712
238571098
-1208923956
789573160
1767919563
1433274877
1553364182
-752807223
-764994716
1045853922
-845239577
-1533609769
-610441036
1853270658
-851833365
1010673447
1539846265
-1108518768
1869581995
-1970714995
-1466646
-245697207
1312489878
413367881
-772691683
695806224
55594179
529376193
-619178835
696084793
1893003830
-1609977488
-522398313
1791740452
-810452383
1252473118
873850468
792485518
-2077195538
-2089761455
1983905421
-460933085
-390498885
-1551278589
2092550938
-2004066986
1590766629
1137779860
1508347275
-1066121099
1483408009
-2120008959
2075608316
-1189690377
-1019666424
-248616362
-1948531325
-10864616
1699935881
588069985
-1030266404
1880538535
-1435156733
198802599
-11203768
1646234142
-74516996
935482524
-1260844111
-814839565
-1551688628
-253004019
1740684818
-1520454099
608124966
-2133913888
-1483020011
2091847225
-1564274088
-1841076992
1935187965
-775608579
666209233
-1100975726
1802554821
-905198035
283666276
965790828
-49361271
-1799026466
1861415882
-623071034
1682357029
1249177688
-1525054995
-1120597966
1976584987
-1365874641
2034692963
477081801
762540218
-1856890476
-1707987656
-586845530
56628091
-2088853528
1126265584
699750552
-1436775251
-1281953135
458878411
1949851666
-1723020715
-942860271
1265230922
-647252890
1313750095
1563194964
1482712562
-855185102
-1631391816
253776968
-51548337
408348698
1483242639
-219651917
-1903048133
-1446148681
-1975670375
-1060220352
-1581896097
-1413418546
-1161565562
1183642842
1995793914
-2034927932
978852945
-1802880964
777878241
977222737
1714430956
-678751288
-148361274
774963572
-1186901221
1134646168
598428092
-811073114
-1104300129
2021696211
-1505399302
-103515822
-2037073769
-1939249343
2098501598
73497987
184919587
1991066144
-1282446539
5642975
2040078154
-21345737
585819833
192212947
-635407843
232215340
13253338
12498447
-869770724
1233966610
-1622226751
772763445
1593753815
140201798
-830829167
303376588
-457087784
-350673542
-449348113
-1504015494
292915904
-396399086
746231236
-32593550
75963567
906896046
-786325439
1591132202
-133178391
-597320697
2107046947
-1265770159
338528437
-1749260802
-1422467017
-694044928
1203250312
246792434
-1054481376
1962596143
1763160675
-330406831
1526780248
1314019946
1141578105
-1806018959
30015604
566077891
-2111304173
2003299744
754501291
1817491466
-1779030856
1571376761
1020508056
-1318708677
1778742152
-926483591
42385214
-1158696137
-1602001432
261310929
1374836813
-666245449
-1562991005
1841287037
-2059312477
-1117878403
-1242217777
-1707925867
254238229
-727452469
1035366062
-777100830
2122386798
-592962792
1905493975
-1235767629
959301047
-1099019263
107102550
414654449
-996676168
404627837
-456386417
822218353
-2067304001
-604970923
2045081769
292616841
1195454367
950930898
-1198968792
286391013
-777871621
1098853559
-1790763812
-1823292262
-1525073468
1097717105
-572575239
815439995
-1681299201
1973329293
1734360199
-1057103445
1546713547
-82935191
-344716804
-661016204
-2066915678
-441464018
-1213147866
-1363131306
403587294
-1021405699
-817750706
1258998881
169944703
-1175157657
23677850
-555238202
-676646869
994458403
244894387
-326028629
-95276171
-45307654
2033611942
-557803713
-1505315487
266815749
1752988431
-332280049
-15431385
482595867
-776065676
274303639
1779963703
-791997052
1355301358
-589853670
-1638756227
2050610929
-110459891
1449588405
-600337946
-1043851344
1689456125
-1315177807
1756560417
749732635
440496100
-388009191
357434282
-1668720047
-1415943794
-217167732
-1471759101
268780840
-1161094580
304852308
987605316
2011283041
825543448
-789412170
-967768362
-181727459
-45566211
-167536757
-1053431173
1817513360
1217230261
-382517233
-883202928
454890228
-1598165869
-866982152
1717843606
415292607
-1855198813
973037514
-788013842
405130519
-1785803505
733930089
-2102136605
-582009211
-1408703292
-1169266705
-111991058
37347049
-1380688300
413630655
-1953534668
2115847597
1630728989
-2126186534
-2093420973
-193709763
784970411
-1900161167
-1378616227
-499165258
-414937254
976462522
-521394140
117249757
-764178112
613013766
887818423
-821211310
-695348407
-534112749
1209366317
1843775236
266645154
964256670
205144736
-757043481
1377024090
1633194045
281649276
-1161607196
1602254151
-665673878
146595065
229450513
-473503706
-675698974
1546260453
739356962
-2015470075
421768496
-791160410
690132254
-1919673115
2042518916
-404657025
-1934987691
-374351718
1460249800
683370002
-1657139824
-1695542794
1123453940
-1477559003
1691830666
776651814
-9903199
568543144
1365255839
-792656805
-1712352036
-1133667082
634144195
-1294305364
426814269
747133019
-979251531
-1278753990
-440177609
-1655177258
-2020456077
-2005312875
-435941456
1377112863
847715056
-1075163043
454159827
-496892181
-2001954556
-407565012
560084517
-269537171
2038819235
-1795026765
-983661610
-512531168
1577263441
-2076237534
-2128092327
573067971
1396069589
1343196365
-150201034
2053493669
685478444
1137467916
42228254
-1377320158
-474811200
-2114600606
-680430529
-889317779
2011908313
2036641248
2109442522
-1549845105
-1060179373
1998520267
1002415377
844173486
1875643025
-324706948
-1118860027
559730066
-2129925711
-844276089
-726330336
-16324251
-161640704
-1564984033
141260718
-1781810503
494509232
-1441220168
5678258
1613643727
1675483848
-1795091218
-1452706313
-1531542250
-873892517
878461861
1009336165
-1265537039
197290492
1069793648
2056141461
1444671933
2048907377
1779803446
-1985632090
549447442
1721510565
960814099
-330056367
-1993791672
-1108523037
-1137201541
-740251846
1748863036
-980400319
-802753627
1239239049
-1129653677
-514239143
1630705446
-1969128775
1653219518
1060094271
101078235
963566767
516393471
-1387699026
-1095512308
878748174
150138028
-189277308
429220557
-1744710455
2115292275
-1202897296
-799056217
-1377242631
106965853
-435858199
968589176
-665784593
643410774
1249604193
-81471593
731184013
-426720276
1237611194
-377977797
-17459759
-342880169
1518832120
1326568732
-714947918
2121660857
-962077896
311347802
779124783
-1510522458
-1015280927
-742126434
72860836
-341757723
-105889768
-1019886722
2000133982
709455480
-1782429319
501018150
-1125167502
-1795833127
1825495299
425140787
1227054538
1499876230
1365379923
370726114
-7527552
-351214913
-2140361196
-333933975
1960127854
990166926
-358417995
-1930704988
-315722747
1125749255
-777997731
1521746420
619800157
926785489
-1250302949
-272250524
-1949097074
183149796
1444851298
-2048886516
-1740212931
1795259539
-1217670477
929085882
727277433
-1043802419
-1104610660
1598915278
-1355064889
-1010074209
1792076000
-256260763
147162491
-1793659140
-1408300553
-1460460104
-1876986551
119754432
-1314842696
345532102
-751805925
1018819826
-134036396
-197628879
-1087002332
717233225
-1858822010
1002763877
584421172
-1222675215
-2041663224
-1355645697
143967565
1784586126
1403152200
-1605317781
-939746697
-786967423
758575451
343819215
-2093529392
1486633833
-693758671
1183968295
347462630
-101271828
-955315446
544647600
-975935927
-1066850122
590875433
-1699459446
-374991782
-1062506047
-733052218
-2067178088
526153321
-1931234601
-465492920
-905795414
1532636159
2059637076
11421363
-240374562
1177719415
363758640
-166442913
558420290
987580627
42560829
1972955370
-231412802
2055052492
504627884
328715887
-1007570895
-1450494678
766561493
595044855
127266265
-1993700010
-1920418762
-1723289809
566410999
626595373
-1706845252
312890203
-1522463054
1987710998
1751049025
1904314250
-1420355269
672035414
-1279218090
1545069067
775113265
-667716702
-675488959
-2135987425
1740381511
-1993832459
1587451465
-1594490641
434824484
282519459
539546928
1398703808
936483978
1331819438
-1935374592
-1211804828
-171301447
-1368847528
1044085770
1665700595
-967861227
-2078759175
415975979
-858222661
233348102
682740754
-2125745839
63903348
1569957151
-401854815
-1382529987
1662806455
647297666
470324150
-467314295
-376735567
513254785
506349894
623151341
2038844691
-704020856
-418920642
337459389
1272898636
1588879419
-25178661
-968753227
-1733302278
-1139480357
1119982904
252960505
-760481379
1141992941
1211359784
-26175402
-1284930163
196740637
105911365
20554957
-576433874
316984671
-678198968
-1131049134
-1806878623
-1727543466
-941968997
-1817856048
903073341
-1833991
-648326612
1554432625
161273086
-475272588
1986719620
756168475
-447495875
-964112821
848154135
683414845
536132705
1694642885
1495954397
-1102094390
-1001399723
-1274322809
2029238049
-801577595
-2086832518
-1096666754
434398872
-1807758977
1170664415
1379153666
1707400884
-637562915
-1887036241
1152228919
-1578885062
1366274783
833715434
1600616119
-1590477806
48301085
-1473145768
-983482515
-1718933411
-1583784430
1165503417
1267457475
584209100
-1380292130
1075878209
1571447551
1278772271
1906867527
652468290
61817834
672459084
116577536
1250072619
-1597839694
-1956948750
1997451054
-1326330192
1888135953
-279244979
1095436839
-264808118
1461047469
-322255238
-1719989380
1697991138
-1371021374
-79006627
1580290873
309033672
-1628538883
1774013874
1648803691
-1213110807
-1372935765
-1620373918
1208706017
-2057716927
1202994450
-184994025
-316097993
-28022130
-1526756321
-62779374
-1591194096
-184871867
-692792767
404260155
-167614046
142546377
1668421267
1583689593
-1907587466
347055322
-1027664832
150609732
-2015918480
-968774069
2007811362
692075639
-267781875
304770039
437285548
-239448214
-2126319380
-231152139
-1041993462
327616320
-229233265
1126814474
-195630970
1456247164
-1694851742
1681165407
-139374291
-2138204454
-1777304581
-1396242317
-926317390
-1609518756
-583757662
-1911418542
1817676433
788574114
-597012204
1382427143
-23494025
-889374338
2029972612
-1485514930
1449218272
1253616071
-2006744350
831602574
-734137854
892940653
-891483042
944133637
-1255368983
748722126
-20138705
1866990916
140243170
1077881927
-465849969
86510814
-347189475
-1192510196
-1451110902
-2104588708
-2058521971
1206101820
1502494712
-599702157
485309459
1494438959
1724807752
390367096
-1366779686
114866194
992414334
1678943763
1668698372
72787382
-97598978
-74464973
-714498939
227085220
253538186
-650537919
-229858737
-1497928076
668839176
-1453135209
-920566353
1625568350
1523484040
-1689426125
1515644406
2074908177
551810950
-454323289
1808397403
-1342814013
-891676821
-2076153260
881624096
-1627048567
697882201
2012270551
-1260046094
-798699032
1351856424
1223602114
-1645987947
733343147
-255407190
1231859854
-1882981184
1529547254
-1672217546
-1933266224
424033861
-1114993254
-504984732
-269840469
-1835320715
1412393643
875342868
-441988475
-1637606975
267782480
-652087371
1685334525
-1589164380
-1064530983
114703043
-930452452
-694689856
-1048920042
68222353
-1424520758
754952263
-257469978
-1024936632
978730370
-886236516
-127593714
1717762351
491766089
-394428103
208432203
1790023724
739637211
-1833616942
-1026405463
1843759754
-2116389592
1985382074
558834709
-1791443972
-1668736514
-582380922
-1858219471
1033630177
1153709830
-846296593
-1964803481
-1924771384
-192189708
-1713573892
403616832
-606581705
-239751174
-828272544
271423222
125562792
-1761981315
1358869536
970947399
998827987
-1983145206
-913802119
2030077580
2027072818
1208081803
1001490431
1501188873
757835970
1837338549
-2089138679
-1341765243
789598214
-486806332
-1892180916
-1748795363
-1608942256
1518836842
-1586773307
-1085590955
755337283
-783631612
-252282404
252454511
1092346515
1818407182
982515398
375821311
1957117198
-673608231
-2016124374
310861759
1870559456
644340090
-1134877433
-1835351905
-648746734
472715781
-1431224364
-707026400
-1240553389
1280722939
935983080
-1299818526
-1394735365
-1255305728
-1109580004
-1509263749
1908102476
-1232850991
-1511007826
943777161
-1709666822
-1223367564
1806591591
170426122
331785453
1570402224
-1341299456
1039978474
-937787836
1831495359
110700226
-1214263843
2042352029
-1859449790
229741931
1787336302
-244810349
1597405044
-1922393000
1123453784
698027911
-1414759774
-1717076000
-2075566060
1923842979
-740819750
2089404157
-615256909
-588414692
-1650214174
-726492367
445176301
1958713014
-1138384021
1365230246
742226553
-1447871603
1493648006
-1420060521
1580230046
1043175441
1480912983
1732880367
-1236883703
1146968914
2099558151
-95433681
-1941202975
1751261309
1877025791
-1615463276
-1934838504
1246111909
-1567393710
2064983416
2112620292
758344903
-1398018950
424653816
1796795949
1079593991
1308490566
2031400918
172517736
1099455040
-2142115821
341360545
-2080167644
-169995589
-540281799
-314715373
-382663677
-1171098819
42792904
76951481
1030660268
1200997190
-839429772
1690545113
-1389139745
1213008792
1597923789
-1150295153
1325078985
-744488458
345376178
1706529848
1040680345
-1296863955
-1078279161
-2027566572
1501846098
181880151
283288229
-629029850
-182451742
-765455266
363976338
507294303
499773300
815225535
-372391055
1803203067
527953410
2143747216
-782500292
814001193
-321305555
1176500931
1080182575
-1809384719
821543248
-813892436
1473752839
-2124744622
-902559790
-1828360768
562453356
-1344808022
1728817339
-1262603362
31497899
-2130081446
-51583863
2019639379
434329255
800209065
-247126716
-1599765287
-2041919727
1969624040
2050262480
-2135619615
-604085546
-1436666153
-131990911
-47766318
-152356647
1678946119
-1458508044
716257040
533460962
2078368768
55733532
1931490689
-505889323
453117412
2084118939
-1051590068
1112024614
979726164
1377358162
-1022528797
-1137816692
-434039343
-1001450437
-1341893565
-1294094092
1525510630
-1315149451
-1740968070
1991853496
-1152876218
-370018144
633655913
1806039312
-12859600
1045009514
645849291
4034760
-405311718
-194850198
-2039811723
-1999915213
208303501
1184451628
-1831765025
-2076609441
-1785070770
-558539380
496114146
-1835366775
1475880638
920253511
525590979
1750289875
-824363133
-1027128114
-1026368401
889536307
-280252314
248739934
-745006072
1708855982
64142206
1316464716
-1556203872
-290643770
1005595790
1667283621
-499373757
-1609981135
1973798315
1289286646
810346298
-1196176181
218866210
1465406055
1563040142
1122495692
1441000343
-900266482
1219809995
-941485763
1557282161
1214159489
-502318331
168287399
-618964363
-2146720339
198604831
1324188430
-17295183
628821989
-925084086
158933533
97560474
-1078245059
1823765708
-1729697630
1130599544
-2037710823
107019010
916701499
1395536130
255077632
-2052646489
-367299503
-22921148
-1528068171
1699994710
2045932870
621743560
-16139896
-499249331
1425198826
1474450165
1190453481
-262521485
-2055806158
960990897
-1914291651
1895959196
395571755
846377806
-1994325516
1742761482
1207016491
609046178
-1762860069
-1828155082
643486538
118198391
821529518
1725257424
-1763184624
1705038630
1592142577
-880030203
1047059823
-2023650691
-552007681
1771771391
-1783525389
1452981481
1362127458
-436701775
987380791
1959094993
117667941
1119792084
1923612826
-427915201
1655626216
86227756
1852438067
-1462604603
208286834
-1454852337
1323425025
-789258850
1580258444
-224701401
1921963879
1835865618
1195055180
1958297974
-2010912554
-1102089697
-1827967185
826379674
878390219
-409690283
-123010260
-889152430
670167804
-2026342399
-69247227
-894996416
111757773
-2033652595
1826858463
-49853200
-303462391
-1481662682
-121294827
-1965624040
677309645
554112415
-1641242296
244779297
1188066503
-948525675
626641850
1652509157
2094096288
-1583448366
-1347816228
-290012230
-2063525706
542078966
-1469755611
-206232145
731150094
-144670380
2131344676
902547733
-635533175
1957552665
-1743375912
-507957952
2084461652
1022141363
1572553279
-686691441
-449150811
1002360687
-1291142100
1484154792
-1981143133
-333749660
-1148627363
-1824735224
601302949
-1578689649
-1146958388
1688912570
1501776543
1271498815
766641221
575924838
929997016
-14945613
945026104
569091981
1965279968
763762432
-959083056
-82019822
-1133875519
1857471032
955896131
2012782331
1846496372
2128920520
626440811
1453414008
1656006038
1185331490
106746262
487458341
-1911231397
678882203
-150571623
-1901282420
323808706
1176623253
1315517227
-685124883
-1872631030
850220000
-231424657
1044694592
831215204
1983353949
1959812050
-2106300294
1896818409
790899428
1837162775
-1686302449
1912272846
-521731225
755924911
926907320
1106470613
1931203671
-788328627
1513054326
1408656902
1973067846
1745786810
105711573
2055500959
-970969651
346633445
124608373
108000072
-1406428753
-320427971
642798277
1741752202
-970954946
1625369411
901606418
1670365826
-1177636099
-1452910758
433783232
954040017
1752787846
-1343605023
41186262
-1173247530
1972155565
-462302333
1227374015
-1561498593
-1380656922
-9972275
1958666318
1317856539
1546153187
23267840
-948443134
1082387989
-738293375
990895656
-148204661
-636512163
2106867684
1894460780
2146164364
-1658529081
311602144
-1970410328
-1262226270
-826793383
-2141632358
-1053914056
-770092891
1461762623
782658415
368452374
-216527827
-701087998
1368525075
2081732391
-1161813161
-537554695
143468797
-1520355631
-1699893047
-782370305
-1973769470
-1475938352
22701554
722369125
-1776532672
-1182019766
-3685482
-1690930902
232312893
1284970272
-2022320503
166466409
-1651544241
-594332538
-1518175046
-181508334
-448990403
1372091349
-1022790029
201307356
-361783002
-215396961
631097310
1298179450
-379627615
1844799748
-1590087990
2009300492
-1539406811
1205464899
-1618562897
-2095960104
1541049003
-1685388141
-1959164689
1507405625
-454524015
-482641357
292675422
1758741975
734360513
-1122693696
189095684
-1237724137
-1421909230
-2061186618
-963042015
-2030815787
1148122349
-1420534888
-1680353168
-1631568304
-872454349
1010987619
-1779558224
-1943863451
-289596578
-430343295
2140939871
1368936448
-1843327514
715477002
80986824
-310458929
1171429
-2015516751
482708544
-1990388169
1434015485
2133091532
-2119083348
1919423115
1272412025
-497807948
985751621
-672156805
1827314866
212600654
-764407137
-875763766
-1894370381
1835885801
-1384833050
1011948099
-2019034080
836002123
-2093616021
-506223891
-675941549
1040700678
1836749918
587765629
-1488106041
-195478001
-1712337443
906997515
994910905
1287990416
-653523155
-1478415095
-1429361140
1296902396
326905158
-1817573520
-1952494484
1002530660
-577599852
1057471547
-1736796746
-1541284855
-1215730181
1244105240
-1725089385
555975985
369637916
