1823372971
-500040238
-1471011623
1197373491
-1864494196
2051542488
460180434
190793152
893335878
1459477751
20429992
-726743927
-367081486
1058849861
-628331176
-584392386
-167478750
-2144123616
-122906810
-663106592
1269943573
-659775666
-77824876
-2129398649
-1926580185
1313416549
-1037979978
946507871
-280107130
278721389
1266559558
-1383929101
-1750503894
695266243
-878650348
606013357
-946593018
-1539563968
-621747327
1628460957
1399004539
-1331036775
-1386600948
1725532025
-1240070899
1686374152
1385629741
1284549092
-1337186216
1570488364
-1491312799
1346585075
671059780
-155439315
-905318010
1513222636
-1130201993
-914869981
533927272
-11414960
-1139863029
874336952
2021148827
2078127387
1333792128
-714535157
1147391626
1788991817
2143604468
-786917161
-1719096112
1062261404
877797265
122261972
1954846918
-640112228
1693739846
-1490791332
1148889692
1117485023
553607608
28226386
-1520048084
-1545665398
-870174085
-1238346689
-1056964404
-2013584105
1875302524
478152637
1128908131
-301537704
1666590914
-1255947240
445135230
-733953606
-316565419
-912054735
1684163620
-663854386
609152381
-754541403
1341689383
-1221279483
154226735
-1619287761
1351711164
-63860293
-264344124
481862730
-2096488626
-1716824458
1669702636
-1723756774
2061781902
1614646126
578447073
-715653236
-137856306
825932368
-146647329
1534108347
182660495
299267390
1992997074
-239513195
-1981124008
96828954
619726417
282186686
-49170232
1579326980
-885028661
-778867532
2063548910
1229648160
1988310015
-1025403085
-1288191528
1112320668
-1732693071
1128305370
564790889
514823409
1096704154
-426465267
-2041727121
135189096
2022445215
-650688995
258311157
-1871732257
962721350
884826022
-1926868780
750332876
-1326840987
-1701009096
-1215677296
-462578814
-1622457573
-879518151
1412402272
-1593505613
-1929650428
580022281
2140198542
-1370557131
-202259545
86066023
-1276838399
675767048
953456691
1411538962
1707791128
-31930728
19594603
1687500467
1288531384
500455742
-190298147
-488021766
420189352
1291751436
-1738593959
2059337734
1897776667
799390409
-1242497631
316939529
1895544206
1452609338
-1642549667
-1472925653
1834701524
-1382636381
-1200922031
1006580143
-1273975186
-522509427
-652710959
837212500
848776992
-456774200
336931443
-800264195
-43856704
-1848982861
-2101816314
857692051
1579009104
-1628232774
681007299
-570249942
1641773391
1432616223
-978725182
-1774868126
2075244619
1172494077
-1849274193
1218421519
695586491
-2090593654
793746365
1668421660
682667019
1529149340
1679931609
1054826668
-1903460361
-400910738
-1756492509
1676079233
1874291227
-322535005
-1552011879
-983971167
-93843765
269395082
671822357
1279265590
1302471968
1875229090
1094894457
-2014139467
-1550036398
-1167710879
36854056
1640686915
-771627443
-245810895
1927567799
-2038770349
-942912131
574694074
1820463844
-767997805
-1235137555
-530838682
-595018554
-1692086264
2012304783
-478467039
-1603339194
-991918985
-1728931875
-932128416
-553936691
1269767175
323651744
-1685795995
191191358
-2106116573
1082199566
950937280
1398750246
-798621275
443913242
189204760
1270054706
-292314832
1891607304
-1209688533
574826977
-1101073956
-110507201
1799553298
1197936505
-194209767
-548472222
416837065
1862958142
1284470476
-1001419360
-681605393
2057765345
1990128830
-887835317
-1192578103
-2083776713
-1113476042
-1469186649
873912972
39092010
-939941661
-1866591996
875035355
1159113460
313030656
-5699825
-1292473202
-151221367
-1315819854
1485296996
-508901708
-1203599788
-854271309
-1974880922
681751259
1667531046
-1868299979
-1566207149
-71749490
305871211
814706688
1342888594
-1160704738
-2126816610
620496093
149041999
-1356295259
-672462850
664209207
245630281
149535047
-306590335
1056110590
89379818
1843022267
-726520823
-1475937330
-380844137
-700196855
926627029
-1707588784
-281216951
-933005420
244574265
921114080
1106398556
1764589915
2082032529
-655400336
-1468725594
-1020139141
1795385971
-181994837
1108951755
1177676024
-766200029
-1058939812
-1494083888
331349948
1786412619
1898392849
-1633285395
-1420848418
-690724373
-1832399877
525209766
-223761624
1011093390
1395760664
-1895479780
856725459
306554301
-1847002989
375462560
934574484
1864662200
-582759062
-982603640
1404500443
-655931805
-1734836655
155932742
1159508569
-1362511490
550271446
1933320373
49219779
-372687847
-464714043
-1400375114
-541490474
1361920326
-1086398003
160386555
-1564879206
1498107407
441946467
-68971230
1909078761
-229516886
77435877
1941915397
-2138981326
1105493227
-461714429
1987043152
1585355130
468217
761188186
-28790701
-1685394013
1300053316
1793391457
-355557352
-57923343
-493026122
-1286835064
-96853320
473046729
1759937064
1598976925
-1452407318
-2040353861
1655753751
-1891531406
1918296540
-508872767
-633890921
1128177853
1267745605
-825124664
125715079
2011641406
-194387269
-802023056
-2112041723
297377575
2134408513
-785340400
1818129956
1205046711
-2038226396
366965244
1197535196
2061001767
1901529606
1146973961
-144810431
-542403126
1561938746
1888723281
-1959029256
1846376047
-2133917869
807406899
-300462618
187374601
-867586569
-1683378787
204355625
-971491695
-567340808
617146508
-1590479285
708051499
1001424292
1885620180
-864412492
-2014791801
-1657290916
488208924
1246148961
-1589174646
-1718382749
-263790548
1752764883
1274423084
-2037852681
1120545387
1122700361
1594404003
-413601627
1691142818
-933038032
399099585
-1458554407
-968933882
1866574298
380784026
-24875596
-63933580
1078599022
599815017
1142163490
-1170288130
290182431
697604275
-1699418070
-818633819
5793440
-951796052
603063432
1824122984
-1111495721
-1677050918
173825400
136435069
781667024
201561848
-185706540
100304094
-700020492
-595678180
-1523860127
-144074490
583835002
920485915
1621859941
1338562812
-1068927204
-1788189140
1282257020
1050806416
70658318
-342467637
69617323
1717141732
180253483
1030143711
-959891787
-557101779
2016287089
1854259742
1833779117
-1122578501
-661143889
-1699003472
-1104755252
-485412042
671233660
-305534446
1485961092
1368861737
818184811
-100226243
-2085507116
-1787113788
-1551372676
-1447091706
1477028317
525499613
1206583508
1776637383
-2094016074
-1489358792
-1925762896
1253955647
-419824005
-420961017
1934006423
-407413322
2083111340
2056136883
198580175
-1335807131
-1377110093
604704988
928225041
199768083
748475846
-932700514
889152639
215497475
1687695599
-1654959594
-801973547
1851385101
372382312
810021412
-2096248865
755208202
1348169004
1372638321
-1527822806
-1378504587
1815290058
-587206221
1882586622
1684125006
-689277573
-1485344209
1376715147
-1079737791
95898999
1297276543
-2508703
-1307842553
-25016445
-1483108203
1528466981
-290406644
1690529486
2073952511
1448958081
1514506322
-36072451
-995709844
503556188
-1143752556
-2141871228
335629678
2131393099
1583354286
796167479
510226049
1452669510
-1557090756
77041952
616011851
650727070
-218782848
-718010990
2036244517
1532730926
-1530962552
699460222
-1198466343
1639630288
1388059023
440000004
641677229
1084190994
1349001891
385107533
398493600
-1996649942
309507208
-1434663785
-418417421
964113702
5482716
90195345
-9310486
-584594841
1756123771
145048296
2001014227
-503348145
-565171420
-105969119
-53169337
-515910599
-1300744356
-2079449943
-1126798673
-1724673367
1265517714
-76677846
1016286729
1362984644
-601135741
1375862303
-800787732
-1274363646
1127698655
601351594
-1947884599
777938209
1003259436
-695174492
-101422733
516292444
1579113707
-1133818122
-55465760
-1697189667
-656121352
-1701553370
2069977393
-191430801
689219382
-361283788
-1704192529
631911543
330623338
-976929625
2064159127
-1324665052
-1571901337
303578594
-508875688
-1229810203
471387499
888045243
-1307462886
-505105637
-843129911
811575885
949848770
-2111485681
-1366448185
1839563277
-1961964620
-1421166298
2110037961
-375430629
2060915096
1243257427
472560558
-1038534950
962790241
58473164
-1626913159
-300697662
-953821301
-1142617856
-1199172044
-254477452
-249407325
1181620167
-1869136368
-1536837362
576794124
-431935013
1724561105
1838205632
-813929217
-1526779770
1404631400
-1094728289
778352083
-1666676323
629188577
1231600312
872702334
-22263636
-1459920769
2087613800
682197851
458286962
650780452
1645595371
1130873645
-403850865
-2105814794
-548942031
-1607511197
1721950075
957808192
419562232
208045981
-89590598
-1921405291
156421910
-693645458
-1338970803
43051834
1414652182
1344149859
291493483
-140803131
1281965319
-1927945660
-2105971088
-675153663
-180545393
1056535705
-1190672363
-24661484
852349766
273882223
-1812108062
-1002971165
1079025729
-1814539429
-122506528
1253225141
-319769364
-1238554433
-378127983
-1306147306
-311160548
1463773771
-1988902364
-1870338307
500970595
-1609740089
1580455652
2085001265
-1228122970
1017361678
-1138100750
1966733543
-184292883
-2074341027
-1058131149
461500848
1188406138
-64826675
-1776646773
1058786193
-512746980
1947385629
1922249546
269849971
1464783812
1127903925
545591782
1794833341
-276861864
237845223
-606368533
-1673169345
-1412433977
-682569609
-2103728082
-620302255
263778653
1458419293
498102600
1691635515
1411796055
1293959369
1082692674
-177767721
443054521
1965328486
397150093
-1849242507
1271887711
1213713890
-445906124
-1288042498
1627339858
-336719442
1061074772
-1741470885
489559645
-1895635966
1903916491
1389649943
57855199
-2087145181
-918338770
1814035266
-1471046431
1552551400
548209409
443479961
219439722
-123418503
1460384545
-139328029
-1905556718
1214169434
-2120717692
1519964061
-1852150316
-1273966425
-1355739355
1529784281
206292008
-995869791
1601697593
-1441339806
-1604943791
1147371112
162523558
-1483648732
1065266419
-1318621686
-1250741835
655439818
-388922904
187037372
505133573
2075665832
-354026925
-1053296026
-1130536254
1672433115
1497905140
-1765797020
1911752471
711529903
-790149187
1949581194
693233121
-2038013632
-725476442
1827190633
1549689252
-709786013
-1568027203
1054504400
-673690686
293276102
1539080320
-1642318955
-740020503
979536469
1411215470
170974101
2071612621
-1275560225
-1482421541
1456126712
1641759511
-1129600519
1631919619
-1692995143
1584761756
-2019596254
1184265826
-953096347
-2035921967
-1525269465
729709890
-1764636638
-462215298
416169417
-1171870571
655117810
1895959218
1667452572
662760452
-886744519
1282350838
-1499121359
-115528889
1318986620
703619013
453910135
-15872585
411892587
574194235
409458014
-110183647
1521348896
1040851979
-1284169540
638331356
-580594775
-352619082
1079893876
-1797032419
360601795
2084688889
602643156
-1559651703
152464360
-613809018
647370559
807935499
1793452428
-1721693705
-1170879733
-193295641
244992674
-779042049
1076649900
155435791
33424484
1724565730
-1473142511
223593909
-975134636
1600012582
-1443528882
-139740639
857329789
-766732662
1001260666
1557615555
-336395266
1851542839
-1213042470
-1250958453
-185122872
336094773
-1045252290
-1230067080
1507934118
-398588384
1798128555
2117681519
140256125
1187074842
1018866233
-1179899315
986393813
-617759229
-1327395778
-300622273
-1651421033
638921447
-1012725332
80604496
-2120638184
-1006326600
-1844288329
-1891302589
-345123755
-714291140
-1789871174
593225122
-1623692672
64385608
-428868261
1938997014
-1276888901
1638743342
-1420920084
-1707389959
40066082
159017331
1907277076
-1965442007
2118375695
653512133
-605716818
-372154849
978872984
1660733995
-1011748368
633890623
1671448156
1659288190
1785902032
-1458606735
-1375676289
-1105093609
-1540615774
957244911
-1508852750
56941257
989496581
394411360
-1184664841
-631015151
1289128448
-2106368730
-273046556
815662988
-1136839833
-1518423565
-1418600922
-1843912792
933437827
-1500510302
47328136
685659550
30260977
-87699900
-1904021067
1805964703
-796334134
-1155294088
-669521925
-1013571507
1978490628
-180747521
-569629359
-1762878868
-321997289
2000651662
-1520268645
1483269081
19761891
-226505498
1282149675
-698209862
-2081079344
1875076642
172598667
-699602954
-2078633418
2023990095
-2083002759
-1771581977
-928861441
1541632321
-1391558606
-1912227250
91276683
-81840476
1572746227
1625752199
1781655763
1521684561
-432276548
-1836877571
94252752
181927650
1680894550
-297146657
2043094557
-1746019961
-1246853225
-1729041133
-23930405
-1192158693
-1859801883
1346404458
671902676
2071516786
536225272
-243632874
891399394
1435138804
665360867
368823640
1391941521
-1000990098
1061453908
-1994932355
-1485582077
-54040793
859973402
-725047542
-1522887660
-1929074382
-950465561
-471706314
307276477
-1783216638
-1305244073
859075736
-616244803
1015459139
2015182384
-1497172960
-1120116107
-803097
-1353627157
1881517387
-1678803181
-729284994
-18689677
-1770014318
-72418061
774055882
-1735319252
1653746467
893294913
-497092462
309729590
-378200878
400950242
-728349770
-274905870
431836498
2010426516
-1780375165
712402628
1753463199
-1441612205
616452424
167672858
-1725437250
-570692354
642326569
245792173
587000488
887552314
-952080078
-156278778
-1499720573
627510934
-1164082513
-1624827836
1754805267
1052925936
-406377286
-953505509
1140762735
-2062834154
-2140941036
-1563591648
1404796407
84042927
-1360280520
1783008067
969978757
-1296557732
2022213549
487071387
1839210210
1429649689
-137351781
-9493911
176858234
-28893207
-943708767
-1459398314
-585189805
238835378
1749342949
152170239
-1036300741
-493694107
81288044
-1677709645
539744065
1233196897
1402183850
759980666
1494530661
-1903603687
347295068
1024400985
-2024832366
854711795
-112593770
1143962581
-892286004
319087987
-1595458025
882969012
-1985908315
609570456
-1029932060
1261073418
-1743277835
340383366
456951059
1923098739
-1894502199
-1357572252
440265191
1970174620
575809179
407612039
-1920740067
771951880
-31913533
-575158065
1539518085
-111312367
898730541
-853799599
712954579
1292613931
820428364
479018550
552531126
1800805488
527940686
-316325918
-1311442134
2040840792
1978471057
-414214568
-461475574
1852729287
-448212139
-1189996324
1045354984
1636730444
1715414961
-1883587623
-1957593056
1139804839
-2037342773
1501926661
47288362
642674572
-1409374653
794590658
-435677904
1252475046
-1123683089
-586942521
-808146208
-854439458
-904808243
488585215
-1502676862
-816384292
1435885365
-256934992
-129218228
-1829132595
-1783769522
223415264
-1789536779
-1478231962
297829058
-457534733
1380029319
1719095849
-645833547
1495902360
245930873
-217503001
-72226830
129087462
-1668054788
1790760581
159775591
-921656383
-354015339
-22619390
985697235
-436286078
-2003177749
1449267640
96857533
-1557765673
105793506
-956360479
-1053048153
-2058874906
61146855
-1296377508
-1449261693
-1378775368
-2023684211
-1183767375
-1615599002
1166841045
563279193
2106371922
1279690107
1280517674
-544649767
1703275299
1697017145
-1407165389
922087419
1930855996
1722600408
-643625899
1108135067
-1889562131
-1229483008
-18222965
1183091805
1385993730
1239928003
-334023099
-157598020
-1495395257
887367885
1082365836
-489789853
-1008058290
819027162
982999657
2115434171
-16060561
-682301081
-803073401
175052484
544998672
-24228948
1918853399
-110052056
1100865317
599640520
-1436356877
1379498381
1195607802
-1425060290
1787948294
-1548681430
-2102613457
124978848
174352106
-434813795
-835215356
-1244350071
-920775726
2038975738
148373207
-1499592753
-188165719
-2037846490
1495434729
-159445767
1522085499
1510025318
1451712360
658248430
143107092
-1372986574
-1721762135
-906605329
368011750
86844239
1090920116
1498467783
-877788881
2003635740
2122163461
-365810367
-7544997
1592217131
-359437167
553029849
-1938761050
-1332630253
1810840838
904727477
-320783099
1158018691
1152873047
-1305048619
-650993338
-929007462
-599189385
1288419977
1855979125
429241718
1483702116
30584355
-2074180223
-440854005
-1229812890
734272238
90125600
-621294027
-234666600
1231781214
591087599
-2111311345
-1081970521
-456358008
519495900
1157487749
1989486041
548115412
-115893817
1660825383
-113787311
605949680
1111677031
-10693824
-1715499888
2019757319
1248988522
-1742326745
2134911551
1955823154
1024016864
1326533332
1641111083
-1212369362
637441753
2066632373
1614732944
468663119
503814988
428810178
1769698201
1459032245
-877945798
1329839567
1103445543
-149819460
1130910482
1238786336
-1778309423
-1773460296
-66546089
974653506
598718763
-177470750
-870125441
-792228072
-1992429749
1525359500
-1531952866
-894786765
1838723464
-1305221988
1225313347
-1957615257
-284029307
-817702345
-1869063134
674293914
-1928106131
824911804
-1602201358
1381010911
1711819903
518255603
-43451624
1352031682
-811522611
-201560955
-1238303867
1497376485
726058047
-1983378257
960325211
-2091955765
-812513570
1954290482
-1910410282
-905123341
-501432241
366121870
-1234138263
309828648
-1086035812
-1890193810
1359664423
1034757655
-943741126
1488747877
1431764324
1501045538
443808071
-1846456869
-840823140
1246929523
1678309394
802408257
-32995949
-2052320686
-913636384
1838577803
-757464132
-514716485
1346852589
-1103574817
110838750
851499307
-1893219152
152993674
-27249420
-1608927302
-42686109
-1249683661
1282563924
-1714796178
-1404580414
-910684078
1993734164
-1999525427
2070102802
-1074153758
1501709993
927272371
63667044
847974228
1309163728
-796984474
582230554
-557621561
1756135600
1501655015
-1438418774
-364576138
866646336
-1849391734
-1415038046
-1312716175
-1634399002
-30380088
-1153805333
-1931981936
-2142967200
1016782932
-1407264687
-369648477
1452495847
-1022547605
-2123619518
1861759726
-1869794159
-1936084624
-1353514795
-1699917356
-174020618
1927056311
2073966862
-535051823
-556574698
-1465103712
438958688
-1196113235
1332106618
-448962840
-1945573262
-2028901138
1193069976
-800352197
-685452507
-629262707
1271743355
2097322764
-1400546858
745377517
1748709027
-1550360663
1430716128
920897032
632366121
-1911419255
-705597596
-1520586005
582086182
-1528246808
-1115421877
-204026524
1301886293
1493259413
1702607244
-1733644552
-865427209
196630026
1652962474
291057434
-1248292618
401284029
784956288
-2030858598
-830876083
1643175861
1457553984
-1603508645
230165926
-852050849
-1775714375
-697610935
141983812
-1375058527
-973253929
-2132776567
1116450595
575414063
-2109703056
-1583128335
-2094666659
495264797
610038077
-1809032007
1641391822
-1452411978
-1326397403
-1339222925
-1300345861
1017247627
-1947072319
784012344
-480713681
1127495374
-11198948
1327215139
-985543450
-915567904
-1581731398
-1806342397
909981039
1029769511
-2128956709
-1229881781
1186218444
427603493
835227136
2006208845
1571223516
-32909882
-677586770
1237418407
-1523754309
-621712136
1199928689
-947591427
1499748457
-1286682495
360281123
1116742632
109669801
-1297933044
-407489938
-1847060947
298984491
-1927637884
-1617985394
1346147889
834326252
-628859740
-1164521893
1673017772
-2141574947
2074381006
-392584058
1056771485
989706690
1822419228
-466096606
1558084477
-668129955
1252982964
-1730750874
79154615
242272459
2017916256
29179569
524420950
-2061874643
918292062
-1351413555
1925382912
-351011191
1481295987
-1035144841
-593818334
-257537549
-961385146
1872893727
1557491052
1584422375
39562218
-624801557
162763647
532937209
-911401284
2006862337
1014094565
1466569391
820456046
594883845
-1459611071
1708163757
-705772956
872254432
928477639
1962879507
1510972990
-2018967613
-1313207059
-1682628574
-1959545675
-32623253
-155137182
-873145563
1603735466
242485670
-739900097
-2075102578
668749180
-1741809131
-327426436
-55222434
-992517223
-1389193678
-1125130844
1233739466
-1247185321
1733139604
2049227212
-1730127077
18995716
-1009342351
197563329
1202552533
805671227
-1122970779
-301134208
-2041588197
908057721
463925105
1453456106
-1359142319
-1961644305
-1035944635
1889176248
1133757443
722410649
20890305
-2343252
-578363644
1878988174
360613305
-869923832
-1339679526
-286063974
-1696518408
445199683
-1246449319
-666560759
-26551929
1889890810
1087997325
-317363259
-328134097
1253409316
-1607684899
1861433251
699616059
866826378
1464109164
-1871660807
312494209
1618446453
1508326594
-1005345677
1052231587
344015528
-919904853
-874697434
522709138
1748774288
698152031
-339609115
1136269907
-1149997895
-2094382110
-31745069
-1474588667
234449796
-1712459859
396515897
-1312194014
-2104967401
-1742575474
-1307088999
-1935032315
2083566484
1608827852
380949507
1306285483
-1791887220
-47488883
-1392914266
-1445246531
1391141046
-1481179268
1824463017
1489614797
466610395
-1475661658
-1796697285
975424224
-300320236
-1679475804
-540638487
1813339180
1996233527
-998840833
1015666222
1658141218
-167639666
-1659061297
-279679664
1707039662
1173508298
983416485
1218931049
46695356
530983479
1266458282
-1501636413
428480766
1386072880
-809442808
1988842601
768423404
373940948
874552968
-1628478726
443036940
-2062194951
-1076254341
1123005632
-525189773
-1031339936
-1340907042
-664630016
-754674806
-1349482966
-846169928
312208531
1643754005
-2036974453
1141529543
1029263797
1352036209
1528744637
1812342363
1191780636
1938404124
-1833427914
-1702019968
1257704524
-1754038406
-1129537252
-734923678
-626521815
-236170282
669491704
74117613
1464184525
353512102
-1591829846
-1915348813
966921115
-1108305902
2051068060
1167996947
1582975124
-949105481
1854773306
843896214
221228521
-708935513
-406520415
1459861916
336846032
-33617228
1340982422
-173006281
-1730260326
1387276270
1667691449
-1350320042
896436485
750401385
1068130041
-786570459
442451918
-1719538109
1200153930
-1718520396
-1180370038
633718756
-318745195
-15027498
1438262710
1789638279
1045835504
337752907
-1868940788
853202938
1730261007
-648725983
419200280
-1460325727
-1851594247
-1065655466
289781769
-209600832
275499518
223090882
197187020
-1667809288
-12890393
1753444659
404471126
-1717783790
-1690673809
-1952948775
-1876492991
830231547
567076850
-1150924316
447487130
435322895
-1188995740
-1948348309
-736647944
795998361
-1714187389
-121574257
586234321
715868570
-1265131440
2108180448
1928155400
-1285728055
1697928891
1688963839
-1173790519
1978753243
1683774108
-995601277
819762841
1086643460
1064304618
-1991788000
1196714920
992487612
-954111706
-1389660154
1790290537
-1690249274
2006423832
2092184198
1311750500
-1251276179
491023293
465022459
-841400502
933577232
1684843135
-1668800281
1103787081
38173153
-2053066842
421266524
-847596383
2096531433
-2108207858
1916274332
1540106359
-270726577
-104601062
-2106391549
327783657
1031496920
1377570024
-1106892251
-3691934
233476785
84918981
-757487309
-589536210
-931278740
1115397091
-127887454
-1162588848
-1722326456
-1181602231
853339149
-914964845
-1249051979
1244025866
-204557990
-622368290
1582138646
882809017
-1210066660
721733324
307386568
1521322523
-1412411336
-230148996
2030180450
2087837726
66861514
1155916965
-330579650
-2141409270
-1219464119
1371005932
-240865480
-1620369674
1159711976
1113641849
1207736501
1445218172
1200457023
-1310185529
-1943615770
-995932496
-395833558
-522518341
2003308110
1879090253
379134705
-887492872
-926069887
1290635825
889099176
-315803023
1776707629
-2121892085
718374361
-1837203906
-21091234
982161490
1744301151
-1133531725
-5808131
1367299960
-554274924
825546415
-1375993703
-719804833
-654892370
-1177078479
-1552707735
-20994293
817605478
-1910674384
-1568556143
-427144551
630702042
-58853461
1837034660
-1247747216
-235200845
1895705597
1181774186
-47307083
1608541578
-1724819850
-631351582
-1194766076
451438983
-625945816
-1920914551
-703503780
-1035995573
228535294
-1317915940
-1960073894
635967247
727029009
942460188
1917253033
2044153357
-1283696066
240654161
476608952
267148830
348393971
-918812784
1625146286
-1374582108
-1551980215
-1590326913
335252890
1383690665
615816536
1823563545
1989117167
181199944
-784075323
569231790
-1159800530
-290234037
-413412193
994000685
-2089647644
-1198123499
1921036139
-1567314011
-1903333417
1796704706
1081247101
-1178853623
-1774707332
-591898996
-183523447
-441411789
999305899
2009306480
-1646009224
809940523
63057813
1898176528
-524472449
488463528
-1728163083
-949220133
345772910
2030846166
-1189531771
-2106783382
48727877
2124573017
1100719283
-1922795731
1295054861
853726353
1426927252
-1469714874
726572004
-343027681
-1837186792
-77919564
1667195480
-668351320
638296703
-602626124
-1834150408
-2132379176
711522571
195685731
-2137619672
379721385
1878261751
-1542974297
-1124812747
1174888933
-2143676505
-547355312
118207145
-382662935
1291134240
-296930695
1246236127
1471537835
-903220039
-110929612
-1743747367
1623104765
331191315
-712571547
-1291097776
-570093038
984733509
-1437662994
497367564
-1113436095
1820884316
-51703540
1554461302
-745001463
-1957713918
317629952
1149329770
2001714260
634493564
623141105
-841644718
622205184
-393415719
1031377936
-2129857681
339043738
1757010024
442441981
177545338
-136321428
-1779188118
-269526679
-821846421
1073712569
610718216
570344955
1226548119
-144935098
198911110
70776695
-658739456
1655773212
1726421689
-1665087971
1113660904
1617634956
-466235722
1156162382
407881383
390364787
-513451829
-1471291019
1511976126
584025535
-1496566861
131470884
-770334165
1153881393
78917636
695990909
-1151604226
-660067996
1754049260
29453779
2100703275
1226760205
-92472292
-826114416
1340074658
-2076015229
1021005571
417635672
1279702941
-1728956798
1050368831
1218666094
707300664
-52569557
-1425297328
1310551383
221040198
1952086094
-1016100722
738891452
-1833346975
-1288753172
-1251059876
787352724
-2067669182
-732130825
1529972382
-1327085438
1793141075
-21470117
-2103699608
-1532088197
-1074724478
-2125196991
-1752229385
-981900885
5173848
1967408785
1693004004
1603257753
-1857479095
1455720889
1881052054
-1121266296
-1106261683
-434519123
-819313672
-1906757600
-1757583441
356714798
-948933781
936600909
1624262180
1924670285
-1053486338
234298471
-1265754338
-949380046
1439279836
-1127483245
1971007842
-416394215
1506219269
-1102586008
-644633640
-1425612131
-1747900608
-348224043
-225475935
-463517639
-2034509744
868378433
1516634478
-1006914550
515476581
259754739
-1379422449
-1497013799
1069364437
-1881490509
-753248694
-1166486439
112342795
1666586033
1223444462
881258412
1389842111
-465170778
-930010586
1787738155
1739120487
1036540985
-236197614
-2048018074
-1919260435
662723747
-913400685
-1757324951
1269175201
-60627563
-74287258
-879518655
-122386576
1798675800
-787016844
-2020467778
357466710
2135441974
-445010073
1305884537
-282271215
-1217362920
273297792
-265174760
1213404438
-1497934736
-485686361
-2124175152
363538120
-1481584552
322313411
1892445739
1423563495
1600530683
1387973451
-722314997
-1720415162
-1454690764
1767707933
404864750
1579795136
1898930036
-542326642
1819662450
-1442270100
-2068535577
-1746445631
-698684645
-199023089
1909727961
966905660
1986186068
-746037550
-1382309546
549151928
-2125399373
1582244660
-204164591
1740845880
131327617
-1152390335
-1343196538
-688494756
313854584
1720698884
1201764450
-1131485450
1956772814
-1016091591
-230719966
-1904268579
340566130
-2001007546
-341395975
1513185793
-389998955
1156319596
-268507402
1907175871
-1028386709
195730489
368359526
132687734
-1602967502
1676636737
11652982
-314691750
1264119923
-813010163
-1736006883
-766860152
2100085895
-61333422
-1157420488
806604377
-1365336740
-1938799259
-1083586570
-1853300998
-585208200
-934565394
87693941
-1317812420
996069182
-746210341
-1371041875
-99912792
-1947667344
-1380293480
-290855796
230966998
1295531509
1682931068
823390819
1291674878
1524260059
318543750
2147446400
-822172465
-211987042
1322977864
-371032037
396638591
1873076906
905149986
-896642955
1666345506
1775565598
-354589261
1143208254
-1315116481
-1600683566
-1000858995
-1593871050
-1716344928
-614506341
-485715673
-1680967913
1398284650
1168872397
1596053527
-1912386894
2034736236
-1234114048
1933432448
-1791876008
-1351628613
-1107723241
1177484744
-806780293
771665022
-67821187
2131944078
-1199798892
-223352827
-1989778254
614002907
1514168902
296920864
1389083653
1447014295
36458946
-269691986
1050479266
-648132803
551396461
-1901699724
1462873551
-760004654
1073208000
100707119
-710698382
592226834
972220528
-1253340949
-1853337898
-64149524
-1075313202
-7723115
-1214210898
1247053873
-1223707793
-460324401
-1137930407
-2079725177
229233679
-985220605
-996085145
1001429155
1865613490
-785693254
-2075116453
995106230
945322763
1025636910
141615538
294333736
1447977506
-1918480867
-1106815964
474509187
1631718704
424961247
668611113
-1442097999
1759293645
-233326917
402352830
-1607834006
577286732
-1406440843
-1478928024
-990655001
-1536275099
-405916629
-1216930183
-525860645
-1312657387
240438624
278640529
440256931
5042370
-1436329383
-910451609
1952587451
-2072411487
113725607
-1772559415
-10912396
-610726821
82883333
64107744
210746339
-1683012370
748861027
1650002105
2080278044
-528303407
-278846398
1045168128
-1721632096
-1836865189
-1398731198
-826650355
582359571
-293584795
-1256675592
-694054364
569310770
-77381075
-185379835
-406363144
-1668740093
933501821
-76788381
1143259249
-1951558323
-1730291188
1268997634
1307636143
-1703174838
1601479971
-1817929325
1521907021
1154200730
-2071487357
-53142622
599543785
-893312901
333922693
25437162
162698468
602521911
1688653443
1602298852
188294758
-2100204579
1264656502
76321185
29618596
-687559885
1739593440
1753387993
1456483173
181017578
215977452
1065081667
-1869459263
-359081965
-623683886
-451789530
2038231083
-641358382
1772737152
1320936239
763133618
-918037168
-686091658
-1089919867
1925496195
-1642972683
439264241
1002331162
-1496288334
327879383
-1361024693
-561754044
1794932793
-1619888531
32449953
1082064779
-1691121600
1446823303
2073403062
1438901956
-189807202
-456005246
-1197901546
1000739934
-282281569
1979888054
1781084798
-2057331461
1882900487
-1978178509
414506619
184894786
990051927
484617645
713263440
-802523917
-555119794
-570483532
-1098816228
1063831355
-1050563918
378313767
887170364
1197460552
187566415
858169578
1408052205
1106694176
1534387520
-819790122
1846242870
1895021230
1270836844
-894134031
-2134822396
278355230
-344970413
395075806
296880790
-350175127
1337222666
-498706025
1483192091
740182323
1387324804
-375942824
-1335441512
965526740
1374320402
-1173535010
686697487
808563635
-1662055380
628927953
2097025501
2040489179
-900960143
1531315837
-1591430301
-769214777
237886444
696581320
458620393
350458240
868869528
41124448
1576874430
-1320260119
90085925
-1276929997
-1597644637
-913408423
-971916548
1409792804
294383208
2020428906
837249409
-1240930309
2092464087
-1970937840
308396695
-312186212
-1605647407
1297531885
1853894248
-1610945413
-1909284169
-914392350
1258121317
2002613839
-1014505461
1894202089
-1340636276
830232837
-1052202410
-1223425759
-1659015448
447164919
-99805877
1054233386
-609108386
235699805
767826476
-438353486
1835711397
433746435
-763053460
1914404944
41157526
671745340
-696506219
-2029541744
2002138021
1610116630
-451208341
-1344344498
2001562543
-1769834290
-685592751
667353927
-941643787
93877126
609450476
-533678100
1844459368
-1871142604
76002310
1892594553
1285411366
707356637
-2027184716
-922718906
1460474948
397127171
-1047166791
-375322275
941187277
32578396
1894839597
-1257313716
-100503285
1411985604
294079577
725224507
-858975228
-1531745421
-1519827483
-1378583232
1618076231
-1053563022
-1105431756
1050773233
945613288
-64277174
170978575
-191537862
74290888
323573503
-1094041728
490759793
148265753
750721084
-261050368
-199331673
1445977120
777008591
-332512812
1779656769
1846257469
-165935018
609033395
-639343674
-1701924056
-1707497926
1900231084
-2078992135
-379833988
-727732004
-1984857530
1652494122
1469936761
-1549844210
1511689704
58270408
1182526725
532457157
-1604826757
716910139
19825908
-1121456116
370955597
-1936528400
-1207182968
-54367430
-483175112
62678452
1529289275
-977430425
-1039143166
-1535015610
-1156214853
-1061994981
-1718267129
1575590438
332861237
-1898080952
-1804653803
-587536205
-189014570
1192345722
1522471830
-610429324
1824966798
1569587788
-725220620
1037076405
-1783466986
-690985187
917652280
-2116681130
1689069876
667014660
1562436084
1275537886
-280059587
1775025408
829143651
-900028202
-1182820645
-13251469
-1026851378
1872501588
-834461936
-1904183855
2145869360
269946581
1171132026
1913659796
-371048675
-1034835120
-547819816
-1496166285
-1064333089
1805670791
-1327675188
-1462953006
-176670239
-2095252833
-625523230
-97465989
989475408
455181555
623963856
-1337825650
1012119038
-2096162268
1921812991
-329212490
219492490
-30938508
-982000054
-1379713891
679692222
-506234540
170548741
-1381426015
237283383
-2096490694
-468943296
-1297128761
-1370654645
1495114936
182894155
-465024273
439653670
-1595739446
-1787092099
-2080968119
1430060598
664818799
1146367281
576247047
1793069769
509293946
314606865
-245566636
-1538554381
1701300905
631435158
1989398916
-1668272971
1924869878
-2077081394
1199753100
544016986
749830701
-969057952
160977843
26492708
67034302
977498061
-16358263
-218251992
-1952764716
-1544476168
-2069705192
-290068618
1642483877
228018920
171794009
-1143701636
-1539112437
-1254623029
-237091607
-1087732565
1664902995
-1676419267
173457916
150727258
-1171038891
-294604342
-507948911
1745111019
-1211248956
1558631089
1139654631
1817437995
758361287
-1591991830
-471273425
-1786456834
-1765122872
296630378
1649878658
765319227
-1965510773
745444261
-838652907
1995666132
-1366641279
-281578156
-130831190
632639802
-244448163
1321761656
-589592503
-1881617409
1609843175
-192531298
856755247
1710710716
-132970479
132658275
2030782215
532823860
-1661635001
1259695162
1730407511
-317037639
824509451
1676069996
1246722876
-202457138
1993631936
931426656
-278619046
-789022707
626044101
-1219370724
1353116429
-1064876469
-2041989179
371334411
1570282979
-217158919
1457844300
-856388608
-312884658
1900335309
-593379170
453509242
487784341
-1951316320
1983976644
1176592169
559224076
1000731545
442377702
297249201
2050328452
-1774425717
1903699680
-158371411
-914083324
-1625949797
-1659787762
611055606
2013048248
1857695526
1921235050
1427930148
1293010217
-374893343
1936736729
-946831276
-64985426
-1077335999
815787713
856032555
79350306
1246043932
-338840866
1108410907
-1584153130
901768079
850059606
-882139676
-1650635063
-210212318
511980042
-277681314
-261275626
1246840362
-1046394834
-450089356
-584251987
1412178030
-889352677
1156246899
-779995579
-499944435
1402108515
829444740
2000136337
-167201378
995660326
-689921673
-750866511
1686849689
681950371
1232324033
438512363
592373492
-1478181871
412236999
1015307418
1780375313
-1391796305
-1369448355
1892662374
273796054
-1058127079
1405769096
-107333452
546155293
-202363171
-162978933
-1664640160
-420317617
-1701548466
1658435361
645334441
68854091
1222094487
-509487610
-1767458964
-1128324213
866401042
189220540
1492161941
-1598492791
1709550298
1823715467
-169597998
781712479
900813726
1944582088
-728111736
-1586575955
1459787192
284334682
-597206518
385574334
1508332925
357617785
-2124806136
-1824150035
1927951830
1379562937
630410309
-1772363451
323840015
-1344995769
-721035380
1733162343
478291183
1682570353
-2085533724
1864465840
-1133108472
1182923371
-544823038
-310991718
806461007
755805263
-370825218
-1992763550
-1948924690
-624181659
1347901001
943458283
422878552
679855012
2081970143
1263642850
-13059682
-1462040455
-1688029000
393136162
-1885058047
-1150399034
1098589571
1513024344
1142190279
-256921556
1519156118
-1634364694
-500252335
1373126541
26731551
950699796
1605141613
-326563124
-1469124961
-106212524
-2005397527
1063822294
118513305
894342152
2135306088
1900437478
2014814342
-1455687084
1834919032
-1225074684
-25552373
212216393
-438037534
-642683442
-590558867
-1658726589
85783620
1472125050
-889198524
-1448623470
1648644573
1239744026
-869956242
-1956282277
-880641112
-1104896734
-172799418
2010851008
354086315
205621799
603905814
1325550398
937299088
1059489257
1337434825
-853740969
-1799190924
-979243117
-1525175836
277960048
-1921815298
1959057216
2058434743
186753787
685595827
-2101201727
576531663
2031951064
815154569
-1966848355
1310853550
991574264
-308238151
755653976
1546820797
899655747
1371824089
1258395384
2073980033
270297020
734282025
-919646524
-566401267
-1611841567
-782682836
-1058257586
1728283575
1865438807
391156090
-27540300
-1115665394
2014164422
934595796
-335919838
-484868085
-702156798
1959059577
-925674086
1137658245
927350378
2129652407
1629932791
1716237034
1016317077
1498408644
-415135954
1827034411
-1403659990
880250318
-338808105
1449160952
1419868430
1477752143
-2044267797
-1733499091
1051084997
707378854
913889487
1029358731
1669318673
-206181405
-384402799
-42969941
1819515871
-2016563742
1147611504
351268910
1135612515
413220762
1437895841
874445369
-701741695
-1895750986
217097296
1497022752
-2055372946
-1177202331
1353349348
-1345440160
1871431063
-856344210
-637011321
1050063315
206155201
1729877126
1358943461
286602270
1026679153
-963350043
594950963
969727085
-108072051
-655227626
1787555954
218531170
1538812994
1693191694
-2137059340
83672394
817508136
-73830784
342972959
248679825
-343302236
-1997356945
-220198544
1860879735
1094592398
-133496316
483750850
-765674492
-486996973
923183777
987560912
-1918976711
243432667
382106933
256251640
-179464569
-1235162771
-1145263150
592145217
1618736773
529541330
498606204
-813741665
-479489060
1011249016
81461058
-1408300939
-1992470651
446533465
-139545198
-293404070
-1840986570
835067484
714681033
-927384289
-2038495975
-1831067909
152823306
1278541073
930305471
1238044453
-830522032
-172111749
-977250989
-114720411
-1827085883
-336814226
-2079929582
-1076714430
-2038538925
1072589763
-167316998
847666153
-353806981
2125393248
-153343551
-46214647
68986726
2047846075
1066287880
292855806
427209017
167939484
-2031166768
-25626831
147741869
1150845990
1747745068
-1314952259
-1417822499
1049615895
1038903096
-882424490
-2116656798
1005549134
2002219081
2137946726
409503900
-2046879603
1519714917
-2064205448
1464339282
431375232
536044021
-2023283495
722374525
-1949923586
968025273
1069261948
-1828437920
-705232243
290809851
-2088963554
1154830812
148555819
-1817020921
569033642
-2050235135
-582736053
1411632857
-21776419
686498280
-428661731
-1809496040
19720493
2042731199
1092460306
50214979
-776647962
982928420
1616113823
-273030871
185545878
1391775415
1613561152
35098014
758955947
-1093497366
-1420753473
1685214827
-653141158
936384538
-466962507
-735329658
1635334849
-1095312413
-923123119
-14436734
-1349025457
-58399057
461271896
1316710216
-1815457437
-1654818672
-1650188180
411583495
-1925766861
-1781628593
-1528012656
-1195963544
-1636304401
1363696325
306076138
997097478
506627365
1218860136
467773387
-654020579
1749552230
1987830824
128621804
214893697
-1642901718
-1513910149
-198056454
-2021160240
471028464
466216886
629493845
-573362454
800100777
-1593829217
-61359853
-1474734175
-893638058
1124532287
445802570
-954819923
975108079
1039974651
227171470
-736723998
740864647
-1994115355
-1186968904
195914660
-414351700
1553915215
1228559849
-1854949222
1713540883
1348925857
1995621326
163145889
-145703819
692133740
-473485020
-1352258301
-96585805
339304894
956828286
764929512
-1180779968
-1783511625
-461353658
1151166732
1043060927
1129106012
113890561
871530417
599612394
156768683
1933752534
-714256425
202621878
436778734
733773136
-2042846038
-1423615820
672874068
1145445986
1553844796
-1428131910
2088765884
-1845611093
-1536692108
-1101282366
686051028
1927987452
1274431813
1217923601
-1134130590
-1599582954
1574524450
2005148827
-1244279583
-1533376329
491460784
-1020815707
-1933525937
-1234926633
317266621
1760370604
-1181589691
-1659953362
-1208843920
-431906683
575145287
1822978042
1467457474
844738245
-835919779
-2054218754
-1043612628
-1221428638
-1531108382
742977997
375455137
-469177958
1000062107
150225224
-297684033
-506720493
-1566378485
1079490660
-992383424
314465859
-1798725372
244107312
-2131519562
-607436271
773558145
-2139302378
1274840951
-431162948
194869683
1311358304
-2064826667
-564600836
-1495162791
-532781826
236537234
1516666982
-2053914540
804023685
-1399236206
1736974100
-90690694
-1394066565
-729487918
1605473924
1405295274
1789190609
1775727768
-1879789632
1374326047
134590640
-2114023188
-1989650241
845564169
-1680642952
-1864381626
585260299
-1237921447
949973253
485348744
2046919843
-582654756
-1533065933
-1008801234
293616930
951868043
-1045470556
604369603
1336291615
395865888
-279693888
-126672490
-1942916649
-1987520532
-931358212
655880878
-411691255
2134716135
-516336033
-1552562182
-956466911
-1180857336
970022466
1293784268
-321099368
-463839273
-1529685417
2059029640
814353818
419881792
1228750315
-943257448
1349992168
667562153
685829231
1202526626
-1388275969
-1092593083
1507144500
873822205
-262961030
-739896918
-1465017483
-117684384
981543604
1316926625
472111258
-1899208228
-243295311
-1131556036
1383847611
-55304693
939859005
-96828626
-1321489054
-1295793015
-1992930731
-192670634
-1456899436
-277256029
2010324422
-1718289764
-283284974
1315248206
-1172010220
1333395712
240544988
-657746085
526839965
-441378320
1994679542
-589489689
-661933572
2036621529
2057488749
2138616343
1458480562
-1805967105
694879900
1993106693
2118269187
1693709713
-908714325
-592635147
-1111527907
387471095
-1420210600
1031855819
-170583937
1951082863
687979001
1464410305
-1654391912
955850967
365913793
-1157500844
172732334
1212878283
619709506
1013342591
-555323135
-1289263118
-1524741582
-797339349
-1756349136
-1810781803
-1888293263
-583598875
-667426086
359354481
859862858
-1278991919
733931400
-1417439283
-228364808
-710371618
567764937
220217293
-1878739604
204543546
-1898097250
-990185976
-1889269427
1114974728
-954549992
710161241
1427958080
1975414864
-21178561
259367666
-71797655
411806263
1304060726
-1072994634
-1467811536
-1856435601
-1937171044
-807613242
1069825351
1660581616
1132693044
1642220124
2078654956
1340846567
298156999
-1321218088
33720427
-406479377
995173960
-829961704
1007688423
1430720894
-675616967
1427924236
-1383539368
-1756172895
1689193549
-875961464
-1887704361
657222635
815272015
-99737509
-1268317415
894818218
868759106
-1775334239
-1216132040
1543841372
-267998520
-1065402539
108391609
-580574367
-511518777
189983274
1675739594
605102833
-415838647
-1372272742
-1788365365
1621389391
-437523805
-1551182274
1282898703
1461054270
1185093337
315618656
1193979619
-47478604
-246132928
-1535461682
-1316968242
-1478972723
235883877
1486813681
133265946
-1693088766
1388412205
-1280990179
-156049005
-1108543078
-2122080195
-1638462935
-982370418
-1906198176
747881371
355065666
-369977812
-1113426283
-263820395
-1349403396
-47267361
-670006744
1384389089
1881512105
-359492051
890974756
-115961339
321370606
802683572
69586025
777748473
-411171182
307209325
2094327966
-584555254
-272451687
-65132748
226196837
-1828327680
-1291662447
-1250288761
1496255697
1638342018
2017511979
-612344691
596485140
-136128071
707243276
201302618
297247356
901571636
1791164901
2079128689
-911574112
812989707
1590598080
-1723404150
1112074454
-782013882
-293512803
2034581908
-1976549913
1456816255
-69468099
-183524612
1631704325
1199509957
-977406660
-904537041
1673709052
1233479363
412054885
-339206050
1432575144
-1811503583
1517400129
-1961451904
698548903
-812822999
383429361
-1995731555
2099023950
-2059819859
-1517552579
-180143800
1267874016
805044520
1882240492
-2093362580
944735741
2099713315
1373638485
849283147
-588573097
-869017894
-1987599050
-1420055100
1557730220
-284757473
-988192061
1979051732
1037734895
379708285
1149659138
2026166878
-43689528
-1440210529
-363757227
841761838
2095228991
297990387
152634456
-2077867205
-1856299597
-1166738039
-1289673235
-1913663444
1645267472
1570256705
1877286292
-905820131
-605555648
-456102875
1162258943
953931682
412238562
-1142084333
-1957115163
-659222005
-411616199
-1949464417
-1271151594
-1755170583
-1768926874
-569276361
172867023
-1568475183
169732313
394517383
-145451441
-754214817
914234373
1088968221
343586985
-2007043459
784669778
-780000432
-2042491684
-1126130459
1883403096
-697379746
-835889888
1448813027
-1910664631
-2078167852
-1492022142
-1743897505
1139238061
1042075954
-435807566
1458921754
-1717183915
314325966
33812763
-753461192
-1296458615
1472240632
1823532340
1454500605
441279107
-1366916258
-2133468139
1847847387
-1761502943
246973874
2077465421
1840647852
1803440597
1108422281
-665627918
1296367419
1170255071
1437331846
-559074056
-1454050296
1251488446
733116599
1548791238
-38353076
-1457794845
1831204158
69145094
1002467386
-366645848
1700419123
-412953156
-2055508345
-312588417
-1179416119
-15032166
-1404048852
-682257554
-963433297
-1326394479
-1394898070
1841172154
-1603843144
1068323755
-1626386674
-947488798
598809533
-445075945
-778052874
1229726414
451201985
-64689787
780670675
-1830413240
-1418603177
-1239312204
-1139405521
-340094805
-162173120
-150601144
2130073777
2021091801
177145431
1576366560
506634656
-522037134
-85401423
1808729704
643559333
1191427138
-1962586368
1281069483
1566692308
2100502522
-1950150601
1908497707
1092857581
767769634
-1693332621
1034872884
131700702
1081521486
-1451637735
288027438
-1891195252
-960099953
-433574853
-1945539533
-562125102
1536319788
-1551648449
-1662381855
-1037731895
1684551314
1885560514
1805572464
-1397843127
1831864712
792417209
-1624932090
931641776
-900034138
-214776359
390119241
1065426401
1551442951
223797048
-848099530
-1166840433
1107968061
273023540
719707952
-1370349125
877492357
-520593517
98969180
-2033286278
1769023803
-839300372
-1957766357
-827903748
77575055
1572270404
1270953783
-1191416119
848899961
918836731
1126315091
499239244
451004650
2084813289
398642909
-2031498603
1230781507
-479342397
-1357276843
-1569666982
1437279754
-141793085
357135667
473435710
2083199450
-1375377272
739935476
1240655957
-217926501
-293779654
-1832408203
-1216654873
-739959309
-907648271
995372165
184306804
-67719940
683989335
-2126363980
-1296293128
-1106598857
54838923
-1178812815
-1439621776
1533819071
658181704
-606928301
1974429852
198465729
-150531258
1502081206
1403467269
-1051663061
-624033569
-1251369334
-329885631
-1879485789
-1443984650
91283303
1564532597
-1365776966
-1760147436
-129696029
16284186
-735183263
72354259
921778984
1844616708
1772955291
-1745561729
400479424
-995508832
-1230645132
1574924025
-1849702478
-163181187
642264881
1004302302
-1824292397
1708039693
-1088292920
1934595305
1211116117
1588317611
1590219922
-425156715
722488995
-800041249
-1571395522
-708257274
-447870863
-1871806751
948419592
1529107241
462549262
-680318885
-1179626197
578304281
449672700
-2041000333
-809194092
1000469956
-2135072063
360754184
751240151
381219278
439006207
1650496314
1931261542
1279730101
1190987714
1102592304
687971839
-476397259
-778879207
501807637
699538278
65921261
-1324604185
-1724425886
-885273516
-104420799
510799354
1248707170
1517296559
-222462590
-2007325092
466373875
1316167930
-452702644
-1464213527
-2136372599
236225294
-2015567313
-2102184415
-907763848
-1446555126
-1260268143
-1555760321
210316401
283708551
-908031278
1159570058
-989213619
123159568
-566204495
518568938
478030345
743871696
-1479146258
-1321757507
815657745
1690625165
2009543727
-149777941
989997505
-876864299
-1559298009
-679635145
-188048344
1030345846
830409460
-1609887784
559776526
-1556898766
-1274155320
-29463480
299076920
1434903219
1847100619
1211640155
50518761
1513006012
2000041536
-1439517550
104836524
-1661446495
1923005414
-822558288
1225904209
-820719623
-534646880
2062738830
-427164876
-1489433967
-1214737321
217287211
1439873220
1145965474
-323012577
-87715833
692883011
1706972742
81433752
-890031952
1346202826
-1436376536
328667542
914355868
-686313840
-1460221573
663440900
-1918247367
668804203
1176183341
1927271173
259191874
-1050216555
1802876507
-1071884965
234227028
-106732621
617222151
406661388
-1096928575
-1603891949
303401991
-600192190
-830308190
-1099172043
740911168
323987058
-308039374
2071617420
-1692729068
-822971199
-1059323558
-1263271803
376828440
1735779490
523606663
-1933999928
765660682
-6659133
1431686595
1166414525
1454531073
1533097001
-570921981
-472938415
-1712998426
908734361
-1571303491
1079860985
-1271116766
392158522
1309895614
1760954358
571976344
1109179767
-1997540551
631369947
1746724566
-42012630
1256812322
-2064117684
1391764358
-1223845642
-574565188
-484443385
-1447060182
-1461344780
800321905
-1619933912
-901993464
-526787439
-1498955807
-732154968
-470257310
202133685
-956663236
-658636250
-2001853462
-45766104
1857289684
291979498
1048850292
-1213146063
-1574939667
-515633371
-733570067
1181234047
-1958120489
386020733
-1016303733
-290791859
1199739454
-1810406199
-1093369787
1231049408
-293039680
-1692000999
720988293
-855558253
987785408
119243000
472093468
-1668041995
-866807687
-247424780
1142657654
1927496625
-519581354
387828574
307115790
150636687
-392626049
-1179153331
41359651
-697853446
-1526693193
311921129
1979550123
-684074526
-560748444
-1199187739
1987780232
-1724752413
-1842399505
168420685
-744337927
227432358
308261710
-1761399935
1462685011
23404423
-869580322
2032532864
1576052463
302630264
1190735733
86562921
1352547174
-8762332
-364873801
1882394175
-114777605
1390735959
73915560
652593132
-49210280
-51499364
1104634755
560243592
1106612605
1290289447
316951241
2052289242
1249199093
165117941
-1740780132
-1173168610
-1108461750
-2043887311
1360152653
1809706760
279378106
-506361895
-1987472846
-1140406263
1526710058
-642263391
346726589
-1649341488
-931064230
718916887
797951945
-1622361837
38635865
-1095535865
372124471
2147253902
-1495334853
1124292128
959067577
1631505227
1246741770
205839831
-1585698579
937500452
-637901830
-333350518
-1354425683
-910598266
1127930591
423890153
1717957541
-82234249
1255066595
650919569
443499301
-1683246631
-268851341
-44724999
-845546441
-156380945
258802041
-1738519151
-1729728524
-1703510496
1027900880
656996904
662706451
-1890894085
-1368899596
-371429235
-1168503614
1238021243
798960121
1910376569
1675699384
1241939339
1858549438
-1480678485
-1545718134
-1845871157
-1874375838
1641159765
1114893374
-190460780
857922549
1296217526
331944477
-18034630
-1738662030
928543495
363425229
-1262597744
-908259603
1336178843
1517580958
606786480
-120151032
337566529
1112696611
2100861947
798558891
809992684
1109250053
-860858786
619887091
-2042561130
-1611123693
168735191
-60839830
-689538208
761171356
24777015
-195489927
1783379197
-1090323200
-363557847
387543578
-1221852335
1760989316
-1644266382
-1995580719
1001781076
-486066842
1356733305
-699890468
-1890116292
-891083215
503641098
-455580503
-1719218725
819227218
1544825942
-399752313
-540200379
1039940330
-1936921538
-1059102048
-79962699
689922277
1170891728
-1212622553
-1782865488
-963518390
-4770287
159785421
1344340075
165774548
1948797948
-2029221000
-987045527
-507239486
-639413301
-673939146
-1985647512
432514795
-1258852236
592239983
-1188745603
-561040108
477289846
-520897446
-546509443
843713413
82348756
-384466510
315805087
-188359463
1961162081
462030248
-232805025
373803286
614580030
-874308325
716037028
1802781437
1362873505
-906039035
-801469404
1145009826
-441980713
908319032
1764732423
358942014
886978443
804433483
1180829898
-58774973
-1988823480
-489175346
-694566042
-943546960
-1150856644
-126741564
-755385936
619038630
-984787394
1156255826
-1279507453
873404731
857093393
-1179551565
184702235
-1928356210
-39422998
-1414267794
-2015620541
-1142153701
2093988143
307781579
1015040435
-687318704
338707329
389988482
-1306891470
1785545312
-337359620
-1817710154
-1595087101
-237225130
-1277960515
-1705958623
922752766
1005498988
873191588
184960911
-2139875844
-1532842083
1580806490
995094160
890120568
1118447480
273265301
-994540184
1023451506
568076086
-1633307238
-2140130486
628511382
58994190
833266691
282444997
1515785886
-63092792
-1371127614
920541822
-799228173
-1681146736
823065957
-1430466785
1053754778
524380684
-2043289702
-1882912625
-1505392562
-572122704
-1284326666
-1567184797
-1773975064
-1625397168
-741096719
1633537939
42972679
-1742662922
-1402619595
263186800
-142589204
1291042037
-2076558313
896905685
-1256206939
-1507491010
-1364854427
565373597
-1439886227
-45158159
-1545025182
-770739116
328987474
1120151863
-2029128178
504151600
836454168
1482644046
536031913
336445761
-1126458787
1293340133
-230094982
1980168935
-1863253763
-596432215
-1907903028
1192172165
728548791
-651183329
436197432
1767921267
208784912
1956105652
-2099363030
-1595565000
777050231
1909555729
-1435571811
-1737617415
-1746405207
-1502111820
534956584
710184747
1632826966
-437710404
-1114036162
-2146424177
-152014332
-472988669
2133628337
704498528
-929434572
1506024817
-1920429960
419592133
271272642
-49167473
1268037809
430500492
-984098671
-1724001446
-615587096
-1152093671
-476923033
203348825
1627228825
1229867676
-1279726572
1432085233
1018718451
-166598783
343588058
1863652088
-1843579938
-1768955860
-1535878648
219534215
249743679
1114010598
-38063897
-1800768749
-1017296262
176806161
-828350246
-566187330
-1607865288
1489357731
-725181760
1822135275
1650556522
-1020981551
-2001988964
1624826639
1075638412
1977800202
1991206776
1208908750
-502835666
1213548838
-778001019
-64703930
1215115183
209688543
408798855
-687682139
1257306956
1357729919
-1240705937
-630677503
-569814440
945810907
964170313
-1188477081
552408780
99799167
641257304
-1121424332
500593922
-974579926
-406861698
-910389085
-707936835
110889596
630143969
2033075623
-1531356052
-919072787
-1763372340
-415934213
-1031770705
-899590143
-1790196270
-825077642
-421414374
-1900495943
-1894588616
2029242019
662247736
-2117305012
1055047572
-1472430959
-1769373487
646438935
984975537
1580741862
96617584
1106234321
750342837
-2070238150
1855605023
-349573374
1782452101
1124418209
-1169936012
430904501
-770457496
-58381687
300598737
727753068
-85728790
-1866125114
622140646
-1421579437
-44355070
-653561365
1409697914
-1909890631
732378231
1372360923
-823883157
128628667
303896958
740508319
749753843
-550599103
1377168040
1746158457
-288120532
-724035282
-1838800390
913574200
-879342891
-1321903149
-1902833827
1757726413
1800181846
988944548
-1856327624
-1413966562
-1109323775
-1420623827
-1775182501
1198314777
-257215590
-1343902906
1127150366
338763532
-610738407
1693584517
-1506453559
-1124248780
13127597
2081228019
-2132769738
-1629511789
-1089661180
1811091459
1007776437
-1798394
1857715913
-1110623553
-1068263377
-1249348202
-592306066
1869732420
977718157
-203239922
308131114
-984238736
-1279934630
145841356
-299408827
-1862691367
-1184370266
1903307740
-1619786349
-588549120
2101884462
-1759988670
1196901949
-1926122810
-496550215
-1512322922
1953590726
-177594850
653510084
1767838934
-656192179
-1001545469
-709345439
-699119753
-448482545
971302572
-683133861
1474115517
391001136
701061886
-788157538
28941644
-22065478
1083260482
264848853
903884029
-1164564507
-901988329
2071850836
-171168011
-16881000
1785025962
447433785
717611508
1311836720
-447758557
2130199245
1845313514
-919147137
102002786
-1335801809
-692848689
-711145962
-1860611862
1517572915
-1154699085
1745262535
-162330851
-945907321
501410324
1576383589
2071151273
-1464435945
1156582767
1309421517
-292767166
1957576626
448234777
826609706
-1525886831
-335377683
-297997234
1632157299
-730459029
-1220433337
-1004229494
-2072413384
-515502010
1312235917
143694871
130800542
2015632616
404298112
1259303399
-449080664
2099129184
-1429498700
166666915
1542261431
-1617708486
36146874
246381315
1628476243
-1363252755
-1502451327
-1420588192
1722033963
1439360152
-720089863
1294317702
1534922330
1449921773
-1906156296
1852540367
-1093476117
-1996642195
-918820511
1656974444
1293528479
686487765
931658882
-893889531
881936621
1180760280
-544019522
2142994565
835455049
-1835323379
471977579
1802438958
1070558633
1301631530
1108082429
959982835
1083541316
-2116346510
-2071393693
-122546170
-1042413668
1221799020
-1419529807
1074720430
-1549116994
-830951723
-1641487874
-536989346
1236284872
-1304216106
-1485584753
-728969725
1271036332
591085433
31873332
1894019741
1927825970
1378651481
-1083173646
1142224145
-1512652733
634409625
1366994657
1819010108
671196771
1289901334
-273745577
-628386229
-289666433
413474272
1099060550
-692828087
-2010535960
-358894363
383735266
919020281
474901919
1500963823
-1673364858
1941190885
-241589038
-1633733425
1758339800
-561917514
-669090906
-291234086
-2023284438
-651389242
964950071
1449924500
1360891683
1132819699
-741173284
-863470933
-1657026402
1764444086
1793466031
-993297114
-1668304687
688628083
-743548084
-1687314466
941663666
-642300655
2110907095
804476204
835110293
2106336461
670173508
-1915040285
-1522636007
662698571
1493146066
1160061312
480052037
1249102830
-234613801
1179469216
-776298003
-223743128
398159811
-1754101582
829814874
1350400404
2123804766
-492600340
1810797097
1309858690
-25181100
-1164855166
405503091
1151831251
842759155
46484501
1617083182
-89732281
-1060202702
1575721065
544747730
1728026516
35074036
122847835
277929023
-509548679
-1155791730
1733151761
-603877155
1505649937
916940422
-731720078
-1615950588
1641107308
-1948528227
-806713895
476287646
-1267838885
1120694032
463486468
939681291
-1388160117
117704985
-242210478
-1646274748
-870978860
-846646597
-1874444499
965065026
97987539
-677992513
88260036
1502768032
-1902054731
-1456789255
1859128061
-657139073
549291605
1124358351
-811519830
877533353
486644105
1456233467
1902077946
-743442440
1506608569
1786397327
-624924623
-2122169352
79960752
-513704647
-1591317349
-2037480757
-1456629834
376234696
677782974
-1681104819
-1760648738
1338378735
1952319950
-586733705
2128563099
-1863189689
-87181211
-1491669496
-532184679
-1451720806
1335059827
1292785249
-1057132342
1404800606
761298802
1785203632
819706302
-1913085826
-799669026
1263361105
718734647
1455811424
-1710474012
297899632
-52441604
-1426470877
1049675609
1830030066
875983853
-1660237016
857815021
-1833641323
361032791
-237285420
555200671
-1163464363
2037556105
885750931
-857591949
1619776529
-459512921
1226375967
959742819
-1964235666
1445156029
1094983937
221256850
388628219
1604545046
-1700420521
406596551
-1615292522
93507790
-874907432
-1694776040
-972638195
-586075226
-1939767019
427227621
541066503
625403927
186040321
1919360520
-1897714395
-740206423
-467724621
-907695030
2104059491
-415547260
-2046616983
901807640
1579015620
-762016697
-1796749616
-1364374922
1107950894
-1700334568
-88993663
1858183218
-1664767086
-1474190597
-1217225777
-365703331
1330178895
1936162663
923769791
-155421193
-556893480
-829363946
1006574935
2000135145
195910547
-1586823140
591676187
664783415
-1173789948
-1539585733
-133810988
-1871976075
-1718011350
-625753227
356501395
184398714
616722217
-437599519
-831315467
1650693203
1077050664
1942955202
624746663
2004735610
-182063492
692826325
357990188
1423267400
-805503739
64601065
-1555035939
-261785433
1557091544
-864395339
138761777
260200715
-223945442
1516952549
-28091842
639591074
-2044482757
-325749643
181814399
-565589815
63538226
1057055042
1690401495
703435458
-883322809
2056889054
-1158762538
1060318884
1184965861
181129379
676436282
-1037123694
1498466498
1929196554
1456605879
880384815
184342080
-1360673475
1969649914
-807294384
1922785302
-1849303830
-953866005
1809948915
-1712767953
577023833
1067618098
1632649584
-245737263
-1710037824
-1319656451
1810112238
-1864908798
-2066881834
1563635455
-519269608
416279846
1834326949
1394954171
-1099441393
-1471915796
2060449188
-1432041983
-878080095
1103716203
-1145954044
-1943945543
-2138837829
-1055136633
1817800266
-1185797922
2044304412
1866619545
205683229
1719654093
-733677749
2053443407
1416020576
-88019008
-673385269
1659101903
959838339
-1534626412
1949250700
2129513762
-1004428010
-1820532014
1449779107
1530975696
1090973854
1416307948
186076989
822043078
-1809078868
4486854
-59199791
1072823168
2067841066
812638072
95161748
1482357091
-2144461320
-2137499310
1151177522
-1577867670
-728750921
-1650924257
1217055674
-50278139
-1844875037
-905966162
1541029593
-1595481027
-1290280409
1867095949
-1787247030
-1484525797
-750937876
-543844073
1796298637
2014854730
-1992050382
848271025
1904948438
-705926149
879101603
162152272
-813319864
812517896
-359420443
-1475971779
222835810
-1838527908
-69021905
-778678500
-1978693447
-1231009391
723099166
1065884970
118129127
-1084563494
1443441353
-1777991995
-1208937021
1599872034
799221778
-585446351
-550370095
-631059083
-764067009
-1001039720
-1686794756
-1254834529
432660680
-355512238
-1662310014
-1365342190
-1286122894
63780711
-1782350033
1183063052
-396109156
-1082045359
1905724365
-1406439175
-187297576
-1479322875
1988962778
194833941
-99714115
-1364489164
538866043
1636531797
-606047238
-1906352946
-1316445263
-403673721
-1664244562
-1446876729
-1933994807
-509250633
-1391936265
675752988
1557776921
-1157000491
2063148744
935739672
553041640
-1218205036
-448604416
-919340333
1456997549
1887430292
-1024292169
-1409288965
-1626754436
1714645698
-274725414
-2058178090
-1797662787
-2143034881
1549608697
-249986170
-1766988258
1558631167
-597564321
-753842801
1743800010
1525079923
1523746403
-234575210
-316305702
-1363455638
251572989
-545578389
2008811276
1338022644
592256667
-1503552439
-786466126
-595153912
837875253
67545436
1321632236
-1793834329
1724077726
207078274
42842905
1984731456
7103773
350600277
-1761040502
1016534870
699194684
-434988951
-1917378696
1673455711
-1622005793
1328241362
-1870032584
150641903
-1922281577
-447445784
-133333076
812268053
1342072376
-2041033139
-549522436
1264343813
-170446936
198301999
1687344774
-829339401
1086924281
-786372918
-2003213550
700263757
1918249658
1799737392
1691823178
-503791109
542407050
1568524108
-597269912
-236837853
123187181
477340707
47796528
-903500546
-503185822
1146733149
267536673
1715533059
-1844521292
948286212
257189863
1372611905
-752243824
762234506
-2053901293
1155136272
-2051500713
-595807472
-414957555
529408488
-1175719883
1411635941
369903688
-1574844528
-1360967822
-1029638324
-1297448776
-1041035654
934879752
108931970
878937473
341590637
2120516724
-903363586
-1780571408
2007954276
317209552
125249018
1882089646
369842870
455165473
-646008014
1844624434
-1570345354
1542908910
1447667179
-1385881993
2018723612
-1633919215
-470865610
2012682479
692763492
-1672678704
-1131925131
1681262006
947279477
1846231343
2139871518
-1306089718
-290321338
1570558335
755910078
1585332731
-1916121027
-1769925574
1687836993
-582602658
-500010472
1648085010
1847505775
-1278075385
-1882626800
1882725447
1676330937
-1010801354
654398779
-670358472
-1052701898
943668817
1713418033
-1842253763
-573604121
-750209325
1016692210
-1462968397
1001396802
758293380
-1898036473
1285881943
-2019108370
621740522
367635686
-872575273
1248556746
-953385729
1763757978
1979444390
1512638771
-942798557
-1852980317
663592719
1832787078
103533395
-588591334
1397697421
-689178909
2118041499
-741049063
504620377
-1941169868
1912328905
-1426372775
-895188925
1875852141
733635427
-1718372837
1649638597
1811499285
-2033361446
-1446110644
-630996652
-1086184956
-669685762
-1190312477
154072313
-1422187667
29740981
-148511091
-2034340064
1821752606
-1963118361
-1402575220
476238000
1755813638
-932313412
-272533540
184785499
197987063
1046649865
796110231
564220982
584251053
-651489529
-1860253799
572136076
77408783
-826581947
-1327786905
585737198
-1462831692
-1909807905
-1016230580
-1499786098
-1869636184
522462192
-1798205244
-969657651
-136530833
2137884484
-334274786
-1605971695
746103369
-1632788654
233553244
-338788132
-1281106761
2077858408
325280349
298705689
1840484926
-77709528
-1630203331
469772729
2122370666
1685969458
-630486020
2133368446
131553813
380818210
769535325
-976010474
-675554328
812784828
2012836112
838262379
-204145374
1051194470
-240211182
-233174215
1304139416
50111702
-164059308
-1230890016
363997692
1167474699
1687752346
-1760827525
-1031525535
149390464
-192105050
-365177808
1917968126
1382769055
-632079723
705934025
957730609
-986722445
1133024392
911359875
50142919
705293730
1242921350
1722375206
578567034
-1871143527
-886718816
1161123669
2023601338
1104808968
1566709333
-2108631769
1772174000
1374412177
1302122808
-1905906443
-857929345
584381115
-638090033
790122613
-1925954356
-479004884
-1014907714
-1742041081
1402537856
-2087374825
196024869
-550514609
-281465908
644955635
1074103621
-1333852925
459345773
120964461
-381004439
-1250687739
571463728
-1989528674
-2038459645
752946100
-806552392
-1106636416
1299232788
1879473022
1661408639
-1573021026
-1130327343
-173296199
-37733862
1551403786
-1017106813
1665997747
-1563660608
-1948034924
-286202194
1057000711
-1972705780
-1685959880
353503349
1290991410
1951079169
-372168489
1870439996
-696858011
1897596751
1572956202
-19496561
1606707099
-87295532
-831250701
1892626241
1510661102
1466945893
48766836
715708888
1786805542
2020122573
1164441893
-1583331800
34093971
1522596117
-888483680
-608305603
1694088476
1847816965
-313113888
-137050498
1692898711
-1974724373
1245628330
-2129673970
2109530
1463211930
-525908150
1270145909
-1050984687
-554031691
-1269311614
-1142513025
248431057
-378704851
661574591
-562431900
-402391955
632222471
936297614
1168386344
-1099567864
1821726306
272550477
1771432260
-746055701
1028966328
-1239777499
-2041591162
-1610761064
727752547
415859767
-564784331
1527171103
1041629795
-419025387
-1683463304
1920538799
944021598
-2105670541
-1882993417
807528047
-1686712857
1540229405
113000642
2055497102
-1054179582
1250425388
451180401
-2028472936
390129127
-435354764
877246349
-227970549
-184370682
-2256064
62594606
1554544682
1735617355
-1648015807
-1704309275
-933054960
244172195
-582672702
-1481791525
1253873415
-978794307
554531616
877294394
1905778970
1877719061
-1602453639
-667969845
1108219880
983869229
-1356011869
-1158690593
296597690
-624622051
-756257184
718559603
1279697880
1560015438
1882215119
407894670
-1744615656
-1189195902
-1684959964
-836031762
-1353622089
1711861014
-1857959525
943335139
-1124705941
455687051
-1123727191
2097578873
1742260408
-191015358
-582148236
-1999317028
-87470462
-2036046458
365988741
-65988360
-164954397
-1859871536
549146044
850561887
-1224460994
-191080123
-730709884
1741844336
-436324460
187180162
-162620090
1321126836
-764724459
1654628252
-1815894750
2072312203
1322229242
342334050
-1838571300
646305799
-1092326767
750246628
-1079743468
-480261865
-942245991
301422905
-1052049478
-644293400
199670223
-38145157
-182931521
-1623863417
-272262456
-132719082
-1811410928
-1726956342
323774721
-2084613054
-1941785409
1955376752
-1244318412
699485389
659571075
141650055
295874796
1054488349
501382242
1905072141
114221659
-1061550987
-2042406996
963626970
2119221611
-1336475273
-1589303509
-1938899012
1578504722
1490502633
-354126697
643576291
-382726166
-383995717
-1295112369
2101467775
-1655040
1913445960
-2064387258
-2060225113
-59771413
-167880996
-1367063749
171454332
1329886496
-984023178
2134512172
1268281998
-2099339387
-250632498
-1924372468
550484094
-950818749
1903493273
848063923
1110982883
2079410656
-1890676470
-558085099
1082184305
-1659413876
-1171501924
1427655350
-1805981096
1478873530
-634130418
-860954275
-305005079
-204664078
821777583
2075898119
1587720831
1905758693
1694319835
-788228066
519253916
-614390847
-2115463995
1920423402
-566497454
-1243508282
-1245609099
-1455853241
-717049629
95764761
-875976684
-935111016
134181291
1067975640
-895291545
515563771
1633521726
1018390382
1600548249
1775289022
-45515315
1331893287
-1682962372
1848082704
563978701
677843462
-47432559
1308751611
176640985
-1404762410
977634823
1927451537
-450424873
-510213762
761473281
103008101
-1715648422
-145381735
-1224514084
1067799869
2145876807
580375110
454514736
2066840069
-913871686
-467860677
1202128469
2012749829
-2044154838
-1521048800
1848141096
1085116758
659998666
-1686667238
1046238222
-1849860718
-1734815182
1657605029
-47131336
-1395038518
1642929726
-965922138
1146619432
557337020
602559798
-178183488
-734552972
1431672133
-1487320273
-534343451
-238228790
1966703892
-110283344
1424381232
-111300045
-1502268512
-940169065
2002284530
1301169051
341538651
-1337721539
-2143630326
-1929792112
181264167
640550872
-121548166
-151965110
527991305
1360412449
1840980790
1590927851
2144245276
-251348426
1972504381
-1128319737
952435399
1751296192
-922325011
-697134235
-2090376654
631908696
-1713662061
743158535
1379345909
1037214246
-1714645183
414096231
-32779502
1519878091
-1336113692
872323331
-1322874587
-1724809600
-324995947
-1460099813
731531481
1694032255
575101999
1290143161
-2008175202
803814561
-66367455
1628072433
-1930293608
2137371720
1524402820
-1088354710
-996721958
-1876502658
626074991
2112910876
-1690155821
-1222018978
1475450250
2100650842
207687944
554182322
699480545
-1382007533
1297849347
194982109
2042598650
-1029538732
2082417546
-1720365317
-636779736
2089565712
2123292436
-647930810
1435697697
440612131
1585992568
562545339
1345281486
1055406228
-303936025
-514818820
1748424290
-1320095206
-105471460
748737144
1179259822
-1785761567
-609761327
2041721288
-2043348558
-468081523
-1914317964
-57553572
-231755146
-88144769
1119733274
1038802518
-783941349
-1044715690
-843487052
-1468550731
125317676
1461079736
1241851520
-543956042
-880132807
-596366511
1798609601
1949068662
682290086
2072993051
-774519375
-1846515493
-630843200
476181472
-808575818
1064283829
485646096
-2124319748
-260314668
-419253473
740017908
1924408167
-1186353565
-701938645
-1793963414
2097128178
-938967807
-607908163
2088518191
1001478097
1078034121
-177795657
664408072
-1515886247
1593710532
1061242710
-1505125794
-702982391
-1064739169
-352813861
1905093904
253979342
212130718
-1768050579
1210356612
1991805826
919978704
-808868547
-167936001
1474180022
-1727062652
507428331
85955638
-2025942864
-363817221
2136988968
1816928037
959516086
1746460766
-1901974373
307291166
-274083955
-1543118862
-1726353912
-1441562844
-1129913284
-437510263
-643777873
-738313607
-2116408555
1230122555
169202930
988555637
-189056779
-220993194
723480633
1178311832
1595718858
1773985938
-656534759
93012707
2081761365
996690313
376534963
-837317533
-1748852432
870856293
775982682
317923853
-1435599342
1096614874
-1276296
-642873647
1964299346
1350644310
-521076303
-1448069656
1654184361
1484594807
-2140023480
1723847281
-701030853
1431915709
467205570
1952201787
-1722621224
43859072
-1225938744
547200484
-926150786
-569117148
288848209
1474414626
954175010
-460404598
974088704
1200778848
241962415
-619583031
250737098
-214296436
-778997425
90042141
-1564717349
-48898513
-1874759704
1384402975
-1296491590
2141142717
-1682167832
677669174
1979617962
-513103058
-631526587
-1563315891
1860379475
-311651123
-1413625921
-637856058
-1955381598
679482703
-1735684248
1354151853
186481900
-1490582490
-585996955
903113008
-344423847
1831898391
-1227189514
-1899183538
1314407807
1500158985
-442259277
-2058773041
-2036425651
-1825066464
938422295
-144685197
-1987235030
2074933258
918974786
-1826305938
371020381
-109469288
200298746
1690371858
1296307630
455079568
-845640974
-105796146
-347080115
393581761
851037263
1870007638
771155699
-1776468138
-659525017
-1088459229
1920602695
1644023663
1014231499
-587234018
498559874
-1948313107
626076039
1266483095
-1286182571
-57745779
-874502489
890264188
-1950850295
1098716216
-1701569539
584743110
674420712
1306535576
367825442
-966152906
748439771
577173742
-1522854983
-715576511
-627406764
126337570
2053167610
-1614671032
145466477
-807922149
1528577390
1177849355
-758067375
-1848922032
968224503
1684187999
794094043
1744622495
1230650643
-1039271905
-1918987140
368726877
-60102303
1868824416
966257249
1254398381
1423594083
1543842535
1513376468
-1830535403
1483273604
1807005407
-1757489951
-1483077810
-794129059
-1335382842
941783357
-2142152870
-1052225485
1649678760
2097596003
-1938065188
-230026556
2063659920
195744512
-2020917597
1485329219
1131045434
739895953
70114951
403009695
1716870925
-991174583
-1068034952
-485715445
438886471
897395767
243524307
-371653958
408028026
1688811176
-1292336137
-1049557526
1855712054
1314092489
-487366376
965437220
-935640057
-1615707759
421012050
688343745
-740776799
1142456797
-84726783
-1426980176
-1729872551
1076468444
-123265713
59698037
1144031959
-1573569620
-690281459
-1718512268
-1988558838
1244590917
1025128903
-872759697
-1202398373
-1534087274
1296080402
1695342412
241539876
1470991085
1687560743
1993691675
1502856547
620268443
2047416757
1242780760
1260648106
-1789838889
803669234
-183080596
-895914918
1268264930
263014386
834789753
1962573328
1222903916
-2057469124
679184470
1163835998
-323137738
-496606822
1839710424
502635197
-812230665
-538251472
817205331
-1204813118
-1464918141
37735888
719412832
111541904
-1863083222
-1256793460
-788697889
-1628081010
342170206
-1639507828
-2097460161
-1670529448
2038800024
900199712
1306644476
287792378
1816546683
945043736
1972324201
2036743259
778592568
-1374012589
-1956643153
1612200439
-1806550220
1713645717
-1043510251
304669392
1364229352
-1791200098
1671015809
-1400988506
1934969609
2042611831
-1956464066
1023716965
-624550168
143589902
649719038
224975838
151702042
-261547771
-227440093
1701480633
-963211173
255720646
-186964423
1040488106
-112297041
1955119066
1250529479
228225763
213798602
2110825595
721430343
1256457929
-1463830095
-1806311833
1758844017
-1210351639
659403936
-1108861450
1819426751
1655382829
1903699246
204617838
-1779437267
1875418954
873083310
245858710
-367628991
-1051815300
-390601000
-1460360568
202083658
-209963147
382604201
194984395
1770756076
-1471255150
-1465286777
1402728609
-1905533477
-341536688
-538386777
1767223708
908320485
2039927293
-1818285901
-853296009
-1823130826
-1194652238
537015718
-540585182
-1777666857
1441809536
275498234
-25813986
-1376991881
458766824
-1052683515
746051083
-1775530898
321512336
1371103392
-2051854210
1639454974
1662951476
1941639433
-286335464
-5909285
-110663206
1417626122
1464415187
1303319277
-495552695
-1184333222
-474355297
300484179
2050818235
-470185406
-560541651
-1458461269
406068177
606608003
-1420980215
750911120
-8199482
-1681627786
118605294
1618197859
1661164263
1720411765
-614461355
-302977714
51039810
-1828926599
-64232882
-1112460154
401706141
1853052164
-1835585645
1712853199
-610187350
361287745
997213658
1773918277
-2060419465
-558035095
665020267
-250248616
251964459
-1830189977
-913114383
-1015710441
-1050923537
-478060098
-702389100
-300281166
-2084826071
-1271372374
-127083450
-83352775
650990319
-1968655483
2095240540
202323626
-1594358342
1563582316
824036193
493759273
29538905
-2133487582
-1704753113
522060689
1172764457
913464115
-1563478242
1075616299
1198223491
1357365084
-1247290904
2087271356
-2061000332
1094541610
-1949240788
1224830660
589020083
177860064
1253799081
-1454609659
1011032783
-545109859
269113742
1665664321
-969480536
-2097420866
595549705
-1011739832
-229052129
-1393624960
888785694
227904561
781703953
936072938
-1097181767
1767041255
-463037312
-2143471639
-1464046587
-760248089
-2038264813
1022177212
128353278
200286023
-925539904
-300347758
1859665733
700345337
1483223239
-2121693840
754350130
-1864710831
-1623749407
-1321028264
1791134767
-1348586044
268979897
680266919
-796166333
-765840911
-731927653
1842222782
89953517
-420533531
699962474
-1500831259
722934323
432242842
507219927
1604444011
-673145607
-254240575
-2260017
-715693551
-115196778
-246145599
-1239604683
-1499980121
1543061412
1018145278
1574825169
867554039
867384087
-1121885346
56296583
216168162
503125648
16009992
-551864373
369531849
-1492286989
1655653742
1534264404
1452531246
-746016714
1817583245
-1481080817
-1562751590
1935960956
-419426701
941120854
1668411072
99669602
-508329471
876248673
347585506
1687907991
1395600370
651676668
-1368406157
-1253628751
1044685339
-733330566
-527145731
-680682177
1609108212
-1053069335
7633988
1978330906
493133654
-467352954
247556780
-1818856704
1615987846
798522995
2119112407
266369122
1235927665
-8311897
1246698130
-1680477316
-1523688903
334546213
-1812322575
-1805092698
256229616
939005552
-383187273
1978276074
425542306
1032977469
-1584340228
865203157
-271904360
-801801110
1970056713
-707292526
687408603
828172590
-1198008186
-658481100
1273778422
478118802
247248086
-384052398
481176064
1709068576
712715458
-1168106280
-205212199
-262399783
1351789908
-1214091236
-216289357
228834155
593784069
-1773979601
850433492
1885297315
1221685274
832032373
1783520921
1836450848
248115018
1231062648
-673121859
913101641
1880753316
-1972165896
1537810907
123977344
223986351
-823195578
-249740751
1979024279
-2086331950
1926348753
-993233754
1455777666
1445081078
2014814465
1768217613
888978766
-1767698839
-1677872317
-665919829
1956997201
-149304827
1521950052
-2124217098
-1108488797
-1352365679
-1321617886
962101407
-1086986036
191434342
-1964340736
602316755
629962686
-892492971
-1674810790
359903420
-1975619067
672634311
-1335895624
1825577293
529153852
785751334
2063919462
673490751
-240426813
1912525948
-307962813
1428642902
1670021806
-1961547176
674407129
-736478488
581511167
-1977324808
-588348242
1531696799
-1818270184
-2069542748
-1798665511
1711910269
-755670166
1071515223
-1693286441
712019232
-326529678
-254760795
2146670751
1166510151
693090790
-1033842472
1991056115
-1193918316
121939755
811181659
1190434040
1349486739
221548553
-576818597
-559056376
276144634
-1700084063
-749284949
-1564657465
-575824846
-1354003811
-1466851097
-1732108684
-99903723
2067304105
-337115428
688167809
-327553543
523493667
-312721113
492813668
247041773
238824462
1011226395
1347875247
-715521470
-291995573
2111379175
878470750
1219225164
83435530
-1158741768
-2018731153
1786307433
884341885
-1719466596
-1839662664
125328450
2072697550
-1108297497
-1419476236
-718774703
-1061399469
-2083266342
1148383006
-1591306590
-2037373440
2090107328
-1027880190
-1499640099
-323583204
1820118235
754478096
85243523
-773234888
2095895872
2048707954
-2110194570
1306649435
-719704321
-1323783583
-1440088897
840139394
-251143034
1071606196
2146535051
1923047751
-1304089018
-53825863
-32932233
-253098785
-37193578
1112843080
-441753331
-110592695
-1608203304
-278638828
-818484851
769228483
1671944921
-818442172
513138927
-1888346496
-1528800387
-660895423
-1201710808
-523426152
132230555
-1109551151
-404957012
-790153920
630588454
-1427363483
1731738164
-295625926
1791806604
-1631584082
-2109651776
-1746588274
-457822110
765182069
-1247395873
1126399610
778210624
1681444780
1483409454
44315046
451348201
97905343
-266442723
451829659
1849071535
428668463
-234505991
1551187062
-36617451
597354082
1349718053
1889826264
-798929227
111005876
1006271659
545258528
1383638372
1014659537
-1468065549
299543260
-450967405
1339815237
643364049
-2140502916
-83758088
-2091570604
1952521156
-113740472
-1591453844
-1152036346
1489058684
877973907
-905409770
-1180843386
272150172
1637417776
2096013769
-990340180
1180757953
-590210523
1206222251
198519000
-1718110013
2067215518
160058134
-1788343295
987058746
-355864028
-2138421822
-398817779
421123907
-881957362
-1718014941
-1074433950
293892484
-731169481
1657865487
602520508
-321662612
114952945
-208266333
-442398655
692020927
1503326520
-1268492953
1340222162
277683537
-1528948694
-526825808
2084090787
-834690543
-1115117386
530622789
347064845
-856329143
-2099102061
-786491067
31912354
-992917725
642975092
1796291655
-927953791
-1958185106
-1396050567
-1080838461
-690147604
-683894366
-958012696
2087359407
976230423
118580257
-948742884
-291175827
-807279550
1237350847
310139069
1663340260
-741094391
-603924348
-1454980815
530397163
1441203450
-542117712
-59732655
1226180590
-686745752
2047256574
1679909727
1665668043
-1879097986
-1392194259
843274296
-776731651
1705516950
-568213573
1663333829
-1239118853
-1504935477
1207521267
1359328439
584479714
2019342028
177740586
1177771379
786765905
-1514017805
242935876
1385038921
-1943763821
-1368939883
495503485
-735406868
-1535079677
-304944485
461897830
-769449698
-2071298132
375009873
285867308
-1273403734
1465219375
1516879741
952818208
1401372823
2136685545
-1368513101
-1538966926
-1660389478
1461859156
-1916842520
-1862042816
1787602380
-318825042
1601954628
-1455193649
1394024860
366169559
-689030853
672311831
2090738694
-1789745281
-1559167266
-144991868
402234884
-714425984
861623149
632814074
-656051899
1544985223
-631173071
-1904975590
740425756
1702980602
-766682232
-799742013
251218106
1779672853
-1727342271
193803739
-1658978400
-215639978
1397623849
-1387854257
-1086497458
-1479299813
-873743130
1799251799
-453799104
-2078836856
-1322354174
-1666499842
-1688331238
1897041070
-1317305014
992197601
-846832863
346464489
1825096281
-291763658
-258851091
1783137929
241859183
-949811952
-1571824804
900854451
332990854
1614607328
-527683894
1810902153
-428095321
-2050964417
-101415298
1988889224
-1316501127
-1490755607
1631925862
-1989549518
1188443930
-67838196
1216321543
-590983700
260010033
-1309041981
923567278
1402924328
1548037699
-1557044260
-95437077
707035846
-274248122
223240673
1602486079
-1715071561
623119987
-686989738
251566100
-1220872221
-1881287328
-334004162
-814422803
351000397
-1947347379
-1304052764
181205213
930692467
-632543555
725940951
-123322307
-1658838790
-1666508472
-670678987
-1671558760
-777818742
-1641221713
1213615404
1210001898
-1049909769
-726120911
-1934849602
-2083835894
-1778645856
237019676
-1426508349
-1333863581
-571556324
1100889510
758588980
526043626
-2120201710
-1972838660
-771386715
1599377739
365680231
1089943707
148027155
-2124171419
-321304417
1856329951
-328708640
-274645512
-390106756
949616345
-600365542
438810013
2019776235
871098469
651123203
-957543434
1988605984
-1954189958
-1295586867
-810645211
1273901055
-1185547069
2133376677
-845500287
-461530691
1699106159
-1113433614
-722732921
-1101554745
-295871932
1061598430
1583517198
-1006535454
-1294894598
-987687916
-1329948994
1315088275
1805789382
1480250315
471836354
-895647808
-989046988
895709187
-1401594436
686648983
-1074507207
-1204138737
1482186489
-1493219154
-1501718392
1793983570
1362761957
1474785898
1488597284
1562196301
-668135487
1076586149
585127734
-796837160
-1306615918
462062475
-166818016
1439364271
278292828
915161540
-594315055
-1818299088
14868368
-577226281
-1943014566
488999778
1713219010
280927181
-1860213311
829440313
1374271390
-1533149932
1293631765
-1186580969
-1753707748
406692006
-615772222
-503505514
-2088590862
-343827094
1449895462
-769857916
1035157066
-1940879654
1451313251
-202879442
-204591435
1205369829
685365622
-2101025823
936502622
2077999126
74147720
2132885677
264720002
1472938740
-1611355772
18904940
-351004129
1224194476
991838697
1899888898
-851743509
109588205
-1712530719
1468901605
2084842631
-1821430509
791703441
-630243873
-793027852
1418061447
-527542607
1422265106
-1984154298
159842404
1653138015
-1908384451
1473186198
1998119774
767600944
-2042914756
2030762044
1756477151
-572994424
-1617583915
-17427394
1360882290
1462292523
-1987797327
509777666
-904892060
536598291
-73770329
574561099
-55044952
-976856701
1101577536
1597707106
820215547
465086556
1804677495
-427823469
1550772040
1604702638
-2057244736
1959961051
860650828
1906031249
-1850182325
-260536354
1880947837
-217939402
-1415795831
-1636447202
-2147219160
1357283896
162825198
1852495210
2021833688
57770039
-203551751
1723425683
-169541890
265086119
-1322107535
1609651301
-898325810
-1829762331
675221232
437273557
-59815066
-1736769909
1102284964
-148997258
-1863672523
569326084
-13508268
-1335433934
-828093542
1033714274
-793253983
-2060520139
-1552814645
