-741868836
-1055500766
512235578
-1290998789
786560697
-659310719
-1602846767
-2130228349
36581091
-1560863208
745062548
-1679935541
1229063920
143047565
-1806563485
-1149761171
356593669
-775265935
-1818037302
1335681279
-686421605
344771765
-1917783966
-1617878616
-154613114
983675996
965750135
340033781
556906035
1162973041
1069556203
-524173331
1447223857
-1209579973
-643516839
-1028103838
-1964355598
1623933616
-2050720132
1220211081
-631939375
2136642598
1885775058
-1302220083
1198185046
-329246128
-1129223044
-248855585
-253679431
-1895765145
18115944
-1125248239
480927140
-1756599897
148369073
-716393756
1791505725
1974713340
-430111931
-1547297
-533316765
179543549
472927432
-1029085279
-524770505
-13190375
-926185289
1059451193
-297626915
-68810481
1610632144
-2120235339
1989076867
-1627400797
1204326321
1883367416
-1213024863
-1532658802
987756223
-946778415
-215938686
-266669387
1548937801
77667400
-1475630076
-1267552354
-1973487892
634111802
1250226075
1137935903
2127694648
-55042009
277006747
1697481559
1305246867
-1316340150
-1457275978
68023010
-1549535651
-1400002071
2040156610
-1668152504
-303843500
-1834526738
-970180673
-1585791563
877183290
1588808375
-1191302120
-346274577
-2090934603
-2429911
-1003072983
-519204989
1162716021
-1339132661
1838328065
-904064702
-55391589
1889334672
791259752
-1620965397
1801033561
-1794387147
266819107
-1425449175
158669781
-167260211
-1229378186
-1946656833
-1141011886
1922493913
-1719672087
1464770049
1076819089
-1118583267
486916687
-244065403
-1188422283
-1586486673
-509274877
-1783246822
161366245
-1211764271
1899628148
1531252217
544011765
-151328318
850382052
1201632570
2057801543
1160538320
372316780
-865473911
-648569425
-1428263310
1191189059
10634521
1819965717
-2025735148
1165655615
1177397208
-2001603681
177369970
-787324774
-1672037917
-794125553
-1248737751
-1219691015
-1861062085
-1604703127
-231568758
-295400534
2098817721
1967070680
1656342961
-667242963
-1789989313
502555345
-284058922
1763529717
-305252816
721079928
622714850
2109208687
327781153
-1932806077
1170716485
2024248131
-1745994544
-2040609059
2121119494
1523038169
968598868
1233585484
-759937766
-978081506
510307222
1110025813
781361402
-1906416249
1667660031
2022906398
-517049745
-766447787
-1255254414
-1605019115
1474359727
-2058463973
1334043772
-1704685808
-1562510163
-1961804163
-62381366
81098165
-72962643
298778937
970783451
720577820
-436844778
-1301773717
2097693173
1805130674
1601276043
183592972
-1867487651
1141945952
105759036
196763323
-426099775
1233876459
-593087624
-23889984
1926404857
-864176483
-628384378
-1480072371
-1897543442
-559301083
1967324085
-2136700155
-1112418086
1474118587
-1947871310
2020561090
-876577359
-45230457
1239922969
1791817107
904396510
2112538179
-601257139
1576004867
1874478130
-783125986
-1233318772
-271933280
1078209817
429072867
1527224893
874768315
353281806
1069403482
1813311116
-1105938581
-1267321008
-1831635474
1893704504
39997144
-393942059
234616463
1474203051
-1919392843
-1916409985
276786650
-226277302
1425740558
1430846861
501851766
-2008580850
1554029123
-1585442733
827400640
648791379
-209773485
1241982765
-1305368407
-1968950544
1346041694
235106225
-1243314465
-1021585785
-1689883036
-824926685
-591473622
-319170787
-1532253358
-929603283
1468035096
1822945004
568745279
1252973775
-280718371
-1463590537
1522693874
-1955176300
-506519949
-1298219297
1737085351
647744774
69205769
1020004469
1461893138
1756781667
-2014813798
1397492367
-849502812
1941226127
2081653211
628686751
2026931724
1912133709
1464813657
-728772479
2021843200
-660191831
-1684072990
874284563
-996876740
940367800
-1648008924
549699594
-2043052598
1382985092
1224149652
-13875965
587915396
1626130496
286624401
-446103592
2050268375
1130728131
1239113160
1182072373
1466440649
901891123
-1976020007
-430422934
-1672789444
-489299456
1188144186
-1348105599
-984487309
-707312364
796126556
1433286291
-1359547947
1588934216
1199800843
-1328863145
1414651633
-1364709863
-78010086
-2081543685
1683121090
-398367845
1380168510
-677832137
1069236275
-193997139
-1463612614
-267050082
998918373
1938770285
1459332156
-577399498
-367815122
434691310
774924935
-963170229
-51241115
693388584
-1811703215
579207039
-615496100
-1323055056
489365741
1828784934
-550562003
1769241768
833055788
934575824
-377798599
-1298171016
1821199361
-1892150234
2083194477
-1004537667
-413545885
535353081
730905031
-485656575
1859198327
2006095511
549547544
2122878893
467146733
-919693215
-1096287221
-211030085
-137774167
776101786
-1369928091
259694511
398512806
247635585
-1783021682
39823303
-9981417
-99900256
970492751
2137168240
-1872852018
1120001638
-2070767396
1492626172
1634398689
1635924467
-810376939
-1098294638
111767690
-663517901
1993209096
-1740321691
-1272683953
-1186522834
1223321786
-745449432
885088866
1229481629
1272587814
275708353
-1834417846
-1593821249
-380425082
998152508
174235586
-1209418899
560529360
-1523425790
555258848
-1912296084
-1821160317
-204242614
-2028536711
636563458
-304839774
1995330510
64612035
-1476973877
-1161841920
1854696130
388344380
1243890380
743251390
-2102384639
2096013003
-926367800
-517908206
520360329
-159149788
911012562
81981769
-1897681879
-457139856
1725821475
1492572942
1711983992
-2092550100
84524589
-893635348
93559049
1040899408
-1924127761
956570897
1656397020
1465597364
-1188106101
-485843116
-798768874
918559407
-880457195
-335413384
-1798177036
2005295105
1368605101
663872434
-441511171
-2112832526
848818895
-1983896728
1285529207
-471329350
-715013143
-1613676997
-109876197
435324451
206150701
873119559
-1681339381
1552856684
-968154456
-64876375
-1342883069
-1597257360
-193373549
96895809
-646657841
986985224
-147836695
-1772253512
-1018891780
-836492884
1666764601
-1091269180
-744038190
-695574944
1059047356
-606373206
-938456703
-1954756915
-2082902358
1016098820
1993430425
204981677
-507382584
-321130044
-1586933057
682782060
1728845637
-142982536
199956637
535238924
-813008697
-307345202
1047353882
-645220536
1114437567
970901851
747787723
1716200444
290231812
-31000425
-269117016
-2142293053
1817560479
1993320748
872795650
-734439967
-871747868
204905071
2143009716
-1550323613
923812801
872262446
1124008344
-759375227
1259877466
-1095502676
899427645
1336383827
-1606215468
1103565289
-474535210
2084848274
1743938672
-2052384987
585121908
-1912919585
129168860
-1844707929
-90109833
-1247036392
2019055813
1975748538
1589256002
267332860
-980284240
-629481224
-140412883
1814420237
-1534204662
-191922486
1516015039
-1550021187
-2049452419
1397163310
718332188
-1622871607
685294980
1674982331
374897852
206501855
-1017435583
1333468897
-1223725475
-995690106
-1902797427
-366265995
-836080582
-499726274
-1700224175
542765677
-604628611
-2130310426
1518224915
795142887
-1574855183
792235357
1909413843
-1317074833
938378491
-1464899988
117140504
1673783169
-485812278
-1728309277
-1617043643
-1884196276
846964429
-140309247
1654357808
819830713
-431327643
178068248
1376364788
-1734697302
-167951652
-136451983
-1811353594
1134293382
-1270181996
-90219156
1891279494
1708342773
1064842627
445678572
370786007
-152840984
1987044574
-1677166351
502607473
-1577568549
-768766444
524571781
-137209355
1186273374
1157031421
-2084492324
-983799167
-625366320
-1945470637
-2110680650
-1921659835
-1680528018
-664272032
-1918879480
1564919382
253102731
-281347079
-783835686
-1996670014
811009312
-1383362390
381737074
-1667307037
758332039
1953070386
1974075058
563132408
-980288381
1577547569
-184109122
1821043697
-276314237
544547103
-1247549983
-1965336439
609868071
1259387008
-302937423
-900474726
222702339
-1482099883
1901349232
2119478188
1753863586
987414741
-786289739
-1555593266
2117869517
-541204131
1653902411
31028393
1765064204
883853732
-986493864
-242301999
-1499986324
1630635314
1994110657
-399656354
-1492378494
-1160541166
-943213107
-2043560005
-1689888336
-4472890
807419656
-1052629571
181433766
2092204922
-605021847
2042945014
1406743339
820847484
-671456842
290893899
1708954909
-1091960852
-464883417
846710468
-1960058954
-1891619153
-1232532919
-1353407837
387836432
34916521
-1333989339
1266732727
1144292330
1730631210
1826311073
469361393
1863054252
-458092888
1475248933
1864281399
1689637032
-1562255441
148924544
2091881336
1836105122
-682397931
-1780555507
1638564608
-1681733742
2032241777
1730178065
-1507458804
1007971495
-35338804
2101357415
292827297
-700018801
-104131687
-54570402
1276109209
1503517429
-2081828894
-2064376094
2086862077
-670934709
-212112188
848085209
-57220454
-1069923128
-1126326755
-1622223921
-1584100402
733172660
-1296307581
270683860
123963298
1943930083
-1524770953
-905900380
-2106317795
-2125287298
-829479719
340942344
-783132457
-869244663
-1156854881
1171005564
1812219595
-1113474912
-2042580031
-1100381422
1597006193
2121557635
-1286777481
1872844694
1582601484
1920200917
1013037478
2047114737
320405056
-469707104
1045925271
118423506
1834878695
862539292
991706601
1434239626
-1320223708
974725936
-257078071
-2011368649
1673490871
1057651257
1086805855
690852132
-1028979054
-1606845687
1652260491
553302640
-988520787
1081681969
1239819984
-1676435731
1408853526
1780999811
-964869232
-1239335607
-1965018805
-2111407918
-1390698119
-1064743309
-488567093
-212044805
-1957567425
1506411319
-1673028118
-968790231
-455267445
-635340757
36568805
-2121108397
363762482
-1780612146
236089397
500135177
1374552746
1004716781
-526848729
-325793936
1159069625
-373422264
-1380998740
-2086604917
-655525778
342199413
1717978989
-1315489605
1073723477
-410609915
926269474
-1265376376
2088893669
1805017572
259424548
-793842783
-140944067
1857125893
-610687936
-1160336863
-51709681
-1944123330
10596813
1396430867
-292838692
-1674126992
1771403264
-434326216
352549217
-1866984214
410551166
-1571465465
292365392
714062094
-2131096270
1995924468
603957315
-739961291
-456887968
-460603659
-624097811
641486800
-1251703814
398780225
-227600238
-1898099761
2002867762
1922109530
-1879087176
229618757
1787969872
1508324942
-934420450
178450252
239749828
312128056
521512941
-1379716827
-2117257858
-768273651
959349293
1686834340
1676924029
311312020
162297210
1309877706
-1523944794
467082934
-490296841
230156979
1179476950
-1991549193
-746999167
182941362
445977402
-50135484
-647449305
-616037446
-1006361891
-5981970
-1631312166
-1937142273
-1914736510
625381110
-1523315104
-1287942692
-656337997
-2116425077
-64028018
-1507202057
777300250
-2125124912
-2113513546
-1605200990
56393486
-1566271775
1988309085
-927512700
-779847824
-326566633
192374065
1566940280
-1765756232
1227522699
241203257
-1605812556
-1975297974
478832345
-1653995698
922412333
-294252530
996589605
-1392479799
-1526687942
1209598271
-3181725
2029757821
2014980215
-531469695
920382674
-1871362329
-494989589
-1600706759
1810193608
752658596
1973483373
-318392807
295795893
-686930398
-1151812542
-648899335
-457826207
-681855590
-1315331573
-1224866323
-836888712
-1697888963
-132055331
-1502047853
2050761544
-1750222931
2119610289
962386604
-1006566200
-2129669202
66387966
-684026131
911599323
-348341475
-11212892
299352343
21801174
1038826784
-760888564
1451907141
1487654207
-1022912610
1680206220
-241287036
-830205737
1304583153
-1897675249
2078283944
-1428558373
-732140838
-1075489292
-224454307
-783446139
321010613
-653381065
-1526378116
-1957692967
125297389
-302348594
533123999
-1591973475
-1711633487
294100053
1998432503
-375836504
-304916249
-1960257556
-133063332
-1045196193
2091049313
-474852001
-228050779
1392403580
-651445426
674267016
361396537
-543983599
-900347150
150358769
-1183636506
1521749708
-2088023911
-2122189123
1787935984
-626728836
1510715848
91387847
-1984201107
486962388
937433526
-1245318645
-1190862897
-1548561043
-1478521606
1916527685
-386694462
1496701969
300514436
725346775
2201912
830841142
912745425
1129068271
2003376321
-1577791801
998645338
305214184
-1623306465
-625943766
1890230349
1501680881
759606297
1891266686
78448255
957523692
-726543217
828802084
882913696
-1689021801
94917326
2086331009
1385914543
886758641
293894181
383857409
-2124513616
-1055263786
1069499320
-1885882274
704714652
-1226903060
1405379219
473387297
1063725209
-66061118
1803394306
1083866216
120995691
1195106613
1519863071
1856595690
-1128751831
-1586654698
-326862165
1451967544
1321422899
-2123993847
274946081
2109569093
1099921763
222128559
2068733192
1588942120
1606824066
1587517191
-123098744
1102672159
369212413
47221521
1909448512
-286533417
-1191309353
273655988
-932463786
-1991335446
1809696737
-353280032
1577631183
1461756328
814223657
1787415543
-1858702816
-41399271
-478726481
1916294248
1782525188
274661186
1972815198
-449170531
271340431
-1689305433
-850691270
874776599
-1478525054
194814737
-223447595
-926886954
-1012329247
974422673
-576171001
1373048317
792337603
521311428
-1372569891
821734070
1666742632
1467291479
-1027732015
228408659
1402587024
890255053
-163710405
805017781
937066762
-941047937
-255355385
-962948623
-529779574
-1954915612
2084633000
2147141935
-1739659585
483253522
53632332
-96101162
1903620261
1198024324
60658001
-499930395
-2057179369
-2006688227
1156581879
1133479075
2102564775
-594442387
-295865770
2126346363
-223050063
-930498254
1297873553
-1445226976
-1767482706
1283192864
-1042623157
1469796600
-793136955
692582884
576624729
-198679370
-1109535065
228611174
884372665
663150665
1382237595
9035086
-71796285
520911604
1515403991
2129853898
1990350750
-751331395
993526034
478543501
-1767942924
-2039964917
-1759002794
679841818
701197289
-366446966
1001185562
2125665089
68600392
-839807150
1833200527
-1372428822
-185863937
-1843502521
-2099522502
1700214801
-5321011
368282306
-1724044094
1166290192
-1403997639
-1628369040
-1242449909
369380644
663903941
-1812915846
420494467
-1270117591
-816115357
-2041021978
1861068730
328426152
-502308824
956277052
-1828989128
1502925331
2135548223
1438707052
1032559242
1785804110
1476578591
-1442614802
870597278
-2031106959
592646144
-832070101
-428584368
-2041726260
-1361936758
1882023451
688137284
2084268587
-1520950832
1380045102
1175230965
-1803501990
-1747005828
-228846736
-706664434
-1402473237
-1849722038
1517327591
-847391752
-826962634
1586891449
2051181375
1287583411
-1914653536
1815903232
-968685144
164747497
699380512
-644630721
1115073279
1560968256
495983615
982542582
1879652907
104605167
-868563234
108372154
1288240329
-1065910636
1739576573
-1651628251
456754187
-1544922301
1654081209
-1554989298
-1970788387
-1932885022
-573119146
-806697479
-39153591
854985395
-621378306
-873469999
-1299058405
361302321
-34086135
-1985685036
-605824056
-1320036832
1473750143
2084982989
-78394485
-703985441
-767477542
369927817
-288960560
365682176
760718607
-591404413
-786630443
-777989862
504462031
-508093983
-1894618481
-159416355
-1899593718
1750686371
-1956365878
349973094
-1603155276
1692767769
-243042413
-1420794669
705909962
1336557206
367202009
-1475097062
-1329050473
-1775465374
345200721
-968302570
1323410739
-146104844
2091419802
1354640610
-1632326836
6481760
1595366562
1559600490
1733927464
322872590
1283827783
-196573890
-1438077718
774129068
1430432576
655925161
2030405651
-1403912347
-1015721922
1282099714
504289099
1550845010
936163918
-397570239
474876769
1334643248
-555629439
-499853100
277947536
1294932307
1463703501
-210151245
-647506684
-1020406053
1877588789
-230391630
-1756248165
-1582645724
1671905832
-669050091
566497007
-540082814
-2147025626
-235939735
-1050148716
1547561518
121524393
1928619665
760610974
-1750712454
2058917442
-364092129
-2077032091
130784588
-1464980479
-1404122396
-616580213
-922420791
-1022192102
-1017671479
-522919362
-1966867888
1209046724
675591648
1438111674
881092521
-1772789660
-424218443
-311974383
-624807554
131745258
228303338
-1590018002
-762858231
1592692091
1456135170
421416726
-1660077298
423184720
-774007684
1867911025
-822222580
-444245283
1947030051
-154926263
1065705902
1906836533
-1439699804
-2052424688
-1517457273
536128428
804729185
357253351
1019780351
-441010755
-641367676
-907750115
865333383
-1202415314
1508228438
-228646155
228047892
55415154
-1744432944
-1949200724
413354185
-931818675
129660274
-550980167
-1060741130
1273587646
-1312490157
-153985450
1768349249
-1334898408
-651216007
-1011197121
1379911202
1033166449
1512136042
-1404344391
-1944418924
1629737280
-99038718
164839381
-1595251960
-274712255
-655795833
1759082741
285033885
-304239972
1427208954
-1678975345
1383353486
-430329275
-442836305
1046697776
2087315948
-1167922011
1564892703
-775645756
189953164
659055226
-2024044291
1566055188
1132422466
623333371
861970310
1473465231
545043278
-2052343234
1132599837
-1616077492
-1350368234
528119518
-1362805226
-1687870897
1336975893
-1790866984
1032515537
141161226
-144281837
-1076494923
27595275
155401511
440747414
-1349215762
-1399716240
853473924
-1575256680
2091719563
1133978483
2032243838
366577785
-27929588
-1280560286
1019672434
799004726
1751110285
733434036
1950538369
-446200357
-1954415836
1002025893
251084690
434793270
2033430669
-1467792124
-1576767588
-1803115572
-296356855
-427029941
140900133
2049222929
-1569448062
-789594384
-1992005883
-1108967982
1246993907
-1803997446
-140780177
31038709
1176258054
-546298154
30645041
1028431717
-69649666
1052118122
-18667206
-2096837305
1353480150
-2065009302
627429981
748621425
2081253546
437407467
2009429331
-181735909
588068438
-422483403
1269953286
-1832540713
-1138644900
250577628
715832588
-1058643010
1218560267
148836881
-1582020495
2053914603
1982691292
-1802665163
933980345
512857389
-638831074
942251438
944035620
502247671
-1205601834
-419022850
-572036557
2147028635
1449476832
1250723857
-93077141
1962906039
1000746585
1620223189
-420189864
1346335727
-1301715904
715132176
-664945708
-1212229156
-206324902
2012432237
-600506232
-799194301
1348319063
901312471
-1754623565
1517111945
-1753463502
-2028616183
1412106538
2045142886
-1636935203
1722454373
623360415
-1679578919
-674015460
106032645
-1776879579
486513243
478698160
625301264
-30344717
7129175
1527307192
1507328590
-1971959193
-508717096
-1603192236
-674537219
920198478
-104503932
-1859639925
-1473619484
1865613666
1877483464
-937559186
13996201
-142297325
-1941122988
-253786243
1908166239
244723594
-988100406
-1398029496
-916267165
-890701846
-122657103
865238361
-888112537
1213175000
-1459772753
312216145
1410073807
-257912259
1352392439
-1252498352
737167419
-1809560758
1190111487
-2043257702
462777700
46706364
1681416822
870957942
-1080635349
-971603104
742196597
221358681
-329678609
-1583877927
-1518045196
-977394620
48826142
-1005039455
-822402433
1493641322
-1119536882
-2078176435
1976483368
148667156
1192574221
228296212
-865825345
-1349467959
-899610698
1102472337
-790792640
924852137
1614015366
-309288249
1088334476
299176729
-668987986
1670794086
1888280156
66344356
1623446570
-274280884
-149736334
-2094856928
1945084178
-756860082
1391352848
-439851761
-1004835025
-1176574665
-1362652755
-1260461240
1539384272
-2096582384
70416102
-1279376681
-752244258
-1144810079
1734079922
-979168992
-209180114
1292439352
753378010
1314244938
1612707094
1020824488
1830572967
882264537
-723062462
1281561236
-1403528484
1612087453
786408391
873639405
-473095962
-1541836598
310584696
-1300146504
-166786222
561641320
-2126210696
-93623788
-1407326338
-1993412115
-1111688943
-236590469
-2133570413
1905830695
1202145475
1524699463
-856971086
1866314335
-1698526562
1451488376
-727716500
-2091155269
1731199443
-1166654284
-58912904
168923364
-1271293048
-1661376626
743984543
-718025497
1624609004
318927370
-2128448774
-365201824
-1392929140
-560281760
-1352693664
664530133
1696672996
1139105792
1675864345
1244853855
1133504055
880999638
-29626666
-1394446706
-1978550878
-873477425
-618288923
349929358
2022218606
-937870694
753226400
-1157510779
1773683366
1477644467
-428737242
-129033153
766862313
-1547767396
1283530829
-561600755
-379059839
-1297486227
1338640086
303088361
-504573773
2056770959
1435978210
1271315166
1251173464
-2022945852
-1439690843
-2079836506
1643900076
-895618711
-1693843111
1374301076
-273637275
543168511
1884302452
199849908
-456908025
812895207
-312851684
-1584821456
1891597430
-1202112916
426962906
-1997945867
230651340
-2136564729
1023619214
-287154283
-1270190228
1071282909
-702288734
904144750
-1100676009
1045597580
-638174590
-1243333876
-1023603010
2036971046
-1456076725
1078959307
1948770775
1398478205
1703025602
-1399298879
-181809933
581489312
-1123050105
1319681498
772422608
-2102831450
724476809
-1096412861
-354875349
2009465001
677932732
2066809867
2046742682
-383609323
-598257655
1123363592
2017159319
-1089146078
-790402938
1109760247
1469232607
105430942
-1718699801
2058463974
1369018109
-1293734929
-1121045453
-456149290
312045345
834075224
-871052870
1328644251
-887418059
-1881581445
-208627131
-854550265
366302257
384584990
-1863725937
-1300296889
1912525486
1182514737
-183126796
-1890911092
-86620231
-854174961
1581794408
-58056211
-1642164502
-828655868
12120746
1120678027
-913785420
1691222031
462395320
490843126
1540873213
-473154072
-1925126011
186037966
1865355760
1375237444
451513065
-2112370259
934567698
-2111075498
-743312168
-693078972
-239128941
-331487847
1127516886
464686275
-2039784218
1393803724
-679300694
-1974046338
-908164461
1556646462
1073530705
113983693
-1122592693
-645617077
352073525
163064627
452347964
-1271027930
-1131536994
-109165631
1320452263
-1772584744
-512741784
-786664772
907680686
-1876779129
-2039950602
-1131581827
1297199218
-1936338693
-1808878746
496098968
-239410851
-1423959458
-224190715
-1504244416
-1099711557
-2039455166
-1033500667
-208876823
-446694257
-271239448
151094893
1132685359
731860644
1003173055
861279824
-1374361098
-2048862750
707580202
-959445695
397073361
2031328226
55414150
-1249787130
585393319
1943581123
1063704171
1120274826
-1502183020
1981094718
123540273
-1463283688
-770012404
189716215
-381179467
-1702937146
-1006802874
-345925610
277805660
-460386514
174331095
1758266646
1293916247
1498620772
-2124391268
631738332
-681426392
-1670732765
1689973213
-1520551157
1805409893
2006285641
-387563090
454746262
2002059452
149493637
2099227288
3132822
1385610038
680102478
588970361
1417725788
229031871
-445679338
1475236008
164548042
776869349
1821511615
-1934434980
-1286787362
-967186208
1196413517
1974533965
-1438924913
-742116910
-999803939
-1154169189
128667100
-1706671537
-310171434
831646703
139370529
573240094
1902323805
1823254239
713790891
-917603519
-340700914
-1462827369
-299549553
-1516883150
1713022184
-454512460
-116330313
-1408579473
2121306248
332474995
1133893693
962831672
1777217945
1224937482
536301819
-797273961
-370732918
734584405
-1663032478
84593312
-113557118
540684981
516787850
1972316410
2134384784
-235756235
-1458142837
306640797
457973031
1062838509
1276941834
1637982684
1214728392
-270213461
-2131124202
-405968986
-1102471935
171271631
-321525964
-1071275256
1704668309
-762759306
1950375096
134308341
683258876
620365785
-1566350506
724260937
-638960371
329492983
-125436936
-279417333
-1219180039
1699942770
-1913492527
1166175730
1629174651
1074335414
-900157519
845191210
1832642125
296364384
-2116792166
1385176407
-352089123
1256668380
639790484
-1483029030
-740709824
1124121424
-1861349699
153766226
-2073208986
1220590264
1004934563
496704101
1190665103
-1943654319
217145046
1997122239
-928022786
-553779653
-1509234505
-98473126
282410731
-548620455
-942074986
715459840
1918983613
-1355399813
-1196404996
1125893389
-1455390088
155098559
241354820
25664121
1154767732
126996275
-196874640
-20644074
34273359
-4835393
1405083449
-378259179
1396526884
736631618
-1017900697
-1940823858
173302012
-1365616390
-21507997
-1696074049
-1648905852
-1652876504
-254255862
-1831119403
2038367744
-434021133
506841027
-741505558
395091839
-512595316
-244656173
1753363087
-2116787120
-1977827438
226202607
-512505334
1835510964
1752688568
791363602
1609369762
1109698260
686769573
961799312
1494840345
1298367989
1679287323
88519275
1050905465
-1393889047
-1360022182
1222498533
-1231048941
-2045221944
-2000231226
-44195754
988742852
583039200
20586183
-439624129
959831162
219565289
-173083920
776083102
1144346870
757625468
-382618525
1093656195
-1106222894
-529192762
-1113162638
1355305955
83893190
-1644246664
-533384311
992919211
-1988329434
-1033592319
-688733108
1017360152
35763374
-686576641
-112730884
-986370747
-421311870
15063282
-1984437474
76140037
1990890351
616424754
1555103070
-1350057742
1217239158
-686234077
-818391120
-703190075
278951051
-445773914
-2016148041
-1807194392
406525849
2026384594
1984309098
388493129
2125051338
-1349752861
-909954059
-78962319
-1176606972
-2078573198
1267175132
-139193900
-752960842
-970201370
1129237350
592713322
1511015379
1755121706
-160349640
-733620866
489906462
-195326817
127065407
379121093
34325928
1308237652
-1239925293
1386711985
1026196886
1444999796
-666525416
-778076153
323332904
673827327
-1422055768
393063343
-456812554
-1385857603
1598578030
1288950986
-1125075333
-236771730
-416073004
1348352265
-379437097
-1604294074
-1254301664
711946556
906041808
2039323799
159699483
351173161
-1988620007
-1505254192
2065794803
-1551108449
-2038369321
-938155867
-797479326
-883884342
191385696
1985049999
-885663730
276500679
1934089285
-330644105
-1563337677
1439561338
668059538
-2075067731
-878073218
297645215
-1352171436
-524230882
-1014832324
-916465889
98216538
1970762438
-1143415117
-264982876
-824225984
1430517091
-1844115760
-741452945
740461225
2130990954
-350902526
1147437416
-1771489589
1617118782
-184560028
-993943178
-1387373265
1341015967
641949729
1441174545
745631673
-2136106912
-850768365
1653084436
56659430
2110702172
-809240147
-312364841
1602968149
-527557206
487966491
1351086717
-2125519736
1822077199
58322599
-2069638263
-1359648021
-2097994316
1559689310
-761803593
-24512236
1341243928
-555692557
-642299895
33433163
-634871737
1446938338
632742943
1684207693
873370444
1132352216
-351463221
56372813
1301311459
-1164761519
2078281956
294287419
-207508365
808324483
1276562778
-439656889
1579322426
-1686156934
-437197429
-1676567384
-1625208375
470391683
-1830192940
-276760680
1826550963
-690724146
467608937
1453640611
559412865
-1813024690
1489246313
-1974936031
-1583648024
-2029669148
548834092
569389569
-600049859
-1175835205
-393002529
-1101142841
332868904
-1998802187
890822483
2137020375
-1873181544
737840262
1070342673
-296801805
578685174
841544032
1748655793
-1901017855
542758300
1174787280
2000210795
1652851729
-624566904
1733142055
1553232110
-1678068321
-1452213684
-1461000548
42980464
-1288438252
1771009609
1473165681
-2100777210
674619026
-121862628
1862259283
1995523637
1742365681
-705338025
1279223302
577649096
-497204733
-1663235469
2088370497
-1314727197
864608031
-1359829499
439642582
96690263
-609610787
-1303092944
-394072554
1235586104
228172573
-380956838
85706354
-2105698643
1570156110
275957538
-1845793435
805204486
110995948
-434137455
219943313
-416170989
748394058
-1411594609
-1859156440
1137504435
563445905
2111332759
-279095923
168735147
-1361539064
-621547090
1576852026
1753757624
-1446567019
-162616944
1700626915
-756793114
1645986691
-1481872083
808296155
1576931362
1975708549
-27234989
-2093847625
531649038
1224274170
-2120660309
1443505456
854391572
1214876017
609743849
1859870285
1345090237
2061677936
1916384063
-77401407
-1403805629
151327601
-1076814062
218381201
437628004
-814227668
1825628655
563440122
1691323513
-607706853
-217674304
-1445188464
86551238
-1317612997
1918037562
1464664746
-1197129710
1010694159
984649369
383902205
319566458
-2113340183
154166927
352522886
-867463806
462604396
-18881927
818373805
-1532762260
-1722262452
-133514541
-2122373721
479479756
-1398605481
-1166127378
1120892443
-1551539364
-576646983
1234925279
-942020856
281821452
-129596037
-1705049926
1195802853
1401527389
506528332
1599622400
381982985
-127100689
-1940559996
-402080171
-1762059955
-172713128
-603482779
1067315318
-686350865
-1221108938
-1740761437
799271529
868879800
-1829928313
-301502682
1533788149
-1511616415
601452087
-1841360115
-743025068
2093614899
-633281542
2062305782
-1090895833
614886380
-966012581
278233724
-1399397207
-999114263
-72914923
393665024
-4823513
-1072282239
896412577
-634200916
1690500015
-202922578
-846543856
1937818037
1097576967
620631026
-921392614
1389078495
2122303456
543057527
1484980342
-454388154
1537677643
939198584
-1107087765
1313949018
1383157356
-1173318432
436604838
1268118571
2140979564
199161648
701484366
136891878
-502181964
-967231835
-335301547
1037935518
-1105556905
-2140909671
1424399633
1924202064
204470735
1759493929
-2069383158
691916064
1951492331
-382163689
648598549
1407792105
-1930925304
-638410766
-289640031
387857908
-176189058
1537197940
1373714256
-1404339962
900924509
-898406102
812096457
300989599
-1094356391
120679258
-655894324
-1255431807
-176190462
536246816
-1824818298
-1156223633
565149239
1282630361
1376724518
1546483510
-1677647908
-436715067
-1512679761
2117551856
-1723939126
441607655
238307087
-2119960953
-1097467897
1263144752
478820977
-216885640
-327522506
2042325724
-460534833
1743493849
-931858095
-2061995494
734466506
1792513180
-657211756
349671154
-267670595
-1307460843
185276348
2066557795
-733934577
1520110009
1038580337
-173240629
-67660856
140178983
-1766684416
860794251
-569552026
1351025260
-1419415220
-1373384982
-1232304911
-109400190
-1087518970
199175481
-315681971
1706923034
-1054257893
-1715866568
29541070
-141714533
1922065006
-132300360
793693969
-1423986327
147719623
-279376767
-476769783
1613323370
-192961270
447223157
-1617557416
-479588667
-817484885
-400603403
-1470085409
1460874732
586482785
1294542466
-1024903784
-111536420
205718041
1444166823
-1019862110
-613440861
619471917
1581618967
200935581
80539426
-1804310059
-1542534895
-650279113
-411209708
1185425629
288951819
-873724665
1577749582
-1427399784
1582133902
779742105
-1691530424
-764077548
884746079
-1316657463
850319067
-2060799346
293823199
1536439380
1781060940
-401074904
2031645876
1579571371
1273159560
2091583192
-2074349657
-847327989
102406065
-1336963165
126619087
-2063566135
970466265
2011453451
230077167
286201842
1179193612
-854398522
1063170332
1581824275
-457710957
-1944139856
270414755
1441147988
-1646866057
-1837526783
1732932648
-178425397
-1753710524
-124148798
1899699730
-448600818
-902191346
1735651964
-1810234330
-31790070
-179635272
1657864499
977669234
-2104017134
1136319091
-1463796334
2141091435
1792548410
-292392315
-1427364249
1824120665
-855963674
-1575847093
-1950026160
-1923176205
-238697315
-1231571584
-962673226
2093524549
-1042949086
-1754284865
-902080517
-996003111
229230533
-278205114
-804845585
-782952426
1918531062
1551917564
1389594503
431613154
-885984486
-1113239883
-581802288
527604623
-693285983
1749629619
-700672480
-89662989
-514786472
972873583
1160992655
1974329304
1792048635
383889305
-885369947
-1249306729
678745358
-1025750434
-1418607276
1369441534
-357624084
1919180520
1873998120
-110969222
-2123539681
74499114
-1876927556
680416370
333551602
-1448687395
1608414063
1681181424
-1570749115
702545861
591438168
1645775238
-855254881
-527823816
-1744702090
-881564305
221212297
-1902628128
-840965588
-499668493
1942238489
-302599489
408992491
-1370504432
-1475187764
1928079987
955705904
-435196330
1541147801
1272286651
-296938831
190682642
240939586
-1418891463
-1718186030
626277038
-1160671252
-174611847
411240798
-1516630441
-1264022030
-21595599
-1322578318
-532175136
1427562485
840902346
-1741231172
-1630311962
1759914039
-375981794
1071657189
-1064462541
1120566313
1310428547
58825035
803738983
-1946165694
-841735416
-1636807693
962323669
191168785
472556286
420783806
829971626
-1609128043
602873017
-739768103
1640404564
686831308
-1471104616
677400698
435006240
1804291209
614690113
-1020723256
439003173
-1130270838
-325458383
-1667941094
268000352
-28300087
-2096135565
-80403868
-1409719008
-537840110
2096516271
-1674833939
-1293083484
1547523541
1018774886
1284306501
-110735615
-2037756867
279149691
2044513142
1150212425
1818290560
954253044
-2060804231
-1061579031
1453980024
-2018190079
-1490025493
-230014637
310760563
1825754174
-1679574272
1833510364
919316806
-1953682891
-200023625
367121894
90887336
2133713702
591137103
1851405633
-1866868292
828047625
706671609
1744931534
157536239
1883956947
317909198
309163877
1935563268
367688696
2104152835
1230305016
-1268811156
-1573123023
-690642854
1941426168
-840181542
1113448319
-533687589
2030245111
-980726505
-1223438738
413170116
415865998
-130366702
-912304482
26281405
-911109248
1745865786
543552382
-369578929
-1968796385
-1653378544
1990049627
-1556951401
-1468942866
1839144439
-415981415
-892790986
1204817031
-413160882
329680703
-56605813
-1824996162
-1429212992
666599096
-2020881372
704919815
2046650842
-881944617
378478704
-289010156
612282845
-120918245
306866618
-1967952702
1747781333
-459517132
1669073234
102266421
-1431366679
-89829435
1214203404
812537409
-879452683
-1595629461
1581505774
1607833611
-760748715
-1785704450
239167780
1439604976
320000259
1494026262
-1566255305
4486564
-12372252
76305616
1239766910
-392417890
1817892190
124051666
-959347756
-1598179149
1269617197
-1528566389
192720010
1982913281
-426519945
1384614847
947880095
1605600014
-1173815267
-1484433342
-1549892306
408739376
219517011
-763772669
-2095312857
-290271442
-54681742
760747596
2099427905
474852135
-1029933556
-1166807993
-1341096913
-838836046
-1906865343
201363651
1345973009
