-1164713507
-473991777
-2118557295
1695827592
-2010738583
558416734
433369268
-1821764042
-2005288433
-1859630352
-1908505734
1446340665
-1482229630
1004333853
240081078
-1896544569
-1588460030
1621837398
-733704792
713123065
1013330158
-7409486
1945669046
843359847
973010078
1191311922
1304545627
1207500047
1409338223
1245469004
-891967393
-1588297350
1118080542
1319172519
-458495160
1708648737
1099494489
237400866
-1347276784
1952956172
1241713299
1290120474
-1436119529
1454244539
-1700810473
1641607660
401309019
-272871094
-397051809
-361089352
-812221211
272956623
235368102
-426271896
2099129478
-12339706
1609478844
1235314416
371445187
-2007716816
730456088
-1994062890
1159684109
-1149024457
-284252109
2036121845
645188661
457695253
-1773458157
-1997251971
367776542
-16901257
-2086014683
278826813
-2010401869
-661402979
1675915344
1645757988
1349958683
1573549699
522040902
-1057355772
-34522581
1046739269
-1679849956
-1367289447
-1602060516
-1556821569
1024059164
1820557770
-1424627075
-1533223565
-462542118
1398433838
1793929322
-745388881
-36978556
1322432465
-1189851394
-713628433
1786145150
1470095927
-417667323
-1834683009
-1437424850
358162080
708701174
406069860
-61973997
-1859018355
-613949665
-1187808900
1682520604
1467893890
639437346
1085441508
532754487
-301744626
1204579487
-692699751
2060251431
-1154196984
1398100274
752657761
-1523082854
2134196762
-987972192
1446792939
-382878854
922128003
-1039322548
2000360757
-618828669
-1809680616
42888431
-1459411
-93312491
1315163275
-2127945081
203968667
232695370
600064495
-1771182960
-1699643075
-376712629
-622376325
938059121
-1117179341
1914026463
2062454669
1244500025
-2077421155
-1684011964
-299810062
77670282
-433324926
-272290238
-1505767068
624484309
783507187
1050202492
-1610499757
1890494663
-1347423632
-2034856695
1456703976
-1120593406
-1743683959
-1409391806
650595910
-2132527345
-1927839800
760783069
285862162
-1113981293
-175712050
-320298694
1800676405
-923256639
321319355
481756156
1291221216
734804240
65464787
558966748
1753928656
-272333011
1727119197
1969553081
-800597550
-1474059471
-1526558258
1513983730
145059977
1096702230
481845799
175486456
-239431825
-813213849
-1246038630
-1417936866
-541549287
-1018102473
-2038907277
-388257357
-1503077186
-326528173
1382018870
-689169070
383037433
-1098554182
536026115
-490110089
831107277
1512925773
289148482
2022586197
393668586
-643793470
-64639365
-1166105
259040046
1438664670
359671941
-2016226235
188526702
-1377673757
-696209950
883320376
1021378677
-2140061114
1048607337
1474594320
269153868
936393892
-1336606939
729625780
1275455163
-57656073
590698365
-35254023
354126863
-1540145660
-1321243500
1033257271
-794725858
-442574057
-122590478
694084121
-1314742648
-1053422350
1469214307
-270856523
-1924859585
-576896510
14649375
139449820
-369215160
-894745132
-469728469
1812312242
1940150722
-1925403705
-1650849026
-978694528
-996025561
1606856961
1376327782
1977797064
-95005487
1071761830
-1339176788
-1910269287
-1003480384
802377031
485098230
1315232293
-2104231014
933295768
2132447212
-862016624
-663463182
1387276902
-2028501090
-815604214
-2000081972
-258065977
-164415067
2091260959
472813408
1360925586
410841991
-870564787
587734046
1316690193
-1216394912
112232150
-1042083598
-1742206475
-1912093507
1809581272
-525207351
-1715717239
494935499
388574362
-434077102
1915785002
-2092997968
-984252633
1994821640
1179704310
29077816
1182198561
-1712470928
-1485979708
-1259641164
2056521934
-980611425
-1213854893
-726734306
897287031
1548876543
-1763820091
-636849023
1989690353
-1459106734
-1712340147
1451850647
-146460549
1713938677
-268375257
-1231314253
922523083
-1125832599
-208549688
173364705
1038912866
-1615614705
886666327
972845899
1027274023
-1407224270
-992846245
1332455133
-975647692
-744634805
-754210124
819813420
1550715114
-339871361
-415185201
-413570413
-404472758
-1218541461
-233328875
1359929247
-1717070201
-991366364
-512125021
-1869247572
270213334
-1389176711
201387072
732509391
1043742857
1673706874
-1892492405
1219138551
336516955
-1206171331
82436468
-531595186
-1938516723
949483743
-793115411
-1162482460
150425137
-158167095
-1116816160
1117232271
1090219077
1496893492
-263344030
1499377676
1193069315
485361646
180930089
-2134674839
-1420716298
-1198711459
251475771
-1515845721
-1119616688
-728086332
-1761306392
1097916826
-1301095174
-88730171
-1242033670
775102228
-1810466579
-1717188314
1792356138
-1679869630
-1966584896
1682859735
-1669920044
-453205163
1723942017
-1404333005
-909263890
1155612772
1013699783
-476325242
-844545994
-2089692272
54790151
-261091889
-1727244886
-927543704
1506884646
2059656134
-1655769283
-679140977
-1171632304
557958944
-1080069945
-1336872036
1882085127
1649742608
1156333116
-29728191
-1029098370
-1821351151
-818927072
-20794962
-868443609
330830562
-1765974214
-1030058441
492525194
-592737582
-893689465
-1981791181
657324120
190387261
-287890831
-1842408921
-1391124544
459010645
274965569
1330575652
-1326509824
2057093925
1847386321
-1167675539
-225747906
1170762963
1118168964
226990428
-1240420712
1374821157
-1779014022
-326767483
-188342152
-602336954
-1938091264
378364187
-789408467
59986888
-1896897210
1476728210
1704591287
-1796575508
-1020241069
-2007267194
789160161
533191969
-1079232708
92130523
-22965611
543347146
-1207931757
-716481500
-195349397
1941531716
-589778658
2122984264
1752255874
-369387737
-2101910327
-856365726
814217107
-1540483126
1174652124
959934697
-1157650621
-714042868
-1377067408
608969489
704636343
1438221394
1451832351
-1343339153
-881094803
1334280139
-191542534
-771960349
-46551990
-734584582
1291358911
-1997371215
151729390
-1348367243
-1341203125
1917240561
-1358472881
-744524822
-1901995699
-1294159063
-1624433531
-750196894
751322172
1272761912
-631088670
1418360521
1479657354
-441530763
-239761595
288122797
-617155303
2106078999
323537071
-286194874
1602754286
-1972974122
1268918550
490422454
-1177762268
1385351378
-242873223
-973123696
-2043577054
-1523519820
-952225996
1003669150
1677695248
-1170643694
2004928149
805993182
2133819014
10160408
189830830
774914766
-374614650
1688809059
845681004
-1376048663
905449644
-2106857424
1984877288
-1768368016
-245648477
373899445
39456509
633287533
-673772325
1157628622
-1244806119
787052788
-1354934664
1481832924
-228735144
1939102892
-1675922803
-900871190
-1783956018
276883597
-372132215
-872754672
-381003996
1312695786
-893748751
1609798428
128474469
2025181874
-1667343281
195806318
1173712409
712550130
206730858
-1779370718
24375443
-380965219
-932451658
873940852
-1438442105
1111128975
-1044936435
2079186016
-732550177
1083388879
-1478788705
-451160695
1374746318
613924884
-59497689
858853723
251687204
1765285514
-832782241
-926677645
1396079076
995630549
-1259906891
1168661309
-818551277
-1915485098
-1362161601
1960850142
278189010
-2087589972
99287787
480522325
-1505191249
1355970684
-1504239878
-906184996
-193991369
1323058805
-1993624914
-467077484
-660275249
1699266702
-281829055
-927551392
1212860611
1122661778
1788637977
569889808
-840585825
163076317
-828721862
884038850
-1698614851
-173928601
1823497212
1236340612
-64390625
1374521601
-404087555
1118699582
-1332168066
1946053087
-498863016
-1582169906
1990582178
-513013674
-558610154
-41394572
1854081780
-1168964891
-1772067612
-560950928
-1934642351
-1273253255
1484010246
68797162
-2106884320
-1530987284
-1253934453
-178893551
-1816908890
-685290546
-34469950
-1069246075
-731245160
652454760
223312108
-958594567
198981361
-2143332867
1403167282
1034589972
-256528890
-1439682733
1776401625
1894707608
-866901545
-978127759
529257907
1422881221
-1389389913
1247028137
1561800408
1141674239
-915305011
1443946712
-1703442282
-173397586
1180856268
1202412012
-1995733595
-1762010779
1412544417
-230527066
-645947745
-85532347
286150748
1874110112
1546148014
-210425693
1741295090
424846481
-1271090298
358303208
-1499705776
1810218448
1064632982
1639559609
-1220208717
1230198550
-350116487
225413207
605243446
-546431097
1762677682
-357597881
-1301960020
1964140275
2026762136
-830610123
-1402469200
-54848424
-532802417
-1024787948
-1505070599
-762249045
-933178248
1852489098
-532504334
-1009862185
-1011722134
-220324469
1938539657
-227610107
35084449
-1443414205
1720930118
1790713630
-1912299594
-1159916487
281922464
616304269
-1094775536
479239601
-225417845
-1982172855
-411776358
1675133521
906033493
-1948146670
969386422
-794961402
1828174770
-2055129094
-1888756880
-1477487576
432721685
-493486298
-1996654602
-1550967845
128801344
1465885142
191007048
1614421689
533787678
-435421278
2016841003
1596561837
202471632
1237377285
337093219
-1351479263
-1277125627
-1982808801
1719457056
1474761051
631753870
1867487158
759185080
1934979108
1395408177
-1761002627
-377557866
-699936598
-1008064836
-1574284135
1864090226
1626058919
-233203875
486682464
189909954
-1887679039
-278895823
-1654972573
1284878447
-771027405
-2108028390
625201838
-1379057461
-137146451
-1755863340
1409553741
199183555
-188628871
1514617674
1906034962
-32687536
1203087070
-288166362
30610838
-1163194573
-1081820471
-1547825754
-1496378244
-371072543
-1573882456
-393286730
-1869709828
-1569462853
-951714663
-974002374
719722911
943228545
-363853628
1127429802
-691210425
-1535490296
-690720252
-219002908
709145714
1019696939
2060271564
-536164036
-466988609
1885410559
-249076664
-1629704232
-1426039632
512093514
567248322
1339936571
126579120
999575348
980908615
-1410017762
1378245208
1337763647
2026199433
-1698249594
2084785133
2061735284
507988231
-2078462190
-2098984403
632607454
-292198805
1226630037
-1289031094
586840636
-356682702
761905892
-876400074
1968416753
-1599460207
-1664228368
-50417631
530621759
66215575
-1530440682
711747135
-1188425036
1838823822
-1144977227
-208521522
82560483
-1005360473
1861277185
-1969128361
-1933357481
-2106658603
1159560982
1605229107
2026722756
394119928
1563243344
157421904
943476608
30139454
1821248729
-2119770827
1990601520
-432872762
-124820350
-244572861
-1636958522
1249426565
1071386326
-1828401603
1506401194
1716008557
-474818964
445290505
523518775
-787500597
746309501
264631223
-1893994904
-2060129296
-936501067
1365519810
-425993006
1993511955
870579533
-703281002
-382673195
-1340155019
305531993
-1313078446
-1325330674
-974625850
2127227230
1937803470
-711135473
1703489479
-768939481
1767279327
1130961746
-2121958864
681735640
118148569
492489322
621188819
-1727383229
770992213
-1230992518
-2034220544
770559098
-140756173
1836316651
-2083454421
167681444
-854235678
988302425
286556108
1632253204
1588738782
-1605034803
1734932358
680011415
-1602914182
691771441
332868235
742736909
1868024287
-1552412928
-1449234114
536274234
1584780372
242790716
-2145594343
-1436919587
1371231423
-531777627
-1281012016
1580323586
-1310453397
-604607449
-53173834
1571908756
-470572022
1116849555
-266906272
1627654197
1087463422
-1873769838
-853945209
1450782802
-1866082093
1366437845
1308999730
-2106965391
1315687696
2054481297
1593696788
653687757
-176260817
1412728874
1903976754
1704639267
-267675928
-1338283986
1129127112
1738738638
1613728949
641932676
-1743236755
1673612817
-504983150
1897060836
487582837
-537554765
1206241541
835448457
-1433128554
2091511761
1679530845
-192120539
1841993421
-1582494481
-1062810050
56323093
1852570242
-590121905
755507548
-1815058986
29202410
-2051439738
-1790282875
203230134
1291476396
-5986997
1780069349
1413798862
631802567
-2095319406
562111365
1940630063
-1347308110
-776099623
-57824492
-1728955046
-1110335036
1230484928
1050233066
1302052342
-2091743530
-56641569
-1680811191
661515708
-866930906
1632566483
-1781151003
573135285
239177597
-1306188646
1265719718
-1135215705
-218841708
-660282848
1936169387
2092170956
-396400461
-477908711
-1630252910
581409733
50804891
620664081
-983807242
502415309
-1929136474
-858573376
-1725832136
544895793
-1139301077
2109598883
1242809986
-2096680193
-1308759769
592615367
-1810290935
-1830112771
1885923865
1678722535
302973585
-1377585955
1220381740
31788985
2092834358
-1036255826
1686186139
1919201924
1630130280
2124249748
-788256688
-461258762
-518793674
1316957115
1699292367
-709331149
-1416513328
2024141960
1858253650
-1601201359
-1101756602
340053009
1048591924
70310466
-485758827
-2113208113
117739666
1298635506
-1151743516
270959506
1904670766
1577009682
-1990447862
103509428
-2113265257
2104968724
2133252948
-1758382447
-893250938
1721017241
81723524
-393655242
854910603
-37910712
533131803
830079831
974664168
763707617
-2069322021
-542895482
1336356541
-1902390383
972137094
57150626
-1588848540
1337309063
1505450476
587501197
1438210334
-1372217146
505893668
-109243359
557149678
-1297391811
187074073
-756766621
866559173
-1713886188
-1539849912
-643373831
-853927714
-1122371512
-1826548025
589100249
261329259
556044409
-1570466424
-194802109
-1851120015
1493740034
594596574
507647984
-1890594832
-1024053942
-1181611967
1866624395
-1956625594
2099794265
-2018457267
-920914080
-1753890092
-784376658
607622672
160172371
-28785695
1412767566
-1136079484
-1981760238
-1849061698
106330656
2047001690
-887440498
-1619968725
1518176120
-1725430791
-102913626
1832499961
191707377
-430049851
1152265253
-427643664
-219644289
2140438180
-1284000018
-1272749582
-315864381
609046205
-398222475
-1404554656
102041761
-761140862
1101924977
1203499451
1621972495
-1370248720
-2026046257
1898206862
929896496
-1574877419
294139881
-1983742837
139279520
-179200814
861987063
1152836852
491109393
1478212834
689591237
-2451140
-1659850218
496012314
-1761791834
1848988653
-1301897666
1764388850
1929958824
-969747508
-23780763
-1251225533
1471592200
-1556628166
-393031099
4026705
-1598666008
2035854812
-1329076141
357165580
1053785151
-788765058
-588450872
1587788435
8706320
-1722011852
1004393469
-1663580424
-1326583842
979622338
-1336896261
828783178
685084766
-895154627
944046418
-843573809
1991172974
-215511567
1861942569
1833431185
61836870
-1021626235
-1920270698
1478011675
-158575380
-1894965411
-1004718288
1526537092
-1707544595
612721471
-1871625503
-1981811284
-941422263
840439864
1865510912
1567323077
-93612882
-12678208
967439518
895779605
-165611799
217860380
-1842502369
-1543145223
-1263554407
983924739
-1544093684
283153452
1650884645
-1219317372
-118643928
1804783177
-1169805585
-1427650778
1571126720
-1005338226
1898216905
-950863792
1802392647
-1476942110
-659757913
772415979
-559978207
1438953496
-1736369770
2098426949
-172728641
-238206347
-1452895507
-1001350344
-1584552213
1863636335
1938651329
1435616395
-780659868
1524464055
-1865369187
979904663
-205235283
-153596807
-1248446862
-536479443
1190177825
1557355234
1374763468
-1510745417
-1930194357
-614221342
-1206342074
1044532125
1800985204
1840436787
-798635968
-1486905879
1691759228
2105688217
1697060558
1327589165
486974957
-437683606
-723570701
505055908
173623116
327517776
-280663026
-1606073962
-30369101
-871743155
198337684
-1097153023
-185231972
-2019440641
520694271
-358055051
2025474046
-897160155
21587205
-1009978817
-432700771
-922223007
-33171699
197427401
111283870
200634430
-1879183906
-942592192
1990281817
1131418229
1305501337
592298359
334118770
-88214676
354941929
-1440240885
1451984426
889528830
-1994179720
-1144448570
-803763726
-382609279
-1112924508
1269744200
-1602747583
-421145596
611152498
-1434758429
782154407
2003786712
1820695234
-753618745
-669587168
1621802321
1649827012
-1586142370
651938221
614023117
230710442
513724921
-703713248
195351797
1476412062
1153382316
-43239113
-650639037
-1540965642
40399221
-301242388
-557451069
-1407990362
-236778845
33997835
1624656924
59967734
-193254539
299355652
409305553
853416820
1331383808
-1238737918
-1188427836
-190514901
-765272746
-1855409092
1062398204
-921954284
665133796
-1036093302
-715320409
1913835468
2115970588
1562785594
552106850
-1244919673
167338579
2013181220
-196699209
-889297596
714372843
1558332667
-972022042
1818254657
-1460783692
-498352154
-257446681
-1191708495
1373549455
-2093354162
-445897041
-1133697876
-175947948
-1950640135
45928882
-476523929
2049401589
-1034213801
756430761
1602901412
-2091232541
914562076
1119272596
-555764117
534867888
-328694002
-626639614
1508174330
-652296715
-1181554401
-605286768
1824073465
1452046453
-688535106
2087939246
-755447566
-295886718
402753641
1221988265
-1386383617
-211701601
-833207162
1665227748
-491945532
1045288294
-1323504013
539664232
-177296225
1603031211
-2101881381
1070277536
1314903582
-2058097950
415058251
-207284388
872428465
-2117101891
507779844
-1545693921
1487017120
1966254873
-1062002926
-2125444714
770859070
-1984145638
549582493
-1560707483
-1782758561
1782297748
493534334
6524201
1464582406
-925360980
-227449067
-1701118278
775756386
1912054462
1495200601
-1559962960
-1099283973
811063681
-585388753
1052437288
403754536
-1039448471
-97179392
2122447048
1353064132
2085627724
1066517125
1662599935
-1777685983
341536328
446477540
-338511727
-1182751429
-1887627293
1561534464
-1638419374
-1127711952
1001471859
-280260852
443957809
1144571887
84121023
525784161
-804310920
-749811152
-1436475930
1748127378
-167599
1853849763
-2016521089
2133912252
-950824821
618718827
-1833556735
-1572767711
114573726
1371931341
292049253
219029752
-1017689620
1088405540
-1088147447
-1101390722
-551793847
-1574978024
-864623657
1069542992
1277244093
-1262906609
1048736422
1900267260
-1666560120
-982372126
-113943073
-984426028
-309963163
53764308
-2033147549
1241627654
-579283693
1893501631
-594264916
250159337
-1294345712
-73581681
-1085756878
1025607577
203543719
1300307700
1960700175
-1244418619
-570101459
-1700372397
2025782501
2094848967
-231639674
1629136637
1761806335
627269108
955834862
1308500386
965960630
120110901
-1234970123
1510429959
1777359637
707565782
-1934812725
-890723849
-390829120
-1676932195
320863165
1773385334
126890257
-1531496930
1025200639
-1486463428
1366777219
-2671539
163682476
193947233
-849779117
-1563118508
-974404598
-1934522284
-1337539228
-2045277017
-1752944879
-235565039
1418589538
-1877557420
-675058131
689713554
1986628650
-480287073
-115275198
1437811078
-594864279
52430542
577136625
-23509696
962895746
759046464
-630038759
269848050
-473107275
-355900220
1814054560
-897952998
280570493
-1056895193
1739421811
984186939
780657976
-2091559922
1931776458
-1976817200
2063687181
-2095588090
-1777994832
-1961370243
-1577500407
-1993623847
970540994
268190087
1101908363
-1976156125
567020854
1153873798
1574027490
-1814565596
-885165537
-1305414055
-1192934604
-762514218
-1336410898
1697304409
-2024051039
1631796033
954059323
-570518832
659120295
112463118
1012163269
-1561147476
1279075783
509968474
-1878430281
1059269231
396459881
-987722035
1933165357
-210360471
-1124228100
1743142122
-935812363
-1137490903
-726770335
171926183
-217246823
-1928188880
1101539721
-764942016
953658781
-1092528920
1437090140
-1869639097
1739806468
-933335852
-1791710756
1199021056
-119033063
516557319
1881781130
156620523
1600932459
-714912806
1721076744
1767571617
-1490571496
-1936759847
982042111
163805155
1313218894
-180602371
-124978366
2100731375
2109175823
-1974689760
669052211
1772779797
-1600368077
-875575124
1537984357
273050762
1080480691
-710085482
-1924175742
-1709631108
-319589597
1753713802
672912751
-1440563866
-1994220672
-1490085529
-299615571
729194917
1304700460
-667824146
-283631614
1665888330
842133813
1365222325
-1559645608
1408991792
-1408821795
1836520801
-164345884
611547729
573932374
-1709953005
778338954
-929119659
1267990988
1888315938
819311743
-1471759253
-1977949783
-1628349173
-697406673
-1546469796
983948052
-1844213595
-696236959
379857373
-1183456839
902141336
-338857575
1722496548
1578496207
1346226959
1725468093
897990333
166859606
-2138920020
2041161979
1514580893
-1272959839
2025778620
1719512809
-1189886345
114181395
-606059860
-92042515
-1198190258
264396589
353804730
-1575178530
831713867
-510388025
1727072751
323805163
215337167
-16212835
1513090891
1331654075
1933098956
2038278157
557107010
1149646806
761721168
-958879458
-1485215641
-174512829
420392802
-1220855612
66138470
-144510351
163579409
1594783073
1021389624
-1571653286
-244790583
-1022688881
-1965319535
1261819877
1219611880
570141468
308196507
-1877534581
-1213858928
-1487602091
-681743639
-1918353091
1548063934
1922845063
653558438
270986373
2083828123
1178391746
-117609716
1451086059
1104528402
-183348768
-1336703204
971823769
-2129274462
618383557
-323494261
-706299071
-1640384652
356156391
-813012485
-1654844354
509092783
1930739984
-1806733718
44211961
1193209867
2137795170
-764765201
-140707954
2001050020
-483107941
1038148514
-76157522
-1813409264
-541722726
-1802684196
-1281982522
1715307955
1489965602
1396945312
498328673
28717905
-1272319523
1176615512
-765901366
175417572
848260770
1879134403
148837364
-816383569
1057648634
-1175422419
-1318383458
-803880558
-152678432
1810720993
94534066
929434016
-1377163832
1597703388
124384750
-1602461202
2010070498
-542585917
212150213
-674806611
1527857311
929315861
1503791751
629413499
370855539
1201225636
-134578753
-1489807371
-1497787428
1787447617
527999707
-1339695984
-1460594269
824187318
1076949266
-1834607959
1173607778
-1719902216
-1026612350
1608378585
-1300349371
-853956451
71394712
2110405774
222816788
-1363783541
-1363189324
-1651261993
-151325072
-638619919
31528459
-356760450
761414236
-1152652677
-1470917681
-637627813
1065565183
382152129
-1846014834
-21045529
-1872738649
1609445119
-1088695849
-994047985
242023697
1486405387
-1287771358
-222659510
-2037525529
1567904643
1036199409
-558943763
1326506121
-382418875
-1421818830
1067597757
967165968
731026468
621161703
1594747589
-1757996401
260443351
-866991352
1588586
1843895963
-542583244
-441629017
-526222404
1687834893
2140670110
2099864661
300615950
-258728699
1087576764
1080841924
821007048
-583888846
-131351957
-1255702867
2068223099
-1281159343
-1582972683
1825182963
-385578699
-46510349
-2098874750
-1097245944
2024955414
-20704126
-79718194
-361697904
748681763
-903904379
-1554065124
912465219
1647767385
1308392226
-795097750
-1433701865
161392901
366135268
1084346597
-287064931
1195682642
1853107647
-1806864481
-1861330518
1995487267
-1708749232
1004501374
-1844540358
-1170871006
709078888
-1508947849
-1475210862
-544264423
-1204787765
1986266620
-1661119580
-981043584
1549084724
-2133795918
-1046618698
2066469206
-203534692
-2145977497
-1786972348
1847209524
-1783987781
1563144771
-1366914779
1939162270
1479679694
1192229692
676770029
1999449756
-1785031781
1600799951
-1555913069
-83261559
1289025202
-401973780
894949458
1439114282
-1227399180
1670037041
-573153069
82884609
167036248
784440667
-1403372661
1657535459
458186732
-1662546439
574151522
1203382728
-1013064422
1820364641
-2066806891
1677976033
-784605139
-1972385048
752165596
-1948922640
-637364206
174944332
126763214
1974767571
1676569954
865690997
-855069308
285467744
-664597345
-1537426083
418171773
933620600
1261392061
1031219787
-205427775
7670870
-796470812
-2009800890
794494024
-508824280
1950293108
714904777
-1533187941
2004127968
-1392847799
757900466
688777403
-1928329653
-1345501121
62484864
1647180354
-1281944479
1753561592
-1787917123
1098174408
-1854709793
678813148
-1172877127
1614840456
1319601683
-1249814687
-1813323400
-42094014
1292175606
630732172
-798832403
-2125545630
1171023999
-2078952522
-1620925849
65667936
287636789
1184416403
963283274
-428299414
-1130403834
41295216
854933250
2100697409
902736727
316665787
-406963147
-1549144480
171000156
648269512
-1145364169
-992664222
-2023439448
858262482
1012349378
-70459996
-1556875257
-1923243457
-1170798618
-339493591
1538807435
-387168729
1572145726
1663896766
-507159324
2117228310
229126500
-894242210
-1671085323
1628093201
-2078820186
1751870935
-2137791325
820438487
1451709945
676199340
-35785489
1324060776
1925313837
-1901723075
-598225338
77784266
-55020958
-967021275
1807774743
-708894198
-1452472390
364190435
-1277519450
898956417
-1388617137
-20774725
1817100831
631586392
1415090791
-1482676002
738643438
-1040094131
308628198
-140185912
-568030899
1523544758
-1533008893
-458482199
1387925534
-1678991674
552391998
1546114695
-58451206
485517326
96508561
-777691934
944998793
-120336826
-1823262491
-174311784
131382803
898256717
-1737009721
1044855371
-46621097
-1926907538
343152219
1997305216
1227640219
-739353115
1986345360
1407388874
-573967356
-982685791
692461973
1265924647
1761486631
2113886794
-2061533045
-1633104471
1552074719
-1688142460
555129979
1025758296
977889632
-1123469195
177757833
238242134
658281868
2034672005
852074857
1527543108
752910981
1849673316
-938904814
-1673928732
970001795
-1168019376
1961442738
-1761609729
-1834742042
1052141720
466226145
-2104896119
227826574
-1151827621
-1920115688
907901442
-993327254
1122166421
-1917110428
732508958
1516354895
432667483
-832143530
1391592359
-7192566
-906147995
892577597
1405433506
187984055
-1233372979
-260748137
1594720432
2079143508
-2050048490
-1701485885
567169975
-1920548208
1239350383
-902240773
-938587967
-401461271
-540957129
301418882
1524876323
-1879972619
-556878397
710808857
-1570424863
-520378113
-599486369
260859318
879798353
-1714981419
1405867411
2017019256
-2108401923
2017006303
1037196966
-1582100780
-1281574962
-1566585485
387461735
-627749100
2045383781
581493352
-1322159830
265673730
-84770356
-166302488
-1368621807
1822494944
-1996813235
-1510609270
-1396972916
-1735891302
1633500578
1026475168
1060619554
2013649726
-1436786354
-1141760308
1422054512
1820974251
-1344263351
2082163417
949685618
-1032803704
266380514
740846023
660524033
1335321464
1839825889
811655719
1955786908
-1139265141
215568363
222307241
1782521450
-1153938953
-1268581846
-2138009613
-1576970881
-1005997049
-1524708564
-1190421325
1430941022
-85062830
-1595815157
-1676573961
-1920388162
-968445648
-1260320818
-1084485701
-1121832048
2087854442
379084303
-21665341
-345085887
788356656
734177245
-856366933
-1864670916
2045486927
913012195
1225857340
-1729390158
-1922699102
-469715255
221784832
-696383331
927386569
-1681067814
-1009548521
-407884543
1208924441
883487206
107389004
-232908172
1192760275
759044457
1905589346
1786268129
1939934615
2082513132
1368176308
-341888376
-1363841766
261850795
-942091268
-437194936
879297558
-2038563209
-663279758
393573408
1282347138
366251229
-985974504
2103056371
304741635
-512348024
1967701332
-17467765
-1777191775
-655344157
537227710
-291967265
1292500413
-438185726
-393514181
-1526382184
-1591766974
2122447298
-1247649462
-1247013935
-1851925733
2098857518
467067549
1279285790
1767877860
368021284
950886123
1001648079
1633694691
1857039159
-1872363004
-1277108618
1975454009
1596648407
1486183461
-905897563
605895508
1363282095
-1439288435
1493152508
1318849447
-1077846706
1125014352
-707081630
505238429
258776329
1099539306
-1442988399
-1276066614
627204382
1825256982
1575969240
1981315171
1344238876
-2048461216
1109931804
620921328
-1757411966
70890489
2124479263
222067007
-137194330
-957331382
870972932
377565083
1105910232
1312485579
379588882
718275646
1717628615
682326676
538709175
658541571
-611619038
1913787187
1367749328
-465797025
193556098
-1575628096
1497821479
-1091229294
1486579846
-419212497
845334589
-1182222311
1784188735
-434312987
-1712891320
-979418778
192945103
-883076979
-999561602
361649106
-1443068596
5695019
-452479852
-1920117294
1940439529
-370755216
1816474753
1081353320
1623586391
-2146167984
12637831
-1658805027
856831848
401227985
-259072141
-633913940
1549222390
94615334
-1703690974
-1061328191
-615363326
-480582404
883859271
575463651
-935044577
-421116654
-1932634004
-1332677523
-2054379504
1036682767
1292159798
682047300
983903152
1770445711
-269654036
-1592294908
1928540946
-299053954
-2013299143
-2086216580
-597911832
-1032449367
-1808963791
1217132892
1169432104
413163410
1136511889
1304639788
420870124
-1551885693
1216121418
1051420800
-1133023335
414739429
-332070080
-51139222
20660035
-1592251951
-717239730
527849519
1020142672
1073773031
1242171021
488868668
-832202150
598948958
-451083818
-2066092454
-483073958
-944466852
1586539652
372957472
-922047486
-380886648
758913406
-1100291927
1099706217
1776795356
1705195124
-309980025
610817261
1424677567
114377831
698103543
1864914260
-1550664622
977523823
1636191317
1139870772
-347518454
1409436856
807132626
-1881493867
-1773853314
1194998221
-696997021
1136314324
1693397121
-92737512
1027541244
-2120834871
-579678349
1629438377
1224891134
-1951238868
-1352696620
1983138870
1856529901
-225174732
1888977433
1669899106
-467704475
-1416232576
271641026
124476226
1603411534
-1139693766
-659882324
793163548
-439197618
-1141443975
1579936931
-963477391
828746367
1575143
-1801497029
-1276753347
912975713
113741475
-305663009
2044077180
-544508910
853634920
-2048683990
48792560
1956177596
-936077842
1604449653
1604084257
-6535091
-356108912
-1557880656
123918757
1077065069
1858964014
-121221771
1105183393
1247713964
198259284
-54087846
1626936207
1018429435
-532838501
-1914180474
242551361
-1388734626
-1503815345
1406184838
224616740
-1681947938
-300503726
1407112801
-527559479
789054915
-1436521665
558120169
-885343
-13789950
1416762833
419950675
-536100344
-1502283020
1665103494
-249829878
-2101091196
695304777
1382440831
-2074075201
-1687096755
457989179
-1973950550
1634311876
1100486160
1113568773
714523938
-126568294
-1987538193
-1352060522
-1600755243
-347103032
712829900
1839117698
-1604532634
-1585234962
806402759
388745272
700634965
-657616871
-457310972
256699002
-733061027
123889239
83678897
-56515319
1449228829
1872490894
2060260167
1654996383
-1188899334
890146441
-2145327601
600393505
-1555309501
1720709459
-132862233
-173244140
-1204287339
687035336
-78133435
-912541103
-127719296
809597288
669424508
875670260
54157418
-900948882
-277441474
-2100954726
-637658445
-2098358240
1459131489
1806360522
2125546777
288941160
-727773466
-767811149
1391755358
-892389724
-182388426
-1732686569
661792296
1750522810
1824726445
-888114297
1466583335
-513269906
960860764
-564276272
1396446076
-1878502153
-2023008246
1412966069
-2101598375
2037667022
1974363516
-1104641315
855500260
1957987273
1578279670
271059983
1026539616
746698600
-1624335871
132964764
-1953958002
2057538415
-2136416915
2104688667
-2008453808
-60425036
-1512739431
-20641189
-1347261296
-1152557766
-368141071
-1596707435
-353793185
1745679741
-1575405385
1617794273
1696926560
-1858738417
1016855046
1817124843
949181543
-396811165
-2052160748
-750497562
-2090490532
-1733258776
1459907767
575645119
964654949
-955210663
-209901526
-1099706218
-892596412
-47902637
1781119248
653493097
-1956919043
-955228377
509971384
-1223310574
-1485657669
-2085651215
2024795041
216528243
1826300915
37721065
315088449
2086018798
1381923273
1161152760
-1318820350
780469019
-2005507661
-1224888946
-1694535284
-203350860
157405531
1934391986
1707735881
-820993836
1023480522
2080663898
54795557
-1222246048
-461666366
-729498628
1985748117
-1823235387
1425260394
1995984228
1571009243
-1992771357
632603184
-570574648
-296020601
468352840
-1752320022
-1088327911
-1962572992
2086420641
-1094759362
1901284763
825448644
-1359224468
556823876
184977847
980021804
-1518345742
769032297
1329858063
-1949180812
708774772
-90797674
618947795
1138236219
-80135004
-1046167408
1084779346
880248518
-377747114
-121102175
1731955411
1084982858
1694835063
-902857096
-795499866
-1008883094
-386944195
-1980821427
-1343336587
120843262
249117856
990630984
868572127
-88239339
775782408
-1251182301
-844552633
-1143403971
-867135417
-916607731
-1566765080
923607553
1842948040
1070724817
1754220844
2117372082
-1241727223
-1637647049
-59863234
1417837162
-166586810
-1784651606
-865751331
1423174989
849749622
1301318426
63692915
-735003118
606776698
-638707165
-944352923
-560684863
1300547988
-612907153
-452432212
256891325
186996757
945222488
145081508
2093744901
-1849947302
1225340368
21071908
-377396810
2133945336
1675073924
-42656562
497913812
-1566361290
1155786047
696790183
-282821047
1809964219
-25782388
1139418345
-1969155284
1873077640
1522432159
-1895420904
210430023
915914279
2145183349
538436946
578481619
834605604
925384506
-1372023573
320927109
-238381380
322964970
1212250681
868772301
1475226324
1545919801
1687777963
299545948
1360560684
-817900361
-1865336288
-1079894297
655151060
-245070801
827513973
511188267
-1589107746
-1667661488
-1466028960
1236690736
418541652
823835535
1523929979
-1921891120
-2103023252
450013771
586796963
2122179450
-170216198
1354086705
1416327555
-1096568013
-949347035
-734161183
-2109722517
-456388642
979352157
-1426568751
1210378086
-1795310916
-1559803764
486092658
-756789366
-2077366219
-1684989045
1597524368
447925137
1742530008
1251763927
181304830
-1405953880
1707646111
1643236484
-1883001743
-1743832953
-1127320713
1105422193
235781804
423962817
430593536
-479804228
-408021283
-1190511780
1624826769
-749698952
-707985338
31368356
-155252098
-1688176227
378078752
454431292
-2003201124
-1656172225
1412060347
674127733
-1613012475
1070147843
2127071465
-722683166
1992911640
-1315253043
-378302051
-1246818005
1955572419
-1199443010
1775667150
-873934559
-923101180
2141365341
-145383263
-1633723117
-122364500
242796563
-1290363450
-1892958881
-224306331
-1530656292
1601527841
-657692597
-370822409
1050745915
22839469
-2031406315
-1631984186
-903585170
-1156312163
2141765704
-1370110306
1549367523
1419180483
-142606512
-1466088525
-372354838
1805739061
-2065067696
79219938
-1777871957
-474911187
-250599629
483875389
-1331085223
-27463375
2049191169
1630262982
2113321383
82704243
-974236045
990901113
904836731
-1083608966
1428545736
793945743
1891453409
557452288
185114073
-1034364159
-335055294
-1024237794
-838853525
1176179786
297533396
-2126530650
1996521924
-378336655
-2114293164
491602383
453175424
903381574
-1653060109
422929431
767973540
1155327467
1742180237
2099475813
1545579763
-1112972907
1088489504
1454256493
668072320
-2068084588
-876071045
-584478888
-59881596
-1588017520
-1144676811
1508695715
1834138225
1693524244
816823008
-1931260346
-1378979258
1294863696
1409951359
-226803175
-823083227
1643273754
847610932
1651186291
1742699042
828149302
-2040383427
755520020
-1627809955
-986912042
-1479337439
-2124933564
13124946
-2096799133
-258173403
1053736251
-1357763217
1678834557
318763525
-987382077
-1953912346
486357056
-1463179040
554046235
2143814852
-49288759
1096094323
-2017518562
-1529539518
-1899481096
-1815688822
1025539236
547080283
1981931894
149063090
789545512
1017216414
75364345
1425562675
550962347
-1201723067
1621400774
1370528828
-1497702185
939045509
-1769504393
540850784
1330016358
251661607
245707006
-102301887
-1386240828
2075584855
-1133943575
241298826
-358701069
-1155855173
904325863
-1345088734
-1492899922
-1909020473
302767754
-1817691747
539406033
-957398449
-1791411378
-1879365130
2022813943
52624989
1530071769
1595635579
-157864860
-1181915068
1357820804
815662600
-897645019
1374291188
-1256641767
952975223
1561166965
-228833392
-1014558242
-950391722
-217281693
-1937130691
844954066
1815733211
521764784
776762941
1339973174
1087735572
-1296829443
-1448007109
-1313468594
-345883806
-1331198939
-548051481
1517491816
1973016615
-542276889
-1167074363
-1675536867
-1637598274
-1698079288
-1206533566
-275420458
579632043
397204279
1894621448
1534562193
1117545491
-1331718415
1857101714
-997094683
-290719122
-1858641753
-756766462
-962598845
-744884358
434462941
1128593714
841417086
-1828885390
808855572
-807934200
1959828620
-1217394817
-1360982997
1200553998
2128552334
752069487
329611265
-1203779263
-443568883
-819114332
398135647
-1096894168
1343521414
-572893874
-326903531
1076313896
-1352293592
461691612
-1619154590
749497366
1623035099
546217647
-1872578920
-856485875
1937008004
-588150768
-1321273856
-663789182
-1387522425
-1559235228
1681559290
1263370645
677649549
-169981282
-2076722583
-1869778519
473173894
225604340
1852093517
-1351594442
1800939249
-593671724
-1849121872
-2130844963
1256930906
-738386151
417111238
-1891177540
-371319260
-1707619719
246423887
-981886973
-1888220024
419299906
-282410176
-81583673
-1542919459
710994245
-957166175
793939734
1858429721
-1390540782
-308602952
-688000950
-1171658345
269821285
1782081127
1716301730
-1063151846
1885254111
1235288018
2071905806
-1243996399
431012600
-1935715004
626125129
2041472540
-1322542796
-175446189
1396901677
-1035633458
512150932
1581828161
-719609278
-1663040844
-1440103857
-2081988443
2116019095
334116246
-146578751
1646221897
808154581
629747964
-357646685
2034095446
1096318352
-734125581
295840892
983190446
-324189472
-744328432
1225367383
-1929591143
822239280
1105999029
-951835722
-109098334
-1575187883
-1541782126
-116934714
-725639741
-1944959518
1520172911
246280915
1038404543
1103568313
1732275239
-2074136579
1464732879
969617125
1333085943
884551724
-772345216
-2105074265
1469992440
-1377212607
251068123
881444814
970041322
201484429
1749092806
-1857140661
-875666894
-1143527802
-181856087
-215605244
30296869
1730017719
-1904374701
828151784
505719942
1078502136
1265289503
-1889161149
749709901
-1046627105
-366035630
943468883
-1388688982
989024374
-132912697
-46681830
1430873160
-1288601299
1501679821
-86203787
1756236757
1505723410
2003496783
-1548369555
1692148162
661411391
-1589730250
-764972852
-1247008953
830989970
-1811437046
237165811
1058769321
1543022243
-423229729
1487402986
-1760629057
-2090551566
-744647058
945988280
2018395570
1447371360
1398837889
1562417141
-315973629
103603424
1200602516
799206301
-658893102
-655066770
-463465543
-584633306
1368801372
-1223242945
988816828
1563537619
-456263227
-526784967
-1714060666
2057503050
-1954313961
1738748581
164418246
-692501916
1572625290
1452050466
-337802547
105227332
-646454267
440107996
1206671033
2086456746
-1300800028
-136606210
-1396333355
-1285971831
1433958395
-1037155740
1062990400
-2106641450
-1522455589
1705848981
1150008779
1954551458
-1996798637
653469424
-1183759065
1102983274
-29204935
-208503516
-2139459520
-772287827
-567324054
-35581467
-148795677
-827600961
-2592754
261746652
132369574
1128770269
-59906016
-926954018
-1211072760
-460311168
1972257581
254467680
-449007146
-1218040330
1172758107
-1428184534
804820432
673035053
-1561283412
-1024216501
2031793548
2142806482
-1663436668
832615756
-615574373
-1597952358
196165992
1937044392
-1697211159
1132679646
1324306952
9715578
675642985
-1908877203
180927102
-822926472
-1596627727
-89838179
-2055152936
1822526751
353020002
1826304675
1921780179
-522623440
-2001085685
800634660
-504962071
1423495514
-127051186
273180427
-68876658
1641479736
2113979780
-218873444
-48645195
-220346243
-616399075
964685257
522279321
-1891527059
-1949721588
-127696956
1513773753
-267113842
-114236063
-225147947
218722851
1065770143
1556992055
1431593581
-69984267
-940053047
973377487
1199075706
-483292640
414444564
-1966561795
839993084
870948207
1665882396
-1226074686
-1466162985
-491341113
-1519974397
617716794
-1908247061
1998484656
-486218071
-1455516744
1633223777
1692016915
-2086394342
-1033149137
-409931449
-208649403
-987302328
1924574163
291687775
-2060709309
275237113
-1354141953
728011571
1815125823
-387231742
-919398824
96006765
-46571429
-1040733515
2047736883
-573080475
1639064499
2062317207
1919959603
-1563261446
2045554337
-633424042
1988283446
-919022940
-497382085
2100742649
1716684146
-822190903
-954870240
968742744
-1844554790
-625422512
1917576820
1919646159
-1599709754
1899070580
-1983292888
-488928722
795313618
169352666
1578550398
-1369487373
1702379781
-1514272284
-427168564
748441786
-1664472266
1265928775
1906807679
-237036812
1030094250
1068240858
1550713698
-1156716585
506317826
-1819476047
2111894304
1115971733
2039196499
-1968229014
1387494151
317674192
1933649814
-401156410
1333076750
1656963148
-1595004094
116542587
1383288089
90158565
925646135
1325298759
-1177518214
-375611964
-1014679330
87253064
-1436068933
1067319501
1985668237
816658314
556207514
-1130501285
1363610159
-1628828703
1190403668
35875119
1557263907
1789835513
2130122790
-1709650779
-1109950363
-2089672533
-588720624
1638053160
-305069077
-514893679
882039771
1958512871
-339941295
2020908252
564605533
2075547080
1271046583
-670163868
528696316
-1661252196
339495657
956887552
-1348108944
-1203285612
901594561
-1174675689
1272297164
400900340
-1556132407
-1807180937
1652336830
-2013855994
102140196
1147260517
1353118229
241394768
1223009197
1229915380
1777627523
253071112
-1412730784
927545754
-612567132
-218347833
1420037368
601866495
264213822
-739285123
-826367014
-927027176
792857034
-678656091
1209198641
1244467060
802821683
-696562247
-1928351655
418017237
1676851165
1872570598
1909346944
-2122796030
-1346662424
1857249539
101492618
-833084453
72415925
1732358591
1258936373
1820925102
-724591704
-299703014
897603710
-754453816
1060004143
162013462
1153021250
1814878285
921060611
1215487149
2019498023
-467477173
1109347501
-1379618811
-1418484292
-683254515
797871692
-167808030
1913919966
1198288045
2074688917
46359643
1265190494
-1256579348
328008986
-624936240
-269396000
-2100580027
1933455310
556364570
-2011298555
30996031
937453255
990720004
-695989300
1669697795
-1651046586
953185018
-1380277963
-895429075
-1073326860
-1358259456
449820455
-66951706
339676270
-819634459
1545616530
460182322
2003966467
-1798981961
1202830296
-2143753082
1600288956
-1001035655
236780392
-826967651
-2073592420
-1202967533
368018604
303596171
-1858989272
-1051551095
-379308763
-878283759
-1767134936
-934781840
733035987
-1601391309
-898769745
1138379676
908866777
625377800
1354636377
-1259570146
778771809
-185327664
-538391340
954687597
395545021
-639058357
244036000
1177976034
-260621362
-333145528
1092066842
-113615255
1613752233
-1481230981
-657608010
232179829
-1444807562
-1588152428
1878829707
-2032054732
-1469540453
-2008888180
1216806164
1480837892
-634714598
43160641
1392695348
501837348
511604791
-362252476
1515271802
-406565458
-1493382306
-545786638
1771672998
-2052803388
-496791998
-1360871743
-1251208852
326803721
1243390793
75216091
1956898423
321725267
566502694
1097111536
-1228889680
1538955166
1729458631
1576305736
1946976191
-116398013
-1830584462
-450721257
-1538604847
-1540075416
-278994902
1871771412
-216992613
1397379514
1596856151
1896555852
-912620897
196989273
-1845287515
-1508842702
2098590382
1510117396
144928556
1160235259
-497043027
-926584362
-1845141552
710676264
-1122595173
1218857055
1467576810
937409123
607226834
-2001267402
1158314791
-430952305
973119628
-765921571
-409246800
-1760064742
1828984489
-1881262778
1778822027
1558198932
-628084562
1876697478
2145804864
510054277
-1744952304
1049541832
-34507585
-799081350
1534849971
1851480707
-146442880
-253876895
-1096749396
-1348554257
851591916
-217116650
-1425746098
1774588596
235876347
974621245
947123812
-612716316
-1288203491
122820690
-1388667206
-928957397
1279713118
394985981
2141644002
174011973
1814735812
-435073110
1149734708
-495272785
-1482470149
-798913191
-1118076394
1736489377
-1435376333
-616995150
-1705694084
-1251430342
1853689417
792752219
-1534478158
908892157
2056487460
-1453084018
-1948514983
1916697467
-1224317599
113690853
1857006254
-2127770030
-573892558
1325837176
-814706670
-1302221227
1550758275
-2034797271
1103091141
469271564
-1776056226
1489484605
-555804939
-580340130
1708355471
218712623
50284535
1954243980
27756426
-1513595968
-207047469
535650657
-1927230835
-1957193134
-1631198202
58576551
-1159022847
-2079816330
1781752194
1480404957
2118368293
1852640195
424850937
553108774
2070760685
-197628439
-1321267622
-1999538301
1364180263
853720837
1361467291
-1596406972
178015456
-1248618954
-2093886791
-1279699525
-1267071483
1997391215
932537596
-468823501
-630173620
1939810702
-2029180801
2103407136
890003284
1739909037
1753546991
-120359785
1357700875
283487160
-1625409390
-1739222785
414286415
-632767424
1988323723
-57482999
-1543350313
-1828063347
465254235
-955255331
1119684948
1150815737
-189883221
820382869
-1684772653
-1513386629
-1063268024
867866094
-1286541212
121279106
1142623342
477824316
-2086201344
64369155
196781896
-107865442
1216521639
757854421
1856791479
-1611981709
385113033
1433852988
1954405202
-26561524
-1948145178
-665774142
-443393363
499933602
812401528
1049621581
1795468510
-1504789622
-2130591472
266462318
-841245892
-1266160473
-1604210754
1718018550
-1231018646
2120164895
-1679117643
-1963910961
-1580157549
264173648
-1738171601
1025829640
1939657974
-1218459899
1083153038
1586274865
1376330917
-2042049308
-1089277245
606429672
1481875080
731472427
1857014003
741355443
-1116970328
286489243
592248407
1735074832
433558698
-1225027917
-2017250461
-1971054389
1267797400
644965409
-189638358
668428430
-1059920409
-609719947
1859417344
-408775746
-1322509387
-1398957801
491158112
-285483388
2137315665
139728763
-1670750448
291322921
1786912768
92340370
-1768698493
648158118
554883838
1495406723
585308541
-448992901
1141677762
-1392356454
-1698145540
392321727
2115934342
1458203008
165860182
1731581304
1573220870
40560556
-1601240930
1659079212
1943219591
202405657
-642251956
-1555426633
1909079578
-1666561735
1722235420
664709727
-1013227487
-1051336663
-1445513162
1268011813
-884345326
-125655515
847083918
490699869
-487395973
-665647043
-2016380531
-109773183
1190031429
1726482505
-884600847
33325121
914679356
-2072020455
-1772079119
1440454877
-365688114
-518234127
-1453546077
-1568652361
1795758866
-1762387404
-696398430
837187875
459366412
-816685474
1206534891
-1623326591
-1632462545
743516471
646549255
-967651442
1209076514
-572448699
-2062292881
-750023946
-700369210
-814606719
-1510184149
-445187027
-729842568
-1269651378
-2093762629
-367357826
-922210413
-1898372442
1446714427
-389991069
-2112954824
-1059640938
-1948341311
1118512663
1736167761
-1778593301
-2089883639
-2014019990
397609170
1374102061
196665684
-1206802733
-1609025471
383856332
981856396
-1784812085
-80246920
-417446503
-598052948
1214898776
-827122775
-1280910217
-742583202
-780385305
-1768837981
-107399343
-1211707163
-594437282
-225793453
586807630
1666539324
-1630285455
-659507572
2069894467
-549922177
-1539025355
1067677450
2106249577
-1269364086
1911074290
-578944077
-190328241
-1253751329
-1821214916
-532187872
2113560850
1266945484
890846788
-855681188
1962172618
1234553037
-1897025173
-1011350293
-1792185
-757317842
-1152185576
1305292301
-2056934148
-1698775564
-1077623606
660934723
905103419
945095678
-1831082128
2068783634
-390502494
-1594794650
1441303800
540751622
1646198741
-1129934548
816408357
745562105
1019977836
176981269
-1141612635
-908391531
1452565551
693156816
2042668386
2076060438
-2136985472
-238153381
-550257896
-372547756
-1462470632
1731811748
626547495
-299732480
423556342
-1188641421
-1203813207
-990339283
1275891091
-1182387834
1337411015
1236038418
787274073
-1443707907
-1312090296
-1642905586
985987158
-225149960
-620176022
706310379
596357676
-409430146
-461348363
-744539290
-212594612
321909664
-392012916
-1525713169
1915414371
-951006498
1610372677
-590963796
-843119597
-429165112
-898494084
-600035901
2131947238
-1558703640
-498178332
1950423256
-1661830273
1455239903
1234374366
801750996
-1093298414
-863108659
1888474637
417514728
-1602418155
1799384822
71243817
-539243055
573382967
1522686369
1013879828
-1415329699
-2026540655
373215811
-224858838
1342599981
-474731493
741530333
600141276
1530080955
645313632
1080248737
-687284352
-873375074
-1413452171
-1669615141
-526677151
1030144781
-1797523417
-969378033
2082847005
-1600593247
2112504179
461139549
-1322959312
-283509666
-1968818118
1876210221
660861643
-1713417741
185269044
166956039
-660594710
1397619264
1161152549
1154848962
-1794819419
2019564569
-776201905
-36533536
-618364731
312250697
-1371429337
17641272
654461593
-1078512167
-291423413
-691234859
-1077533174
-867145838
850828722
-662531810
-1377235219
1370388927
-1660490459
-639515338
-174172008
45359415
-2006435347
732443045
1474895031
-1492968295
799031757
1625871159
-1315355808
-1402299175
-1661106126
1189719076
-544704412
448082427
-1200800344
-1990621071
-1138712089
-52281313
197372560
-890035051
146451506
-1458356036
-1374416625
-1277584802
-1359102265
1714770992
-1018152375
-447465451
-665571659
-1208752265
-1674108209
-1806817824
-1794325970
252277306
-149063083
325090663
-1223419562
-103837428
1402071720
141801402
-1231335331
-146800657
344611294
-1016097422
-557961521
1101805852
501652430
-381754090
512522282
-829834237
904414914
-891368513
83833264
705511568
822517611
-1853393923
228323710
271538863
2038485013
1366705916
890604254
-984002030
-75505893
-490728478
576367576
1335964209
-1245898596
-2062300805
779632654
711480978
-323428498
649897496
1975430345
-1046481078
1054415186
582812083
1811298894
-1809090110
159754857
1271469655
1298153078
-166688322
-708004889
-1535415618
738712701
-140427621
-176190971
-1634548933
1304325657
1724698839
1666487612
-1381778214
1884088782
1736942550
413766319
1403418309
1210374784
-133978141
-716904472
560655849
-277824439
1501452404
808189383
-393941288
-653471091
-956704078
1334826678
703250928
1643039562
-460652489
-399485919
-1567623747
219399092
-1405210088
-441852123
1475865499
1735492096
1563527206
338192518
944900767
736163968
-1499295631
1010168806
-294929224
2143643119
1200786189
-1173741004
-1926640
-1718311154
-57926120
-970756254
1573086903
932875631
1950467578
1816794970
-748108157
2023378832
1097631214
-878193102
-281621711
-1232181718
1086758082
1570699165
989774031
1459120843
-1787412006
213805477
-1599546274
1362611106
1626910330
819447446
1366798514
-1149802343
1709045571
-1676178883
1024691613
-1624281687
1252686334
-967907758
1204432204
-667287960
-1405426792
-2103317966
-816753680
-632387866
1498681965
801370576
1629570464
27313594
735598792
-686321683
-1486473603
-107093161
61858730
-2103023737
-1076487914
-913102173
1946831306
943237262
1286237966
263141066
159090397
2015044573
1641283580
-930633138
2128013079
60697191
-512189806
-245709982
1406052080
-1454986319
959005696
786784632
-1685632213
911099775
-1354663526
253448216
1589245203
-1113176366
1673947320
848882419
-185518329
-1619218415
-869842723
-1199411400
1730161977
276949637
598606874
1308003877
1804328626
-249518838
226654644
-1233185568
1140533913
700511235
1595352836
239320454
-1415461453
1162533518
-990743906
1181777284
-964752339
-441732360
507794869
-511580890
1613867929
-496686477
400244669
88040557
-1194497738
1315161094
-1290727342
-330004188
592480372
1673926340
460540760
1190627893
388666806
-115524800
-193467550
1914483768
1428068697
-280880065
1103263319
-1399092404
-337185036
811769519
1049835602
-1029458390
1386314977
-878390056
238340298
-2027092362
1248749564
1408086225
-1243988493
-235982248
-1642766422
2134633012
2057482851
-1138551989
1110421020
-1646327020
-1566768905
-669483468
1787246805
-1730291665
-269427978
1825114294
1179516265
-329349024
-1744790409
-129937468
-1530259834
1763082070
933856000
-1757441161
1934527800
1173258122
2147363440
-151012319
68778600
1013155694
1446081566
1159339169
1345600677
-1912877598
-1809433535
970687992
-453327322
447386091
-814055023
-1596817380
616253199
1182052774
-1054153938
582401036
-1322272781
-1420608390
1918212289
2022511396
-1029240678
1248883852
-244168480
456894386
1607202563
-1599147145
1757831607
1239874248
-1403792724
624027196
1093916643
1302989651
683651088
-124218249
-168136799
-272051604
-687943568
135177940
753005607
2040377581
-546749994
1937105088
-54132399
1886888519
-478807210
1761952098
1625441152
-861386605
-2013267562
-570114100
600330687
928916966
-1943920751
51123821
-271153626
131634920
-1544953961
765350346
781809795
994599591
865923223
1214453357
1526202166
-2071399512
1632539552
-103165411
-308028837
789286463
-213570139
1450331214
105344302
-602990560
1383676288
-1850127909
-125097557
-539736779
1166202425
570374130
1754501749
254229937
-1847888505
-976612785
1094907640
1368723812
1806528150
-507316052
-2053616175
187993169
1069775114
-2082265225
1882640748
-11583363
-70888381
-1263843387
112739054
1420876041
387391202
-1939125626
-467273898
-500168062
-1770446196
542130938
-1793912098
1868936312
1856378861
-598674333
580163239
-2017720243
-1575737600
1265174268
-302373740
1447610702
1558521740
-501344215
2146737525
-1937573369
191555057
-951510545
-1996096152
-166360366
-601591772
936490405
-924312965
1175838129
2043981559
1387308523
-1924257386
654193501
-1114452067
1718172635
-1069601385
1144608158
398016877
1064928126
1099281598
319689437
-241153050
725859202
1469286476
-1769054473
224231666
199955497
419312230
1343696211
747736943
-758584957
-1566343618
1898666038
266484202
1337912542
-36481421
893725013
911635885
2130571645
-1479629384
-539011157
-223939077
1411403913
2126585268
498044557
1156949913
-1678632892
1515587625
-1256599046
-41754480
-1926202748
359040599
1518687287
-1726003151
1462578782
1027728034
-961507173
-427443367
-1294354144
-805906318
-1867792473
884519158
-1433808251
1745811034
-671221671
-1305287991
1710970915
1201372795
518689473
-344768915
1847952423
-393909974
1175560148
1768448663
641227589
-217551408
-218133889
1036004510
-263158295
-950323694
-1477626369
-2006705602
-604829518
-1828380879
-449630865
1723040664
-978874336
1199844786
436713634
1184428412
1631536011
-1393813695
1263069746
-978840597
-557755562
1381074642
-644810023
1531321559
1138079333
-983367928
-186350081
1421247276
1947847371
1690500826
690977683
-1358794221
1901186504
1405963379
750705437
760309876
69558002
-1129608614
909282324
2125319357
-1639677263
893090515
-1421613204
882407650
1924519919
-158624380
-630012301
-797277532
-1706736
-1143418022
-1602999587
-382417900
1411063840
-951921491
-1537551331
-1073682342
1601164875
1444529569
472077813
-187694926
-1851140463
-17062704
-2083355568
311354807
-1519737927
791466021
619595855
-1820792604
-527322746
-1930298358
-670682463
-1188717994
-1166560984
409991365
-1081975017
461809366
-148000523
-839390689
1598324086
1641484823
39977816
-2115185338
17830799
-254979781
137896201
165259508
-1217639283
-25818725
-981468546
1176314831
151185805
-164268089
-829657952
-1509737197
-1297799309
852083403
-1817195326
-1820724371
1733864955
554221492
1600176078
1040819754
-1050944498
-256382638
192467137
1284988048
103941462
696619070
203520600
-2064015476
398292244
622233374
1998297099
-842086004
645286448
1955319591
-665292230
-1936854866
36339857
1008208099
1620760998
632934170
1621408687
980725044
1800013346
-777040469
291284581
1887654552
-1794691959
1946129620
-466813941
-1620606291
-265158670
937412545
1681428164
1294590967
244814370
1345768892
1625874195
-373441567
189417282
-277623342
1518737588
-2075259647
-463941423
-790740810
529631401
1128781216
-452631589
482000100
1762189458
1156264568
-1384276374
145613065
-817243327
2055563711
1344720957
-126287711
-1665984883
-2112740764
-1114006857
-1765640479
2006464102
153242520
983768090
206947288
-1746098902
885749903
1045502452
879089616
-815168202
1028306055
-328081703
538849530
2049484734
2100433673
1917304657
24489801
-218653471
-1012367250
314276372
1728070301
792932599
-1414031708
1549264756
-1364535516
330099501
-132416975
957131802
2115970045
425812308
-1480260744
-1654856972
-1958526947
1180660981
1400813627
494531181
-668786314
-447885912
-584492703
-1709571873
-372217259
92087461
84740344
1071430725
1135028491
-1635043941
-704099204
-502765259
1177316815
1443064000
1177972569
664038668
1420155619
-979924439
-348452434
1595262826
349672180
-1084480933
1073262419
510996193
-1689769530
1075397665
22350621
228443368
708868880
1870259103
1762454112
-1966172907
-1128821852
2012285607
482278580
-618114165
918083794
-171082166
477907964
-1514926416
-1261061618
-479614542
-1281773404
-776550365
-367478576
-118562257
-932329943
99690733
-1040448837
2113951887
140190685
-458636043
-263038463
739462065
2101272044
1532207545
-1104926715
1853837404
-2074635623
-1953893317
511219265
-1834302900
-717649971
-1053472200
-216215191
879014542
-39281454
-700607841
-705045808
-776018163
628692059
1114618176
-911504373
1003470699
270826183
-847984188
-636374829
-403893483
-1462752090
-2078028323
230578991
-1536271215
894910843
-1051272515
-1850550830
638961177
-574497085
268370379
-468789055
1562700653
330315574
-1615193964
-160701384
-1407490843
-1595950516
1642630143
-136780338
1936355269
-1856686078
-1972325691
1057524695
-28686380
-1524695843
-1337961697
-645469431
-1701640657
-1823593937
-1384886336
-1427023263
-2126243494
-873017704
1629073413
24488263
2088938135
-168131889
-1006995606
-1316219920
-880245637
-2024173918
1109131328
1815190019
1518489277
939711035
-759444068
1058970495
-990563503
-539283548
-470611822
1339023323
-500088652
-2059890548
1559764131
-1762235538
2111249801
-241785782
-310827149
-62601455
-540221083
1259700770
-1056886850
-388588030
-2140723482
-1297851449
-704292980
-1831217654
-1538741494
1154337825
2018934180
-1511094814
550243773
-1640772016
965149246
-484086318
-1963948109
-114974481
-1365531909
668653211
-117724808
1872370076
-463887847
1713765015
126842820
-126014280
32746722
1249074462
1326807315
1894231403
-939903643
40023082
190089333
-976975382
1183527784
795297853
-1643085406
14092284
1158185116
-30151039
1542462033
961136057
-698661870
-2132147919
-640254775
-601455980
-1707204371
1200945720
-1381795913
1486025884
1299127385
787649559
1361467202
1722756606
-750424389
52532491
-298009764
313939662
-1841908695
-791697298
1087897435
-1463107834
1167732764
639691357
876152519
216173774
-1330636700
-1961752166
1163625333
-170226947
-2065818789
-1178590284
847710420
-1358373921
1584502109
-1743798428
-661815162
956404792
-1152702089
1205766458
-425470926
-321158519
-186732194
1468118649
-214245224
-1251760495
2116925602
-603114946
1946944997
-611181290
1309800226
402520294
-1158813368
-1619295260
-1987019070
-173783631
-985973820
19274262
944083035
-1555007838
-572614072
1431969939
1233406963
-1039152470
-1749820676
1845051099
583315501
-185311739
-534750243
601944067
-1163027198
-122287902
231286411
504904702
1051708849
1747977289
644283745
2001289501
-150864396
-1139181255
-1104828986
-745844264
-1927434637
429219344
-67304510
227191502
-1226883971
-166181329
2118638291
-1754856182
996360437
770246621
717572097
1098025095
702966410
-1083483029
-764458704
1401873141
1032603434
783408793
-43915851
-847345987
-834359112
-2067330248
45337642
-2091100605
1313788155
-1292687344
-1394968187
1976319850
1481896154
-968936189
1380007271
-845444260
1526957766
416500594
1281077169
-525343094
1337800822
2144407518
-1158583459
1989174514
-378747942
724638162
1055531658
-2050750817
-1031339191
-2076936704
-591503400
-51019658
878084348
745121450
606243062
59002158
1371098559
1431750211
-2050558344
-517518688
-1822880028
-439308203
-228510483
1539663680
-427722885
1344361637
1423950640
-1980947477
1095278785
161323156
-1511333378
-1885606430
-1845496363
1399679687
2112506057
1989317910
-1139038543
1800334602
-2047814709
-746298715
1965676119
1682430065
-1536393379
1916965796
-934152118
1355186112
-2121644920
484326430
292032831
870716428
371370716
1222039133
-1725509868
1688211362
-1879235712
436994663
232696833
-705762522
1820688778
-1853015605
-1105751795
-1601928961
1357915024
-1094026339
1350937538
1744356082
-1048665473
-2141899586
1032416035
-595876339
1650465194
1854990432
1165875166
-446732091
818240550
1386699976
-1281901635
-1904306334
57846612
1997295702
1380666466
-455904614
1419625150
-652674366
1666534707
-1412653956
-1535095514
-49815897
-1109402478
-2025508977
-906750244
-753029307
-401973167
-1950047173
-168849072
-1235988862
-912308891
1913464934
-1928430617
1319708466
-1690728744
574967137
-524564975
-880777321
1388785668
1215574021
760151707
27451435
-747287043
-438993127
-1799297983
74746524
384107599
-1157823498
1807739783
-1621230313
-682575639
1008177517
-2111386168
-213692983
-1589408937
-317621016
-714836593
-2138625374
-1091269833
1430848975
-1534731228
683747675
-92642843
-1544204500
1334291562
-1875209286
-2044501128
-170864751
-6373656
-1632291820
1854487282
1814059833
1501807396
1429464595
1068934578
-887214996
-1900041673
1807019961
556331565
-1537044952
-54810978
441083556
-1294060067
-1889923843
825283917
-2063784557
-1287885192
678646328
12641289
-1381296600
-1448279451
1840057667
1329744119
-891694353
-276081557
651071307
-18882705
-360520290
-541303125
-820249309
215285269
-596695650
1345358032
-2013185176
1569479210
1158347466
-823120508
-163776284
-545698785
938838134
828801829
801602359
292047211
-584514382
-1884955720
-1773727308
1199351709
-54870066
-1315213283
1251889800
1054801076
806723617
-1596446076
-532773343
1015066798
1014633990
-1846074337
-861215540
2089718878
1572523047
-1274951143
1463782048
-1753902718
702388221
-440607290
1092175258
-2080782316
448556694
-2016885734
455713289
1695657184
-1707449959
36886623
190109996
-1824785066
-732108665
1941747234
1059948056
-1793024863
1088027203
-335958418
1169966303
-1615221257
1068481236
-2035164100
805281774
-331120589
-1033715352
1912441897
2075324343
-1090052448
-1983104357
8579945
598806671
1996266262
1060203257
1097544187
-1758326056
-662739637
-1561176639
2135145502
191973730
-31440030
1001753580
-2125281533
2084264462
-951730232
-1428986004
1865336003
-2051394380
637870144
-568117576
-270369902
-154201018
-1851049413
1483807880
735536181
-576131531
-217204628
1359718365
241367985
-767036397
1077061020
1413769284
-932512700
981797753
1734693050
-1162935718
-1537232488
725508138
732749366
-543258478
-1542792138
-1061653384
-821421426
-1592189899
-979052488
1330992102
1327981096
-797566294
-964101310
-1950757874
410956386
-1017423113
-1845666381
-929902652
1202141159
-586006649
-2129558762
380332156
1237118532
1752539181
416978398
-2077894168
820651194
1866846312
-175429038
-542057499
-1169949611
-457161240
642759878
1589382807
2074620733
-1154702511
-155689205
-801305390
1012650315
-1628886210
1108035880
-1027030853
789547487
-1583554680
711147849
987422383
-924326160
768987335
-734523657
1868540514
-998993565
-88186344
1981705609
221407819
-1838986592
1090290976
930099673
-259707585
-244290717
1098527313
-2040228037
726451804
-1663042609
-452550293
2049697707
-870964440
1105705160
1018431046
-1356795067
-950509575
438540929
1590547917
-1252652295
-391561578
1488171091
796907341
2078962302
-277880034
-767859248
1191609839
686849414
1040972584
182945048
1304790659
91999284
2032513835
-769553814
-920046210
-1024304438
1899830816
1324096765
-1358655162
-1993189209
-388631707
1934475537
-395508564
1338636911
-1744386332
636229440
-1121331783
-828523637
-251584652
-1874117351
1977957548
1462551252
43650942
994714350
698967875
-1637196150
-1406061597
1672342253
-216798151
-1826698358
-1815200483
-216291987
-951160048
-315573312
-1037343068
536936074
-192703472
39604185
-488275822
98676979
1131623566
1676900413
1064333193
-930557439
-1204165775
-762384068
469321428
-1795536116
-1651312142
-1621733753
72179916
871502842
-1944746846
-1040659999
1450187132
-662437096
1751660721
-707278571
1459556232
1799898668
1349056876
595545898
-484503734
615373002
1409856007
-1801990955
1386875965
-926053402
-614168676
1665139758
-436679522
162362026
1018275699
-378211418
-1557583024
1401800841
1109472643
-988218312
1768690687
-1093294956
-30007495
-1601521953
1005886856
-708375028
341759607
433007943
-69998952
-561560009
-1740556066
844786118
2124650643
360799095
1749493584
1388089997
-778357578
-1242146409
-1008823888
-1624701926
-1815441537
1743760232
734526187
791682801
1492524619
285049228
-151340740
-1151615862
-1892156607
-1854647663
-1856604501
-1175879795
642958190
2004469825
-154290730
1608348476
1456583473
-2057130441
-1775411469
-262492624
585344217
1189655989
-2040424172
-1999180729
697619852
567812789
-1873251411
-1197911076
-253389718
-264063427
1923556435
-1404839367
310001649
1967548919
1797184710
1042938697
-1954335326
-414461696
969571633
2033105041
-1992189979
1955148288
-1197562193
-384887967
1115164201
2111090298
-809897455
-1080199610
23389007
1235290980
128667358
1707459010
1406477896
-89788678
-1911501158
2021191742
766947580
-1938970674
-46047157
-1608874689
-1870055059
-1190145757
836255800
-1007076392
1298977052
-939431812
-1994317837
637511775
-1433504085
56109167
-439334246
1012973923
-308699709
-1469563714
761416025
584025052
98554167
-1484741721
-1137521614
705701540
676713321
234606714
-1189946624
111448358
664264940
-81829012
-1490906440
-46331564
-1860372118
211749547
104002290
-122598178
685462216
541319346
-214401112
-254441056
-1407296889
-1904550947
1134541628
1723984219
-445585043
-492690625
-2082423617
-514153305
75795812
-350856013
331310703
1599197480
-131527263
1904101425
-1787166591
834363136
-1275753208
1155808354
1358969889
-421594748
-109646130
-1877845899
-1788288330
259702577
1942839648
-392200397
-1719880342
610600160
-555928702
-1821872303
-1265549079
-2035640263
517298107
991005956
-615077528
338310501
-871351824
-1444728614
887599848
-1652218873
-528889009
-82079800
-73692741
1799892844
552593518
1978568831
386731847
514813440
750812595
-1088609790
1505996553
2040171523
297471477
-91035780
-1188692003
-798061187
42041187
-1642967730
1646179707
587021167
-1591848283
904158056
744531524
-1772507062
-408639424
-436021031
-1715541698
2080683940
1711323198
-1970760536
-2099621795
1649603881
-2056937459
-1700993052
-1900690684
832177871
556772007
1187824889
467090634
-388950451
-924813581
940894277
-541887360
-1507553843
-917725078
755367402
8286067
-1010572321
-228012547
-542846747
509314286
-1708412239
1570655030
-566896801
-1215588862
245206653
208506781
-1539002301
-1478460024
1234849602
-2102962084
1831691792
-1834419098
-1924480586
-655673307
662080239
-1346853358
571339642
-1515929261
766018055
1550029140
522423951
1655615055
390040080
-1602367153
-1713637368
643148853
136011046
2045442753
-1776343551
99265462
1739094495
-1488307831
985030863
-793846721
942434719
135248489
164914040
-236866213
1398773802
-1239126771
-1508208795
-1034177963
1628737658
925983308
1695622997
-609835999
1213575890
-1974711636
888391061
-1305559685
1348450322
772725035
1007845741
-667566768
-428829107
1266355772
-686065699
1910758237
-1664640360
128626447
-257447031
443046678
531418148
694709525
44134385
1825958088
-1943868273
347439555
-926297116
-1618664191
1514711414
-182009195
-704266442
-662044113
1352848206
1697673557
-479021136
-1418798970
785558900
338185372
198082888
1177703463
-1160205439
-1019632487
-423883375
1404281214
-46845981
1392474129
19099252
1183480811
-214032472
-1271603802
-644759520
1056899747
488202141
237780315
-598131138
-609257512
-1422291305
-910025129
-629082007
749751832
-549744368
-544699160
-745088547
-2032850958
2061025781
-2009834294
1282275437
-828920354
-292889411
2133183401
-1359061318
-637837730
-843320131
1819953125
-1589983839
-48513952
-517075526
-827498604
-452726539
-1744535578
-689231425
665525196
564700014
1414114536
-221781967
378948641
450649568
-1747995528
-2138058208
-89553300
-251765329
-695073753
-225144865
1421991630
1714261633
-784816217
835503061
948870132
306012982
1211359409
1765455509
475098011
1751829012
891214120
-1842446291
1523506006
1676652614
-1801923714
-613844293
-288941681
1065797767
869694807
661506628
-1102363957
1591249178
-1255978901
-677507640
650362673
1390777597
530902448
-948007535
348157004
-485358499
1060208311
782924491
-2064396529
918044748
-349525674
1579488345
-767170023
-2040437328
-178843258
1339540709
805131323
992764799
501015951
1921748537
1657748278
-1513338840
1980698722
1119704525
-2139029816
-1072074156
988851781
781313696
-1075744791
-206006066
1751689141
573029450
1115701330
286645694
1096390279
1725033298
317613630
1528914205
1433426255
1286126268
767195251
1629357668
1572731142
1200734950
1829258883
-676699770
-1286093594
-1196776044
919810383
2016870176
1635960984
-669076663
1088358348
1369209839
-2053242735
-81718824
55798793
-927522942
340848825
2068461625
943326320
-1542132176
1538949453
-1724853344
987233611
-316774837
-4831739
-251434549
845127306
-1292804971
1712100216
778652827
-1476462141
44608498
-423360833
575058662
-1256393607
-582833057
-820944039
-899085685
468071072
-268196574
-1244861618
769513414
-564157088
676376131
-2061331050
-1442335292
-817053159
1792193850
1487193786
-1045803910
-258759257
913873129
658468795
425676721
-1935038490
2045415628
-1878804685
-915154075
-399039624
2087736174
-710766406
-582041264
1187608005
1164881950
-1863391605
-512386112
626424642
783847394
1025915238
-61883983
-540734474
1094357420
-213329225
-937215977
400702522
273135051
1387865335
532274298
-865901120
557894820
921392721
1071678664
168901845
-1565025119
-630853239
265109606
-264735254
-1832258712
-252917479
1856333447
-1740587184
931141200
61806748
-31572543
-2028793022
1757234704
-2064428945
-825751331
570730024
151538105
457275285
1799130350
814478618
-1000524571
683100123
828859556
-2074494814
-778511056
-1874892740
1974449377
986169285
-954092825
-770217594
674240141
-1188300988
1299771647
1369860413
1235405222
431890719
-2053482424
-1704952130
1769309594
-1935474598
-1262491166
-695118169
970554072
-1869087485
1182946543
329949302
1725520292
1961264242
-2136601718
-94817681
-1010273750
1928767954
-1804586250
124651459
1543193046
-1119040800
-1084366054
869694702
1642791394
204881138
1271621933
397504096
-1880421584
-1574615493
-792690259
-1790632609
-1733287079
721217357
-1712210539
-965476565
1633093381
-1366214434
-1521056050
1888279138
462996860
-2018942514
-709462043
2033505958
-89079427
-1440978584
-2138572035
1911579260
1096903502
-1133352472
883254279
683283319
952240148
-1475877060
-839058895
-2124094315
1062279780
1313426958
-1548508004
-1887865112
1668038681
1450761986
-780587439
-1055639432
-855139993
1439795772
1967674740
-750480025
-712241872
2147319588
-675538502
-1916037290
-479920490
805270637
700907032
-652568825
-1774499888
-837161902
372257212
2086200387
1113886273
1043331362
1392890944
-1404991490
854279110
1070548479
-1770862307
-317160264
1258613071
634087393
1985597021
-1542899419
-552507728
1934539489
1644087956
-181024497
-2087220295
801460148
-601717232
1037676667
-77590909
-699749004
-1585167537
190833931
-837706996
1619749798
1862265521
-210818654
-1413101562
211282040
-1967735442
469071949
-247986965
-1590321334
672908233
-1352292768
279762261
1628496751
-962827643
1726523103
-1765741173
-620166348
154207128
-462024928
221578334
-521332960
1906843166
-807550546
1237610038
916455805
1346038160
-1241062545
1096930663
-704749033
-165144523
390496008
1377215433
-934706621
1677063383
317880959
74903942
-1333363422
-925655110
-914635998
-2107306699
-747558874
-207837495
497341351
-1191382744
362184661
2122411282
-1894254444
808532481
1998757069
-410380940
-1091373344
-920096117
-1289063161
-917445481
-267126566
-1778202426
100265311
195841563
-884087478
-140672957
-1351418029
-1429200621
-1989638955
-781535822
-2079131893
-806320204
-1271719515
1976125369
83824024
-1880568247
724979016
-2018379514
-976624768
370353514
1509726425
1582047143
-508059782
446550892
1404472157
-45255272
1918809461
-948074213
879923822
-953295203
719296990
350473638
24520989
359741266
-1110579934
-652495398
-1296002796
-1663663745
-1668699278
1730042515
-442664453
1079837105
91229381
1985200750
1706048285
-603643387
-1758052061
-200527165
-1790540982
-667144634
-1691179745
1200167890
1095475966
-1908458182
-1836348764
-349432773
1998836930
-843916487
-209989132
735418291
88680402
561138174
1482264302
2045017332
-788926209
-831362623
436944527
1222792949
-1511856682
1354866564
-1621339974
-1023920805
-2035464702
1097813165
-899020229
118126639
1627109102
-642077740
1500381961
-1424905520
-756632146
-1919801634
-927218485
1798412842
95666975
-1503036854
219893149
1483676199
2140188236
553531850
537033491
1123561061
-691101421
-368604651
-557080195
989432362
-357641464
-1740168197
-1155017876
-1019765868
1519191704
-348195655
-2115003019
290493972
1917990001
909111182
1717385780
-1947193315
1557924129
-600054642
652706451
-1500182505
-1196680963
-1781698379
-1499128244
-2146245479
1660677699
772168510
-1634486101
-201571368
-1887349374
572912693
-40419944
-2100236711
-771716039
1105086539
1489068756
-394886930
1082144190
1739079145
531759491
-145022497
332216929
949219206
-1763376151
1475466598
1446704337
-988555459
1540025208
-751098528
409883069
-451502183
685060874
2063863874
-3619394
1521266099
-227536534
783315785
-1410187917
-1800161153
1299669016
-150641675
-1487967251
1473511778
1682745933
-2118439753
992222030
1958740486
-577722308
-1645879064
1509385132
-262102158
-824005990
666811389
-875959238
-626699692
-1154696608
-196624391
772577961
1414562977
1194029263
1457932066
524833995
-1735490465
-1672688716
329809143
-364005254
-38956095
-1041137171
1941238368
818802103
-701776268
-1412391893
-1381842649
-810813675
-1983910857
-2114628104
-1939082585
-2107104169
-1706489679
667650811
-862773822
-1929540776
468145278
875508859
-751800297
-157045973
1328624522
414694177
1831442036
308583810
-105509726
-624942847
555432073
1184528979
286723655
2033797083
867302367
812437944
-1457066810
1734596509
-409189881
2123456534
-2097222267
-1436317396
1327306262
-1390321535
1527305118
1853217123
2027683152
1300701535
1004700081
-592287653
320118562
-1080180917
-721853195
-1411675924
990148693
1582770747
-1693909616
707380340
-240906879
-1327834908
1602820137
728061654
765219007
1666305628
-137524038
2051860165
1145056930
-1229269503
1986172586
-965149118
593327718
-143910503
-1370613222
-320862366
-1019768470
-57313862
428829310
1360449877
909229531
-93769620
2143053424
1957028259
-1579827022
851899916
-1472987968
1082922423
1178551007
-1751170958
441151183
2139838625
79908294
-318534570
509404188
-832278249
-936469782
-1187381009
1643324191
99822524
-278091033
-1921946148
1756857173
-1704172124
-1038821467
1142735687
1082420380
521386775
-730212918
2026596423
1112537024
-1764303211
-1716823696
449188742
1489470549
1150868506
-1398746600
-703722973
-1179756602
-1713910621
1103065565
-1881741095
-174155346
-1006912016
-698551316
712072032
200098150
1212535434
1745081907
-1558223341
-211367714
2017648135
139786840
-1196349998
-39602000
756351372
2142101996
508766761
789668210
-887354222
1333393888
-1461334607
985421387
-1178819091
-393696969
1757884598
1001356488
679641354
1764300540
-1536181734
-1886140944
-1680202888
-43525258
-1277476232
-1133910891
-2073887063
-925232997
-1078506101
-17263380
1285743096
-2010876479
-202312239
-971028128
1307576557
1076140699
1103326827
-773435230
-17348160
-192068254
-200130745
421710084
815278107
-1893300142
401121152
-1089080057
422105124
-1628095913
-1263955452
-657144526
1322270138
445957896
-1978488713
834513700
935662590
-968259116
804098134
-1542452756
925100308
-1543427974
308989535
-2011572328
1324878378
-52846402
-1864217552
-1767554037
-1338115144
673119577
291281966
-610698988
-531154423
1849353776
-468576344
-916535365
-1663369733
-166690871
1966816059
-2050500899
1663568386
-202224134
1264575863
1531356922
-1529363598
-1442378270
1393122242
508395341
-311223299
-1110590691
-929744516
-332851172
80613241
-188730317
-601510557
530749009
-461981210
1175925328
-997349063
-1249039286
-504280657
11110458
316532644
-1186171924
-79015376
1695276158
-1826493356
480105982
-1004715400
-726314259
506094186
-1748987213
247792719
-1707026106
1446280472
-1396883576
1682507642
1277823796
588529284
-1824076208
2113486141
232776058
-863909647
-407080564
-774911968
435593324
411573792
1215623680
1993827318
1592113568
-887754508
1039223170
222415386
-715811611
546794836
-1776445676
1321833979
248280180
1519000148
-844840907
-1683001893
1019799653
-1872086378
-573811853
1733981139
1045136740
-1284813074
1049854021
1101021978
-1279733084
-161243324
-1389807593
1329134982
2048369427
-1620251202
729468069
153627985
2118077902
473610270
668835724
-936673504
-1983088170
390638440
283883293
-221472703
1709863172
956968391
584338548
449023284
-1905643974
1332617904
-1512134967
892058732
1098881755
1167609159
1659820037
-1461382826
1091612540
-941361918
-675205480
-1147669606
1359571931
-1420185460
-628461431
7497376
-840771057
1576827627
1626878925
-1474749099
2126156033
1425045220
309192669
-944798162
-1707382246
