-1921043046
992032990
536668406
-1470002326
-188608204
948399857
47682134
-2110558275
1633939641
175648788
729387989
-1422741321
1508347460
696315760
-324539720
-1008294330
830138826
-1023177459
-1464237361
-1326446486
-875533806
402848903
-764417761
-1896065273
-1166374395
226960128
1440089281
-1645778179
-1728145881
1686904920
-120129015
-1908636555
219627109
-33523813
-1984062487
227109501
-1461190640
-1885812037
971968407
705392599
426683433
662117758
1127843437
-2040041202
210800095
-368127047
138031633
127606729
1408562517
646831806
-1024731435
-345559197
1152854695
1973866002
-1449025440
559363770
-1139405522
1277081443
1086856333
2105891654
-1763187965
-1455609416
-2130673517
1736776046
-1594024766
812359658
466132069
314686998
-486207088
-1607129518
-1356586918
-44931716
-583796898
-1095882813
954341648
1611567940
1259969390
928486842
-832322162
-1278494768
-435380459
-1206919212
611855272
1432172245
-1484374845
-1126732161
238161575
1500889898
-133768896
-1001024268
-271307736
-1809701917
836494648
610676324
2118771524
-763185506
-576466183
-439920015
-1302287887
-102087908
150283386
595725535
-346491737
-1294076909
1247401374
-1927322485
212563014
299600193
824223418
896007579
1229573686
1082660548
-2019947692
-1719029002
158347983
20637096
2070855982
1230209782
1234138619
1509771714
1041912706
1207864156
1059950106
743538875
1333005966
-923381628
1712626981
-1180701073
2044012370
1954661337
587655189
1649101431
-1424811113
-1202602614
1538285701
1952551684
-1552839117
-1760502403
334800022
-672605970
-870374517
-346290301
-918382318
1596209420
235217497
-1790316851
-1014693421
-1709271355
-538321745
-1323604833
1792654437
999156711
-463329988
-652911037
1202684138
1794851255
-988916532
-551492033
847531326
709404488
-1251761131
467430601
1333583451
745519376
1678433711
-611505285
1387256829
-437744201
-1695962012
-48852926
-1434084728
366091314
1669073322
520676252
674731817
-1225625840
-76050324
-902324734
-1853287876
-231327468
84588560
-1420091230
-729519123
-423846141
849755061
-716651184
-459331807
-1896527171
-933285444
512195006
1113634454
-1272702062
14456714
1454791147
-507086776
1392445390
162223499
1570635225
1113686806
1917846421
2130706297
505179778
-1395578203
-1328676618
832427229
1302787596
1711758724
-2030215879
1997456854
1159479099
1609712017
-971419781
886079512
-1269532634
1123594906
1930243197
1859569719
-1367053267
1114474311
94213048
285451045
627296554
-772292554
-313599565
1715082233
1532363749
824968551
949437337
-1363643919
-724004915
-1351215655
1556146181
1186175674
-2039456283
993463669
2127055136
234652910
1098635004
501720363
-1396573202
1175320285
116245793
-228863654
891482340
-310876785
-297213868
-868785547
-1964232259
176046089
-1334119808
-159806494
-730584947
722676431
-860764504
-1929415387
-1684749290
848621482
1211324257
-801359555
-358150823
-172153429
-1931087744
1567029326
388629104
-4795025
734803987
1178984319
1249626778
-2009883229
-997961068
1422347045
-1880516713
1175460810
-132606373
-167221471
1858848822
-1932550851
-1083997612
1484452229
1420369963
1899191411
1395649522
533857149
-675993306
2058473090
-648439709
-1183316884
44765472
1624687845
2109846789
1137584981
-649618953
886925183
1932387095
865612412
1572466237
492915424
1985989299
1677533516
-326340788
-200005946
-266442500
548425851
1929629853
-398855963
1221168531
2103708779
352588889
210067434
-1398588594
333019603
1617968432
-133489987
-1702764501
284663966
1441974634
1889671174
-1973839742
2072887571
-680899781
1164702195
-1522929286
1661163317
-2078887334
-358075849
-2143232323
1534750828
-1755768108
681695829
-1764042897
1846490980
-106875620
-424236003
-1716302245
-1456874956
-1455383705
762050167
-1103627921
1686515395
-745691082
1333586527
-238773142
1491515750
457482804
1846197295
45370067
43973070
1756320065
1876366628
-2081401556
-1300553183
1476939982
-84567782
-463186585
-532046747
-1676627093
65635482
507645593
397214245
-81540195
1357948694
-1451813907
1763928654
-2055328268
-1534247566
1549888218
10105177
824852573
-1552650042
1827642520
515088302
-1403655500
-2145419934
1445718735
-1806298553
1190804637
-845560302
2046401425
1332906388
-1174987628
-469346398
-1748594550
-294993250
156390465
268148900
-1100833418
2069708398
443190800
1920754032
206655954
-736109649
-85714943
1581324395
637675990
890758802
2065596348
7696012
-1079616863
1453900529
878664680
-482252772
1612361142
1826657463
2026886844
-5349956
-1093722201
-1583576450
-147862059
-1896611412
-419613169
-1194021255
385522506
154793289
-367443772
-10919533
-1729700867
-174148905
561642061
1548412120
-865351885
-1793273984
1056258961
-281701100
1921772391
-2081171043
484947665
-2042381127
164521050
734680883
-83300904
60825605
-330506642
269658303
-1379149968
2100471652
541981492
1721029686
-48240616
546491410
-1823937725
463174726
-1133678093
883010308
1470648651
-463304734
-203190270
-1661476344
1685045865
-1354088963
568135829
393321258
-733448260
-264644204
1032131326
-1142592934
481232183
-1798776334
-1053078392
-1481055925
-1488639560
-143224017
-691853145
-321913443
1810369625
-676609287
2017998960
-209529539
56392454
364522902
1526048075
1142367500
1567096400
-490043607
428186342
-1007573570
457627263
-320262861
-502735764
-1483912444
635188717
1130787932
-512362250
-628829971
-1627698031
-1211658637
2089997121
1021131657
-872613670
399592627
-1077776223
-2038027057
650064318
101073480
694960950
-1041288000
-832012783
1938164496
1548837724
1524596683
471534874
-657212763
1668770919
-1716549773
-26721182
-1897547877
-141037424
-757421778
-636561713
-415135994
-780224471
-2116499568
1150990578
1829391422
615530520
1116625321
-820017508
-1441726235
894774146
413371562
-373609033
-1100895959
-486630203
-2047255602
1696068178
1857620038
1923262892
-1820474761
1258430461
721590606
-865116451
-2146538346
1402403926
431411244
1762002582
1244367184
-1764241692
-605165850
-459823464
-1590516770
-876277213
1887157025
1752623458
66299572
1272127967
246251498
339928738
1525705956
-1664419131
-1148565582
974225128
1186563525
-1187061962
-1157387622
-2076754276
-1662972209
165934430
1368657137
313916466
1109837769
-1382075771
-694400518
-650467941
890160421
-1943722076
615171826
1210446078
1397122218
-722369733
-1896730032
-895294296
877750355
592731233
-1160350898
1284074048
-2026677385
94411548
-438661720
-1409654466
1164420649
711463410
329416099
1199957149
-172166431
-530113344
2036879440
1233369038
1003407963
-578103095
-596378607
-1622077712
1193445822
-1264956911
-468075172
-425318850
-40167679
-524549653
-38077506
-412525368
977860490
-1885922607
243399459
1150076518
1372761367
526884211
-78586540
-169973528
-1962181407
-1152670958
-2050112
1451399314
185402622
1318045965
-627719810
1397958599
713704454
-1256797765
928636306
-1328194045
2086205177
878792316
1092552046
-719066610
1436053856
-747090166
1539266492
-834059410
615207857
-1722969580
1191759706
-195416292
-1213479945
1716200205
471787173
-10003589
56102066
1879298368
138193658
1599620997
1928316411
444861479
1871053946
909175111
374861036
1390653693
1480537612
1466353551
-1738633922
-810639982
-22160985
-402556190
425517362
-289203107
475454673
-1500657229
1426131893
-626885161
1719746914
-290860078
-1158229826
1411478278
-1206016371
1566834978
-608636934
-433390249
783212064
-1458722929
592119211
1898055601
-1462758902
331193406
-583658035
1067121862
-1011270114
-1697766395
-702536326
669511339
-471137771
442824476
838436494
1653023658
-2143875111
1909148693
-1337935474
-1909646249
-840254976
-414769655
881330629
69232352
-717920618
-1484381677
-25802832
-466693207
-1505957345
146677762
741229979
-1276584168
-303165733
-340942263
1923021451
-1169595220
364366923
400765242
318271326
1690103636
-1086065932
610307443
161471025
-1914881282
623399010
1964154264
-205550591
-697648275
1337429871
401474370
-885681004
-547931057
1103714500
353078070
393101465
-447615346
684029856
-1021383463
-1427778034
1685485286
498468568
1213566179
987706081
986042807
1323362846
-162384045
-1215090214
-2094456805
715724677
836109474
284621239
-1238650309
-780372668
318103099
896899736
-1298472226
630935481
-1799399895
1725668765
739219522
13806513
-1440299503
880372429
-1186038225
-1441597210
-1119622813
1517005113
-978760376
-1688147768
1283548876
-1287193248
6075299
204893568
-1967719186
894880213
1619767964
-783932111
309151315
1702155806
1563592166
-923552384
218450078
-1451622433
-881301534
-805840042
1131234051
-1046062536
-999766221
-1278266652
-1162907656
1566662506
-1567506030
-1526793241
171879980
312023232
1368324062
-1439998420
-5225288
-233742164
-630911114
-1431375274
1389442708
-463297745
-251431733
-65301793
-923215541
-310787970
-1098435792
1577630044
-966679822
1298200034
-1036847628
-351015932
-1150524586
1060368607
1170048689
1899757426
1497455732
1084190872
-103195418
-1761070934
-125440467
1735334257
585962179
712530777
85248314
1303535350
-1524772028
1925959776
-1374560932
-1574197253
-414575231
-1560244077
429029080
-263515901
799291715
-523964483
832913186
-618106651
-545138470
1186063335
84743384
-670661716
-135404499
-381385511
331149041
-1725734977
316201233
141656033
-1789771978
1597544769
-1901876002
336954322
1773045744
-2125482054
-260621505
473033039
2024282338
-1112153610
1990413898
1326783305
-1999296647
-1910250451
-1000500272
-1417509947
905164353
1658713187
1558844405
1944453346
-1868300389
-1763649263
45874434
-438622694
-363702355
1214797317
-927541127
1863372231
1820899737
1333068678
-710574743
34979561
-642812944
-38407237
897405956
1126394662
1774692456
2057095756
509197934
1120405777
1193382605
-1582749111
1636088535
581013166
414960437
-1570595253
1218384587
-747679690
421001079
-12165416
1565240264
-1546107114
-198926371
1298176779
-471413488
1621116221
-2069685480
-2019612812
-1861521727
-1578723177
879478132
1365620540
-214571486
-1582505260
1516369740
-238419059
2129953598
-1232262803
1208774335
-1772059344
1242297271
-1502453273
-1763827549
-538401673
-2114027821
1486290521
-1517902663
1454474076
432172762
-1606336980
-2023706334
108971498
711277476
-1829943518
243816722
-1404633893
136202861
152128153
730464962
-107243902
573396715
-123192561
-415872853
69499371
-988948062
-2139892248
2067151344
-241717185
-1253441674
-223410833
-138498533
-466108307
449644162
1911938842
-545742836
-1888902905
842929191
-1011301871
-912276435
1235051625
-521545626
-1662756367
2092420586
-422378721
1498583666
-1480554036
-716433312
-944314232
266553984
-509312140
-483088812
-622320202
-105098014
1144950520
-535384730
2058645144
1885106771
1293043311
1518739589
666125659
-1387585132
918047219
1032908197
-764151796
102626871
915845104
1137959599
1241273473
1551632570
-277236322
583298489
886584953
1684001750
1776841675
-36066186
-731753470
-704048359
780770270
-588087568
2029579291
-1911195982
-1045921513
1291686260
-1486144615
1313882251
1764422171
-2000449076
1187961934
-499769699
1280091823
-1996291149
-265719194
204199550
377308611
-636458875
2034060308
-650406338
285886386
-1188778442
-947005586
-501875084
1645099208
-1615914620
-1164242282
105986451
-827121660
1453268848
-895395303
1404155009
191761950
-236068375
-1239598693
-470987670
-1699342133
-1527364662
170468018
1897072080
1243170366
1705363463
1657089554
1892589798
448146674
1853861922
1048005355
-2107597026
1699302310
823070179
515145870
-2020045312
795434409
2063318087
1114252886
-1750553795
1333669719
-356420680
-1945619003
679949828
1269937891
1162308990
1994136301
-234684013
-36473514
1854556789
1654499089
-1577706224
1596089302
1282486528
-704247413
73049240
1668411691
2130859581
-1268583697
-1582100584
795005823
-608541063
748045936
2071498844
-240078235
-301104922
1947532674
-1101571867
941747484
1280293515
612245952
1445583102
1035403539
1907252347
1754071312
-182367855
-1383377745
-1832758967
-1950875643
-1751443146
-189699508
-841517638
419409540
-301462004
158384002
1636548796
-2021129559
-2025639732
-1746150231
-1490782569
-1462772245
-1794910950
-1617340258
1227283298
855195773
-1023978722
-1839016762
631576759
198627063
-1127987629
300496210
92752554
2107215413
-1593678434
429758916
-1977358346
1984166271
206522530
559077810
-1745225351
-38414614
-2124829102
-203191862
-74263326
1836477949
1849825479
1153748245
-474460504
-812055402
-1236741549
-1373735297
495425341
1769063950
-1783713835
-1551548777
1119369091
-1987086181
-1641077682
66851218
1945231486
-1999592202
-238061132
-1934771819
-276626869
-1028582339
1630028550
1025534259
863329873
1935067161
-1760863328
1236855347
807209141
-1464610525
-2034628656
175862935
-518943469
696559491
956566184
911503833
-448255382
-1488393766
1088537877
-15486857
251746902
701408865
1319678512
1541983154
-2136270971
835097170
-618998573
400018321
-1745053853
106550150
-561583505
1804157228
1806134040
1444954207
892892957
-431398106
-180012109
1080048103
1054080754
-717361542
-1746365017
-563116999
-1825767273
-636301446
-1356171403
10404127
1239975191
-405154027
1240831914
1821339900
1410881786
-707133352
1928041996
242130412
623395475
1489963575
760187920
697079081
1412942230
-1277007476
203731086
963400368
-1114610707
1337120606
1759969975
1491829539
-695133237
-1622147226
1529819206
1137590257
-1973026048
358879951
-1175311627
1577576883
-730658929
790446909
1696604466
1036829913
-71369347
-754619887
-1838297582
-2012332923
2049241579
1466346
-984722299
750645174
937368423
1631438958
-674031157
1196551337
1767897982
594237001
462050086
-892944773
1872987541
74500981
634141393
1157771539
325803768
397097404
-1921900496
641986366
527862835
383862650
1743898440
880762650
502669216
708476071
344640368
-364093256
126205249
233823253
886765896
466801405
1325926351
261508341
503960554
602866376
-2093724910
-68708193
-1811236512
1057712217
-308021389
955711633
-193439147
1779324656
755221199
-1408585544
-1081902834
-796884300
-571112819
-299658770
-2036718694
1744535766
1768755954
-1160691516
17554760
104703478
19128243
2055744640
1648520025
-315431227
-2006720053
-1735646615
40777974
991469290
-1977342321
-857618111
620791395
-824417751
-1434569729
954061074
-952313995
1345600450
170188381
-1055859923
936269121
435224599
2080006915
1304125039
233117461
-1712221040
-261301135
-337310778
1714063020
1328042434
622683045
1357346547
85676956
1100080078
449278639
687081360
-1001870829
-1542501113
-2069668732
1259959893
434741442
722136791
-589828591
1523407510
1665208856
-1897218846
-432239469
1010994191
569070771
483393131
-1779538651
-971154204
-2056616173
893862391
-330268262
1151528930
1283416720
496068399
-2043160948
814821130
1615317389
-1353129206
1367449269
849421904
352027886
-1170955733
358848381
1955448480
-55384890
1955343751
2074800851
-443198175
-416663467
747042122
639111743
-1962145092
1898991921
-1343560197
-1756209352
167421919
1184728514
694987741
1657853106
623640701
-2053904653
-1388951400
399052283
263767129
278961445
1938743065
-1442844985
-816773244
-899571609
165206453
91502729
-545829084
-539869212
768200340
-527654653
1071195766
1368665244
-686700980
2029534752
-1070759915
-1347290282
1323157708
2064210689
-473864325
-2118954539
1694225531
-12580267
308266696
-1649790135
-2044419168
-12908051
-204913470
-278650872
5366788
1738197903
45973276
207682685
1464714453
-1731479799
1558652155
-992152736
-2028798260
-1435895415
437302709
2103035687
828553874
-1656588757
-1893734437
31934140
1516763487
739879892
-1666057095
741464431
-879336476
-2070240195
-703364452
-900114899
-563305622
-1654833070
-897261
-704538126
547399995
1830057404
919645306
204575100
1790871616
518672828
1479346036
514632256
-139934485
-1172777670
-289301705
29220513
1223901015
472645149
-2039225780
-1255485089
134224812
-1085632035
-1748775017
2004397133
542657736
-2052555435
419894165
-1357662650
1798284571
-1306599971
-1514343963
1216730209
-123825710
-1324152936
1175153417
-1829279133
1058661431
1301749002
1782496877
939085429
-816624297
709102572
607160487
810402838
271806436
-1393163453
185336319
676442706
-1773622179
764524206
1228480818
-1291417292
-502002837
-477494528
-527391117
-1244624264
1397746318
1497548814
1117213362
1476684164
1927433976
-1058599991
-2120298721
1671067289
65471160
1628813966
-259061519
-955463355
-1537482725
36280508
1510147427
-557244900
-641994930
873871751
-1466928642
1576426407
-881051064
-367194357
163673373
1440281243
1596422886
305850275
666665646
-1474261683
100927319
-614503300
-217171659
-2044935579
352428217
-2071628444
-893023466
-729956655
-1688008700
417088999
1297266707
-333374723
628194599
127862684
882760466
1002065728
-590967696
1111037372
-875425757
1999207321
-644166096
2116742643
-1985579326
-280332646
-296846178
2064439930
1723765848
993089443
-1706359813
759802213
-1454384377
-647434157
1638592759
1828521273
500324519
-535107268
1711792467
453395137
1549718026
760247765
-1868277050
2115614753
-1682125177
-134884428
-786322395
598208811
1111971766
-969275140
877673661
-1508682511
2046259576
-108554733
-693441021
2232474
1682935353
-1695936872
-873172113
1176722297
-2066513032
1467993492
-76036956
-987994021
-1184054649
-1697236754
81464787
1220712479
-942483057
268584996
-2037988767
390971788
-1844674345
556679736
2056828360
-1752784290
1520285765
460383975
-596287814
1864551842
-683951836
-1454278880
-712529781
-1497322685
-551043033
1419727028
1575089871
1256938723
1155396525
-1753542327
-2089205950
1874303983
1641409094
-807766892
-2099421720
470279405
1256625525
-1213242938
81790837
-1281915881
-726166345
426630215
1338899950
282154797
231093443
-1942762591
250899343
-898606969
-1356554476
2140196542
-1436121105
-1707784343
310246820
-1541697962
-1852445855
-1830944358
1397921529
1592083106
-2020461410
-1321180617
2131437156
-105684907
99280032
1345567172
-1145899896
1676845260
1702401232
1846621059
2082239513
-942286461
1224797026
1715780617
-1708366107
-683256117
117109248
1995259149
826527512
1551019449
-1410354523
-349945213
-2088685381
1428437345
-263373109
728915177
152430461
768784196
-784300855
-126429985
-109800266
-990857466
-1232300171
891192317
1726605736
-547171997
1704741904
2133780192
646009351
-4269468
-831171997
1403501702
-1138015557
-233864499
-1073599707
567199451
-432852765
1487674585
681222303
-790724461
-143690467
-1820624856
-66542190
1116331066
1165336324
619972856
-1816019368
85221512
-1681785607
1587203731
787175496
64959994
-26649562
1961209096
-1874676898
-1170146915
1792558272
-411226595
-295222757
1938254124
-1819068789
1780800899
-107961430
157236317
1897900451
-1689209781
2124913732
2026880887
-1770662024
-85899368
-1387548716
-2101542104
1859620890
-723013994
-1564130595
1757197716
1441308598
2095928234
561931675
255260849
229214303
88810731
966438248
1401801169
-1463970798
115267536
-1377255327
-40186240
242320116
1998861353
-2031192247
947690127
-913810979
-1868326317
645577132
480887664
-1624763111
-2096744282
1194752071
1305564356
1083720556
-1070357454
1197500839
-1753908686
1428213078
31705259
1920298255
1957065338
-1451791207
2051761057
1564587934
-2028920887
-603023368
1782087411
-520802383
-1057633970
-1182734528
-1571316091
-2036884858
-774839796
1182806923
1269929264
-622886879
-1211569934
1298134979
-268618502
-449255054
-40782296
281458021
-866169210
-101229385
-2035889749
1804231047
1676063693
427867167
264466203
1400380955
1639526926
-1426789712
10013395
436716405
-1329481981
1789942633
1932469306
1459617290
1056904533
172355242
-1637809832
-1642593158
-527033264
309248468
548661164
-1242551857
-641665318
-835398356
414963259
1015730183
-1713306207
998747140
-176960276
-2147254577
1956096147
1857571612
1959195923
-640015727
-1424118893
1716271429
908803915
1543813040
-682079639
-1049795001
-2081977720
-379984366
-291110919
255269892
-1129535381
2064339166
994874551
-830579236
-372649256
-217145722
739582042
-1497998765
834299589
1270906119
-113642801
-1183329551
-1269565356
-1745017233
1469421680
591175273
45683748
1084107167
-1237226123
927901949
1923498468
1694858066
1925543082
-1191438560
2012486696
-1470491811
-1545443998
823684700
-2122149505
-191194568
1578771626
-1930631051
1835967172
-1947276612
-425058878
-516401969
-189451596
-672568274
485371336
-1962857460
-1250247999
-1040873349
1582962358
-285033991
509147429
-2143239483
1772268942
-509050454
428928057
-348114402
-644925485
-887537693
907063046
-372480878
-92361669
117780409
1126304540
-655757718
909363873
-721324680
193975202
418720175
-2093596864
-1770728505
-1822597714
-263460371
256263454
-1598550262
17607126
-1812453320
1380154309
-951147769
371528455
2106256243
1606345784
155365067
-1015703916
-494473009
1685797157
-1208403250
1235945874
-1985029998
-241297834
-1685963435
1468256098
-981279975
-326655123
1253703959
1768940942
-1250538977
-2022853168
1254609443
470112473
1227186751
-1758290463
-606071552
1218344848
-833081161
1841238898
1324231701
1392006438
203919726
1219097976
-1423126709
-1929547009
1332054328
-1989160706
-2114340368
-1672371573
381321303
-1440259237
1822151390
1223783575
-1006821052
113216423
-1853803812
-1903638049
1684201392
-1566154902
384609603
-2008459033
243493829
-2071964010
-564085020
1111702794
-737569360
-1064189257
-1332738263
1624171219
-376412829
-169081496
-210129031
934864267
-1982633321
-1382860280
-1915067167
2094379538
-1773827824
2095597230
310429680
1974207218
-292436700
15632473
765359841
-482178640
-1900161923
767790699
1948063231
588142949
1625192221
672307544
-1550779835
-171645298
1070193826
78958746
2128173636
632139807
1546951115
-1471519768
1243097417
993846749
1097462330
1420299174
1722417342
-2122211347
1385724539
-1346921314
1198046160
-1853391961
1102599748
-1641962768
1560914258
1299493295
-1247766786
-956221369
1276278752
-819267258
-634028413
205687117
-1209122745
331533533
-1276007895
2019540576
-748793308
-1298275349
-743937537
-852018299
1008248522
1564931583
8374358
-336499812
404758121
975313688
-251329149
446401237
92334955
-128819916
-1859744798
-864017310
-488779743
611208998
906666012
228407150
1591808670
1155972268
-1570090579
1126381389
1349405411
1738524608
-1030983776
1239898868
933261116
1903036206
1987347869
2070343594
-1301167384
-517047706
-946461403
564175615
-845051137
474572435
899481371
-320604163
-1253724784
1591570668
-807497339
335960989
-1900765431
1070697033
252865940
-1703900036
156647899
1709277176
-1858446879
1869498830
732994653
-1482537519
947115257
-1839891054
-403732239
-893891193
-1056916453
1857639943
1433715813
1867218752
-1284695489
1043399262
-303038821
1097443176
-241933478
1635845808
-1571499669
868314562
-794255392
2087803697
-251739705
-1959974465
1401048202
1300875942
-1464750305
-1306122221
1067971161
277955604
-1507371769
-877775484
1357429465
-12315719
1908458263
-2017033468
458589354
-1300220096
721219346
-580372734
1578646588
-1369030353
96716106
-1469825028
-882803495
-387940445
-995665086
836058200
111197672
854153791
-114087787
-383284364
-1027895185
-452650142
1920690709
-412558341
842838233
1173526679
-1868754122
-1345205382
465301753
-891720111
1140912557
1150380850
-649314738
1903411927
1195042644
1863040559
-758298488
706528381
-1131913648
-1271298919
-455963574
546068244
1115642740
434694217
-391526863
-241458013
-256781592
-1249648993
-1037626859
-1175091882
-2095111419
570053522
92093070
-800001354
1955060099
-306482681
1187839162
-855442918
1918248662
-460677785
1316897852
-879173027
-1559256108
-1330515861
-584932473
553810128
-1066709606
-1528998599
-3109797
-857753230
1114692528
-519664972
-1764029297
-435927458
1739904107
1384885007
79827729
209085060
169280403
-15792221
-1368162005
1565942683
228538180
1683516931
951421959
-1971925162
443442969
-1705170356
890712692
255629269
-377968250
18176704
860605162
971123550
136223621
521824406
648211915
179260236
-821879180
-1988904437
-2103558165
493018694
-1226534851
632549820
-507846318
-1154797132
-116465225
1457147703
-23296960
1482448495
-496095413
9503950
237269105
-1747204937
-1231044646
748328623
1893660321
573756265
-572944930
1087215409
1339430993
1319800433
727629518
1780438128
612394955
-1661695875
-994464569
1345538843
-1049664412
352142322
-363174296
-2047970677
298899201
-875614429
314755325
199931416
353039067
1999417280
1347918046
-1164431448
1106460294
1224405388
1501576217
-2137065592
1721534766
1459514450
691338062
401448318
-1229426652
-435858151
-1783239462
-2045927650
1062025368
-928289130
1512238648
1545105244
-1689714264
346418401
2018463651
-46341278
92770969
624779371
11671038
292427940
-1032828573
-779690961
-788662536
-506320848
430304626
-129184984
-1258654869
1863859018
2140826283
-844420862
719959045
876795191
729069740
1718227476
1667042345
1676437081
-1210617256
-1101209972
-1777055977
-2524036
-386211438
1220230379
-2136857783
67970158
-1602911417
248315828
-1974296544
1690915028
54151090
-2120707489
829817280
1261328955
17044186
-1446033004
-889344201
-1681265555
-1445314209
-47054187
1552305892
-963185403
-153995914
895206907
884786454
1576363845
183382066
1753702820
-2067662605
1127868711
674888452
-457167381
1762362266
-119358031
407512453
-398626278
-1216500340
226525325
239786866
-106226660
1566400071
-1674148136
-803760394
1687414
-796990925
-1449133766
2074424111
662376312
-301946174
455342902
-1969478933
1798260911
-735089455
747926466
-812068943
1333476765
-1222426284
1905806106
1533306120
-603587925
645639219
-2028260912
1423477747
2012755294
-1600475794
-636861145
1749342906
2068249289
-216186746
625353890
592772335
1935036738
-1152258529
640175319
887281583
-2101886632
844387297
1048759176
2098212392
1737751044
1233045152
1507762419
1169656412
-2121399267
1397846716
321806952
100429348
1239529745
218144457
1030746652
700387446
-1369018159
-1143868303
504455229
1731734250
1832524557
1099625369
-1197848250
-297428103
711473057
-89066558
-245611117
-432480632
1982030414
-92448847
1308769848
1015325988
1079993772
-1049700526
268417805
951520143
1627720031
-158661671
-77693427
-452840453
2044202889
1995532842
-1787166752
1718438293
-876931713
1569978235
404595125
1759784900
-612086850
2080277558
-411850667
-637771342
1582381343
1196534051
-1988078475
631883275
-1183384246
137577158
-37376949
-628720893
34588264
1538868997
-933115293
603774622
1526558236
-595996402
113427890
-2016192725
-1857785421
1479903095
-1037531413
781033488
354531737
-432029530
1323179793
454008525
-848239602
-954594958
-1818660020
-1037433798
-1709177062
1424945674
1544114688
-1636221421
-1261888066
-1057864427
2038908188
-1669104458
-78080917
-1855255270
509851055
-2037722838
-1020548937
562957346
412628160
726968163
1116246094
-40531556
-250282658
-1753734973
1174248230
887986815
1788609525
-505867548
-1772894986
1612335029
-412277021
1242410644
-1382782488
-2106640713
892097610
-2033642720
-1788276083
1728493684
-1952204505
1933922773
-1307079920
115368567
-359576157
-515136061
-221529682
-1175611832
-976203095
1243734980
889448549
-531326191
992253112
-946837828
1695249899
-1432801916
452364281
128187425
62595553
686008828
1789694355
1979946173
-1451923384
-1316080414
-717286850
1156169138
46702643
2142340433
-1301674474
1112417727
-1282944578
-1981729283
-273134159
-338971967
-725190850
-1981693872
-1781402509
831777659
540188089
-299858475
-784857056
109623705
-1022617448
-2024240167
355325362
-1247688719
-1414611813
-1370174129
-80175252
-78446324
-1986996724
-244627724
379330606
-654446107
-1208594889
358228403
-758419445
-925887248
-1431555048
-69034166
858463768
1846298973
-383280042
1511238956
-1829071994
-1461847395
446565488
-1158659671
1393038323
1773714468
2086462773
658237259
1228140284
388980081
1711833209
-1560667517
687650582
1851374155
1153627653
450059653
1972867486
-1718564020
-238699569
291317359
-1430981587
-1346585949
704157034
2087717808
-1975295183
-806813420
-1782348097
-1886793049
411502009
-980496573
-1711227395
1341080714
234234511
1111902002
-1613846323
-1944326775
79157899
-1248638456
-1605261110
1481386546
-1750879194
462085652
1048058672
1473259287
259378253
2069524752
986359762
-1801668947
836026487
2139781801
1870531409
1316561270
-1174166023
-1754643650
345690250
1064784994
-169106792
1940574952
-798839472
911610226
-926025121
-1140110150
107116123
1598228127
-660035917
1633237577
454745727
174911225
694471332
-2111075474
-1709607648
-2076958190
-1299736443
300371530
-1409378331
-1765132900
915635390
755590026
1485065131
1727501648
-2016370209
-1549749525
694497468
-2016922351
-2112806407
-409426944
-717093312
-1186021039
-176785111
1613487922
1217884402
-809504333
8588660
-1831625976
1170012439
-1608654350
1897652186
-1937245783
-1224641620
-1866099456
-1848919387
812268190
-293057826
-55638414
-1143312127
1127859419
1640913343
173174298
1692402641
830557439
-638300362
-517236235
-2136686657
695835610
-1319646154
1694401095
-1550014315
1970518320
434352433
1250851844
-1738684981
1484029628
-787263793
-1733579406
676734048
-1865951369
1311469019
-2138003189
-687889939
603074329
-941137283
331633319
-1138961162
147510751
1208458926
1246917338
-1771329917
2146589839
-133007385
1013947546
-2115014418
-1937494855
1785664539
2093173029
1824372735
-1491934914
-1727155736
1591561761
-1068118475
-671931626
-699416568
1175065092
-1656947866
1271991885
-518686707
504046261
807270538
-624401586
-1996623795
-9432461
-599534382
251136099
-549332710
111525622
1412798463
-267542661
1382046006
1032873683
-273074702
768488494
2052636037
1978085668
601466750
1886209534
-274534396
1288571751
-1896530811
1523823328
-1547441671
-1600847450
2107013954
-1391704582
-1501915796
1179808984
-1507122974
2082729644
-1856712235
679465863
1859262298
1831330772
1950584854
1880537266
-894274444
-1697892530
-1145030229
1495700724
1490736681
1558814137
1132779295
-1464252955
1053405238
-1498845568
1929095617
-698400833
1639210729
2015567896
-1583207273
908209476
1554780987
-761346938
350662803
1109862879
1813834787
1608796708
499582980
1815607817
-1575694040
892830883
1441396047
553444846
126149176
-1239596461
-783003426
1193744975
-561409864
168161697
-1770644905
241546153
1710405084
247372513
-1856313071
1123932055
939932215
1750151758
-208900157
629178484
1796022933
-1039563186
-269678722
1889460036
-756804088
-2082189831
-1682213412
1539864532
1422242112
-268297252
-2091883911
105667359
-350864608
-1794098951
-180801630
1852384242
1398640269
1362471954
-530896308
1884133843
370494856
1429401894
1292191048
-322560481
-1547783810
88548667
1418056627
879839090
907316446
-1789547938
440202930
-585609398
1684230636
1811122152
-1283739041
-781306386
1616523988
-726398206
1544216062
1916977292
1782951682
964717418
2067030899
560248225
-1714085456
-448890762
1004306936
1279327133
-795728448
1673957977
685770762
-1392345658
-699800885
-1670810716
-389564252
-959382693
-619341959
961187600
-667922513
-888462083
397473042
1188824442
-1807099464
-331699126
144842837
-267028434
768103139
1581722059
-459248760
365902695
-1815428833
-1135149809
-538698288
1044360470
484261274
-2112124137
-1915036734
87077858
-309485193
-1707573516
375489849
442477168
1330760126
2085351599
-463627159
-908444957
49915540
-585656728
782076468
-1773211994
-690583125
-659987519
310924220
795899496
-1654364165
-1285276804
-1885694664
-487133592
1423508145
-1448110238
1144509963
-306535694
1573399399
-1054913946
1697942034
-266856152
-162818154
-2024619766
-1427221443
1703239685
1930426184
618488834
1309498977
-952308321
2005943057
192938262
878893643
-446526293
-2048690881
-652911028
-117047273
-1253368250
-468704688
974281541
-82698813
249050098
-65231708
-1180941081
1501400062
-1838889506
-330707085
2017345340
296393798
-1261401751
290544896
-814683751
114349105
-66343959
2086702094
1974837506
-881980919
341636519
-988110701
-415693620
-1328269666
565745966
-1267319893
-1341742716
216141912
-1726074171
1258536655
-518920689
1346487179
-665273288
-2091241914
116836114
-2123736049
1994619102
2068530907
-1701399405
-548031474
90381784
-346637617
786220512
-878314465
1112717974
-1092629999
-834781265
-200068972
376972703
1747429804
-1405429626
-408285169
1521217936
339897984
-982360227
-1964284069
649932389
73625396
1780197505
-9189768
1727625975
372855146
1157817530
-1379863817
-1486476603
1809921588
-353122640
-483677304
1631552502
1618721223
-1378477430
1753321681
-585148002
-1343899026
-1979075625
806635392
-1434679744
1237457601
-436677199
-1445976157
1212746387
-2128547050
1101429023
-230814410
1787614345
-1377573322
1081087419
1132011005
439841420
1522961747
-258944876
911906964
256063242
1844260665
1148073301
1001062596
770215987
2034972356
664067494
-1840693993
373856257
1599478929
-422729007
86866349
-1763565448
2123413496
505050537
607577168
1838465071
-1631179975
-2097981273
34641350
-1121344754
1418387188
-1962149803
-378848153
-1634589864
-1643298594
-1569034770
-376546322
696807147
916928946
-980436922
-1759693165
-1472283450
-801337756
1833686759
1192801112
-1718757684
-914251620
-1084886148
1357436323
-455345209
-1979104670
1845706099
1305319948
-1358864978
-810577643
545086429
-1312797576
-1744846806
-2015163487
818125207
-1463047322
-1833501866
1504466928
189804463
-1653445496
-904370490
-1905759328
618484223
-970918251
787968203
1177553911
-732175842
975201373
-424286732
-987571949
333966457
1464739101
971943126
-2021959579
1235571644
1111281172
724171280
-1095454112
1932611190
1738010966
617758857
-379447444
-100951301
-1729229345
1397842427
-1662844895
-828076660
1973480682
682746805
52346033
1269521589
-1410465661
446180252
1646593956
-1903538186
1929746267
371460466
-1757900853
404010149
-1220478501
394989658
1302572398
1673837842
1777648763
1094747291
-486099257
-270160405
1885213523
814211492
299018164
-1201078814
-838970639
-543474609
1184501927
570117004
-140326291
1751057769
-787644192
-1663545972
714224315
1915809906
1024974814
489365744
808185664
167248544
249719314
-876963366
-152454233
1635257897
-724613931
-881362333
-949099788
1246436802
804576668
-1988316229
-732605480
-972581790
-1248622486
326112660
1193682503
1346504011
-1247669883
1446252480
1630037575
1954941002
1260729964
-1027511784
-2055194613
844205628
500251143
-1559619936
398305600
-942507564
-659290080
-1019969048
-1467497563
-505511780
848927762
-24050252
1716368609
1352243257
298032831
-1583259169
-1153294448
750744562
-1599574073
1973706619
1234299294
-2050435469
1409093109
479593021
-2079777832
-177357875
-560950531
951512088
963487424
-846094400
-994625948
-1498163417
-452910944
-2101910467
-898757697
-273659441
605540577
-1158767579
1681911839
-2029655772
-1866163044
1342455383
-427337013
-2000941685
-1988188047
668796137
-1607465681
-2016313951
1184809879
394263732
-925458923
-1196657829
-2048921548
-390330091
223607826
-224178322
451910895
-407150606
614761282
-707617039
-1076927550
830751227
-1191988681
-291809473
-1986829804
-157912270
-794883538
812543010
-1155170810
1774794668
-259864957
876160045
828845325
-1954162536
1326847846
-1911042200
126914496
414643584
1979962319
1881850930
558167794
-880466481
-1454909778
-138164637
516040195
-964841838
-693601433
-1663026000
-1877940621
1766346882
-504959619
-1673078701
-1955413833
752710210
7880588
283480811
-1296961969
1014901476
-565936772
595011232
532011288
-725356367
1124609523
-29006710
605010910
-1959399383
1757935371
1884294483
-1772603339
1261326152
-1634903483
-1518989286
-59771512
1622794506
-627131460
2058965914
-129852046
1807813937
-1546377059
-1936495221
1187825996
-1519325115
231575766
-1680610232
-2078624506
-607651876
786851853
-1578690895
-67187910
-879132901
1947066835
1643005522
-1550033282
-1265619076
-177586919
1325481924
215229433
-856741423
-1843342622
-1014878893
-1352318152
-2008138872
956554298
669261792
1299124034
-443702225
-1434311834
1390295561
-550716183
1627533114
-314305444
268691846
1166387810
-257776124
363126901
-430124331
-912126952
353099283
1206757728
1696420633
39654076
-1950292064
-1591482535
55229503
1147854496
1365319765
26967707
-31150238
144299077
770059864
1385183251
1004484976
1241261618
93857672
-2079223467
-1831889395
1832888327
797337861
365369299
-1696088905
-934854959
1916265205
-490552501
1853561898
-293961058
1496177797
838468481
705243141
-529177260
-167742418
-1051364050
661691565
-1643449666
-292790215
-606965192
-1715954320
757824999
-618810492
993063202
1909133549
1349504939
1409002118
-564435003
340647860
437267082
-780811121
1985848640
192870697
-1926809665
1557310804
530241324
1339114157
881734032
2005252779
-884855276
759616766
765517543
152568466
-1190865629
73870302
-1559415774
1333677429
1376203039
-495571982
834383142
-110794576
1999805078
125510381
-1659194182
-1030578863
900466518
670377453
-1847022319
672026403
-678996191
1846309412
-734171736
1621821415
1679177633
-1192840261
5065298
-2032438556
95212441
1119770354
980219792
1592659106
296075613
-38058101
-1686183898
-118650127
-300817277
-1903312280
2020065258
1943093552
236467931
-1464722062
-1900963873
-1063713589
903130267
-1387353667
-1285468287
-1817946619
398763998
688591849
2088015714
-515059465
-876433585
693298891
-155000587
-1127732521
830102561
1147868235
1515552681
634797949
-782716094
-1545820017
-1275574471
-150736093
2123128271
-734721192
352664386
1939074156
-840141623
-1572965460
1333994517
-441816409
1339282441
-623283787
-304603954
-748045228
2037000305
1909109481
-1613861211
-796845594
-609014428
-480353174
62606723
562555082
-279982729
-1225467986
-1753462312
-744772953
-1838933400
-475902622
-486962261
-1521017625
-976203698
-1505359221
304622322
-90354570
521820178
-1474618386
1214855459
-350510646
1481145629
1476881330
-539537398
1746020642
-305837486
638848323
2111683037
421632785
-1888501186
566485880
-1198422387
1305667901
2088396430
-273939209
-688512418
-1568386204
-1796291903
1661174488
-1227079239
1738819744
-690852322
1796633992
-559729088
-1444767509
725989607
-1126009873
1427243299
-578503964
1489205453
1558239445
-1224821071
-1634588206
-701716313
1046837889
-1362098383
-279306263
1036111710
-885081949
105775347
-1625018164
-1697160660
-1448213389
-185311327
-1879996333
-1875798523
1050560281
-1924530982
-196292211
-490253228
-1737504177
-1746520576
562235912
-999078166
-368605372
738614097
-2021669553
-149606605
-263585853
-1457357772
-634673997
-1441465174
1409811860
-1408097067
-1865152690
-1654892914
-907668446
1514594547
-217106876
1693617365
-1355997091
531339256
-671051444
-1699601311
-1476525343
1293227593
-1458274450
-816942479
793698391
119625695
-863754226
1146288986
-1649658853
-1658296298
1114454056
-47347595
1328374047
-1229264187
1766471644
-789632677
-844698354
693609102
-1067699155
-1736469425
673368500
-1463646090
1348387077
-792618501
2118733980
-1476573001
-1595172996
1960747103
-1276390150
-2138425132
-880585639
232413446
-661917749
2124421870
411376344
149890682
248048186
-2071575978
1723277229
424076537
1246685765
716565859
2006868040
1923811944
-1770404448
1054271620
-1442575781
-184397433
1855430361
1182453400
82532248
1260479589
282439868
-992249220
270721471
-1646839274
1352920056
-636060187
1892201175
-713745500
-620606718
-542592656
-1211591237
-1281522622
-655032263
-1232457225
718301911
69488839
-2138381750
-260284634
1974371635
561902170
900971221
220245837
1321882545
1726126185
-2466992
-175608713
-576202094
1931838942
437296171
1398451898
-1838497474
1385170324
1876535861
-2068895792
-1856636860
1997713927
-1031715267
-929983514
-1718535266
2081883211
-1330324740
-351607884
-1555172038
-379167169
-973238990
-1614122035
1526285237
-834993150
1342745102
-514136777
633416041
635615396
-560064558
-445420738
-879810647
2040656416
-822432585
1857004164
200985163
1258412170
-29454323
-1241168547
-623188122
497190020
117311910
-1544531623
1581553500
-884068106
906322804
1069773345
-416077542
1872843773
-2142846607
-736901754
1610913438
627495715
838013886
1460948183
883572153
-167328047
724403983
-836329614
-1339694827
1582924033
1272649541
439071389
-1645791878
1125632823
335947868
1735969430
-1675722932
-449015887
-2090317434
1040312552
-1436744616
-1690607139
1462404760
1435257855
-702261809
-1171088886
-82908251
600888318
1905374865
427227234
-784589080
-257990448
2137203119
239207191
-200395546
-1013875331
929543467
875271133
-975297836
-118756162
-12221183
346704023
-1511820491
-852235566
2040207978
-77739180
-43376441
-503957358
1898128223
1772168572
-1211057249
529220547
988091995
-1995271610
-1470022509
2021982379
-1981428123
1168213101
-1789318441
-651671322
-1267244211
-477441246
-1382287382
-249769095
-1216888267
-1347009981
1356117426
-727967193
985778771
6805965
-428176667
-1910980605
-468913676
74104975
1232964011
1457343814
246659011
-1358787040
848809089
364532834
-1214684086
1917536275
1419312480
331961430
149675961
-276857240
985705246
1103817796
1778819046
-2145436859
-1147268845
1912353856
-2004356459
-1553352219
825373950
732450666
955918328
1279727823
-75792598
611879742
-746167944
-1814135989
-614453044
2027331626
1547634870
-135770607
-748725073
-975575200
585904844
-2137808061
-1211742702
-1250846227
-467373097
-1680811618
-610121264
504065290
-383719751
1245905643
545633729
-619241550
1164143899
943504826
-1883753888
549244276
2100456368
1380218450
-506355027
2082806410
1985840833
1273447139
1883807316
-2146464471
972235492
-664744195
-647239153
1818535962
1774628366
571607621
-1529834936
-466183544
1277424844
1999081061
-625701887
159160604
1661732813
1919676484
1315962872
1979855942
-551783005
-565088137
1091412997
1992638429
420076746
-1593721098
-1882929465
1871847403
329456104
-1845901806
1352003967
962039489
-605907370
-945639258
670385211
-743952304
820476639
-994533492
-1015287754
-1569618245
-83309882
-1251818925
1632400510
1096096807
-875517171
1508362030
-1469349673
1602876885
2026789364
1009047086
-32922913
385459315
890346175
-1130591309
81273202
1487766958
-1324705348
2002167328
-1069176241
-1126823157
1521847428
2132826829
-2077903365
-1090577929
-123104640
843613761
605013477
-56501988
1846974895
-1510855776
-621682486
-831160587
1681279909
936048482
-450629286
-1058671196
191907542
412793157
1811933980
1328572419
-743299052
536611204
-203630194
1947405304
1417685078
-237138615
713637263
1409203724
441143994
611225183
-1891410687
2089697854
1810273996
1343281707
-1410045782
217071125
-1731970296
-1642783780
1415421018
3031028
54096797
-710531615
-650855085
-972265551
-375512717
328916635
891263716
786596967
972750191
1093518420
-1235978921
1401469835
1314436085
705969262
1939828492
-780202691
-538528594
1667178975
1156279269
1041779168
1700313738
1563510492
-261160219
-1092203284
1229344776
1089461716
-1669044717
-80834302
1346884532
526122399
1430086820
655061312
1212203249
1564718327
-231543976
1582279638
-620805896
-445882074
-417224925
1485240793
-1974122464
37698561
1859890704
969396311
1666171743
-1394846444
372331106
-1028153686
-1921738224
-658019810
1643217916
-698081775
976783350
-1096461633
843342850
2074707580
-1670769792
1287123823
-1800868161
-2096710490
-144759730
-869143630
118022088
2117979497
-964231693
106591113
1071920226
-30389683
-1076190468
118299691
-2084048864
709647201
-1832786895
984115189
1834616784
-455566770
-777805798
2134470046
-42035561
1304038056
1119614660
-1293813074
1522057563
-1557085305
-1120176699
-413538000
204205152
582819414
-698449796
860069030
-876075211
-1658290454
-1755547491
-652813764
2121724625
1019873494
-1526568212
1474588737
382453240
1708185084
348472392
-681025326
1628304355
1390576231
1297339114
369591255
480762143
-436854440
-227469330
-1750019021
-1587449163
859893662
-245125869
-815145929
1284162442
1133205290
1154433726
-1915685546
1704766472
-241559582
815364676
1280790303
1226643454
885041589
1221304424
1386213735
-839014716
-1905316881
360123426
9448901
-1015402077
719287757
431629730
1064383554
1978586227
-349561772
962615699
-1236680879
-1502389116
1782939998
1064795300
-2070803716
-1249623615
-604094475
-1260821693
433294176
-1159754222
-1239840285
1615901099
334042715
1446926082
-1916319095
250357793
-1481935741
-2080789086
-1349311761
-2105282695
-199127719
674506924
1130402588
1118349791
772448958
823094506
1777329320
829180883
-200519771
-1492690984
-1557222769
502333813
1781874185
671264904
-42997177
-1968528382
1092667425
-1471970619
1792360979
-1325169762
1226242258
-631273349
351510681
-1344435885
390569829
-552909483
1683186098
1114961241
-101291399
1292417192
-1961565055
1505377687
-1688650181
-617297521
-452989242
1066193001
1363753427
-121843370
752185716
1368965028
-184934367
204990491
-199196032
-315254826
-252504152
1878382514
-1589862405
1724180433
-406915638
982505673
1947504738
838024298
1249478965
-2065334708
1182692404
220632190
2126682013
-596479222
1313791173
-1382969035
-688487765
-2138051176
-1903821742
856876682
-652752844
-1526792587
-1349041324
2004668426
-808201810
1514609775
100466457
72912347
-926890273
-1354329276
-682701425
1224093183
1251563478
-989284213
-1171588510
1087972826
-1055477217
-1328543020
-642770614
-1936293903
-648538831
1451269902
591753629
-2059296268
-2067088853
-1317437399
-96071893
-925831426
-1199832385
28435707
302746698
1689504282
518726510
-522624921
-250418897
526892297
571391221
-1652002884
1623655551
2054342465
-174712570
1132530522
-2111731419
671422777
-1783300549
903159195
1359766885
-1427849245
809783111
482542575
1283137329
1080689786
-1007621778
1937145416
-1865115205
-1552186243
1054176822
736014521
-1699012533
-1998240262
1383277663
2125470553
-624309678
1230392335
164133903
229878893
1287359678
671379373
-561724847
1559384261
115444879
783188127
927571904
1449043558
-1491892567
481358538
2043936383
-241912471
698245356
1466014646
-67087509
1080152866
-228444031
-634698676
1563281044
2001015683
294814070
-1926622495
566685416
557509826
1503660941
630591859
-1276242640
2116874554
201195600
1146704945
1236677184
763937678
1676684905
822314048
842079338
957327635
1520580143
-1708862788
-231827405
2032295535
-1146328188
-1137272836
-1626390455
702747261
774144221
1171792666
1959360691
-1983796364
-1314566239
394952113
-1687297718
212122183
1234850231
1853761512
56359783
1159970893
282107994
1102188719
-1255213347
896379684
-1390900177
919817800
-1502225879
2109778643
1675633304
-46048503
1170831848
1963378222
-966773686
2039667295
1661334409
-478359170
-1015369444
-1489819114
-1298882750
-41964704
-1342018270
-1603189802
-133255865
-1477057555
-1592679686
-874728720
1682956857
-1366674917
-124401819
-1202347430
412362460
-1202889886
-947092967
-201242888
850517773
-1482919518
1154932692
-442226147
-1590805518
143821635
-129691212
-403171248
268959090
-65316450
-523350587
598456402
199775975
254689691
537765083
-1290400161
2016471826
-334505318
-44703326
-897028172
1348014927
955381654
490456307
97364561
-2055477751
304651911
-392744088
-1358076672
1897640047
-793996792
1961961522
825686933
-1791568025
-1911926470
157122857
-796435594
857035715
-1889095193
589101092
-621697955
351616434
1345353961
-967516790
1886032220
-567272584
-861367091
-437295063
-1265439199
1759111009
1390468786
-879710650
540908667
1920336114
275481975
45718516
-166597092
-630358686
-1175222507
1374911145
-900508000
1874168648
-1701258168
-2022449651
384022989
650894741
-1989068172
626133525
-98182628
689590723
1312329671
2036606544
1169795960
-1842199218
-515203686
661377664
-1318810043
-1587327389
1353798940
916385900
1796454051
1580747735
1923734065
-149768460
-418954253
396427354
-1749266281
-1923325339
387501209
524135659
832624458
874255886
1710776835
-1079681394
-1829874134
-1319386349
-1754836758
-1260985539
473301466
-1846204288
556278232
-1668310501
402176490
1154433185
-1781555735
-1740467473
1309779255
-1946898544
991615957
387821775
-1157386095
529139470
220895533
-885930981
2119029663
398717846
-280730652
-1263677523
-960217089
1550493359
364795920
-261296818
1932189361
595137154
1136817650
1192854891
439336884
2050738859
115528755
-14692857
-307601423
104635987
-364367248
148161779
1273948504
176504702
-1344753672
-1865017027
223531336
1268026273
-11752748
1543157734
-1779271372
2114406775
-167507193
24309718
849196419
1789816852
1724808726
1311924500
902520502
467290937
-84056374
2007837489
-187543345
205721834
1581155635
-1768616187
547912945
359447614
153787120
1943697309
-699469501
2062369141
2070122414
2113969779
605813530
-153522353
-372123154
-1307361569
8570711
-1156705893
-1203163126
92245198
-821418740
1750083853
-203897479
66675377
1998212709
-1869067180
1552652369
-1448027465
-932979771
1384810092
379687693
1168885565
-534756049
1784497712
-1936554352
1431944837
-1953589785
-41471182
1622687849
-1196380762
890582616
-1011549233
126697816
1888167619
-593760200
-1375375235
104978449
-555688321
1866436841
245071974
625058879
2097482927
-1464676830
-1686443206
-1218460213
1721607249
-2018094898
-1583498175
1962949725
1539413693
1900808756
-713170257
720976674
-656697830
-236439721
1982823227
2001695952
718408467
-752568673
-723673359
513582054
-2134101559
228692920
-1119564985
-870329544
-1510501878
872934841
31668079
-1335154006
1949320899
-338519159
1900587755
-677690309
396478643
617755262
1853139301
-465547963
-1164103583
664294214
365627328
1340176386
859644751
-1890557686
1611939434
1502052690
1363075184
-2092300593
-964686605
1581469370
-1527046186
1507602208
183911139
-1284380496
803256751
1871532522
-1872051769
-19966699
-1099020174
-992461658
212274317
-109177342
-2092484012
-1598900036
-783484911
289493190
1796474369
1752020006
-906276617
1115939119
136607368
1557975124
45517498
514252040
-2124004714
1663925071
-784020475
1354124259
-785292570
1001649953
-414323647
793450264
-1680942089
-59313293
-955959697
1632466445
-902435072
-1498899082
-1976826569
750475959
-608770527
-1211741690
815369279
1456120415
-116789286
-2029642227
-513449280
871829161
1605090752
-1739826907
-1516788905
-1861727535
-723985811
894969473
773502232
-333676232
-1089213768
510793740
-1915219479
982009119
187846181
-337334318
1705680396
1847907505
-1850879329
1529453471
-1754897155
-1900939450
-1313771676
-1271101723
148819837
-1971258395
-465421504
1328457442
2094114542
-1594713077
843387389
103048450
-819037727
1101645482
2134154521
-1365718143
-1986578963
2029098868
929215417
341350484
1970277058
351600216
249251293
190913097
-2019431811
-330638516
2091796181
300760172
-795591876
1833013837
-1865856268
1539138477
1712819701
2055297955
-1344222078
-1857224001
-29069693
-1253256087
-462140426
-881653694
-152133375
-1810132148
2096611172
2081983267
780034139
-306002541
14681396
-914138813
-1777962463
572266590
2012696084
157830230
176628638
1901818418
473543215
1305708813
1773896745
-683130700
-708221538
-2043474825
785346746
1469537972
93143071
1689398180
842155200
-789653907
-855405564
-1176835701
-2036120528
1693254666
201216109
677136173
1238504161
1361108076
110987961
790819321
-1715548906
-1082565590
305072953
1927541874
-1901423268
-393321767
-1109202650
-1341174513
86158230
-1350205812
-675364395
-1122332831
1774018902
981035934
237582120
-781061253
1774288749
-1955378002
369779015
-782207091
241561797
-1586438422
1947543440
-2128218158
350275181
-1897714032
-929516341
863789228
1499064565
1606782898
-1216841054
674979596
-2025387269
-987439303
-589531057
1625043735
1811656965
-1293201365
1242740886
412453126
-913218927
1598376240
-1875494154
1457617997
1039751275
355997265
-1497449445
-1413601025
759839805
-968133885
-161476202
521891696
-462303892
900935780
1675037903
-1360081381
-1281655007
2054585283
2108496185
2073064902
991585189
-1310291610
2061175240
1989344227
-743048975
1485744006
-909719136
796479289
-249648507
1776549278
-1096883186
969200323
-1001907080
781941732
-388884549
-888159528
-1196125232
1525726999
-1735366370
612780171
-1130491885
-1584337797
-1171888078
1397940052
2107566621
1233701409
-321217175
-440864529
-616231884
1170577260
1493193183
-1729967228
337123161
665610703
1953638098
1544967687
-2125723168
1950618075
-2133184430
-1823070495
-958448829
279563384
-212564172
1806360783
-92552910
-683064206
743736908
-1599407606
-2006871571
-405493705
1887708890
-208318040
1008728022
-528361506
584593476
448083777
1345989185
601747307
-57987323
1376569557
1564221326
1540927825
-1000577307
1319946989
1535241338
347968823
-1567673238
-487629057
742737073
434667263
637178254
-2059584490
-1683361625
-27237885
-683691599
1801145778
-272937817
1029854369
2100947152
1941495020
-1663425237
-1232349191
405361143
1930733534
-264534930
251353077
-348329740
558992193
-1844558529
279586697
1966607181
582591062
-471433448
1538489659
-197487501
91816202
40574831
1181758437
1836190006
1543990356
-1271708597
1233605561
1391298171
-422923039
-930730983
-1198545018
-550148307
1739692019
1619644095
1054794297
1659032945
-870233466
-1315343375
-689497947
-880624867
-1030876492
-247539004
-246705274
265471338
599364442
266192512
-1142800957
1394503655
1243065850
-2016738119
-261672205
325929648
512040674
8732832
184300065
-1550651424
1183397774
-1705560170
166066387
1313102915
537811786
-82828542
-292173239
-2124570800
-1760353765
1375234915
-1272076542
868095573
227558879
2096494760
-1517160317
-1143953677
-1829913165
-734743617
1157870938
-1808225075
958638996
1239223659
-311803551
510889596
139067464
-106193318
438603327
-1949684283
-1608255106
-975555466
-1179828172
1659676430
543350324
-1795432070
30792468
-12184564
908959064
1685249737
370752403
1035814337
-701418830
-163554694
566616260
-596465243
5764608
73105847
-993736229
-547697117
461650018
-927048633
1388964922
1167604294
-695413768
1428966760
638027178
711888052
-1098870327
-1046524446
1749929704
-338422310
-1155560986
294007640
1007997540
1866883432
-1614290482
-674260768
579234628
517563136
-620393196
-312329002
679129262
-1279247831
-808782785
-430118931
-1699131065
-2079735415
1934796272
-1786433146
1442226934
1849318739
-1207404982
-1410484924
-785683732
-99631875
182104205
38899167
-1655528984
559055926
-1959117052
321661241
-1534543689
-379252969
-1457853151
-1385051730
406593786
1971176856
-709679131
-1858189137
-489218517
628011589
-171122555
-283840879
21439201
1153650736
762279242
816149410
1413889619
-1927756759
1992606904
-457736579
-191930854
-1943800532
-1348874510
-1877003361
-1737594822
-853788646
1945995612
-927815111
547975522
1568178860
797362306
-1235133881
1859162995
22567332
1676960824
-1895049247
2077632574
-1143935420
-1184302591
483094480
-1951830894
1978277636
615903668
-247563933
-576073867
-1013035138
1363126364
-1134071421
1785295280
1944800173
-1338055328
-805686523
-241591920
-1624135082
-1530790429
970186815
-1486610709
-654089531
1829915245
-149990947
1394676577
-1889957444
-1119300918
-2047795467
1250437859
875850152
-1238936526
-586968488
-932075399
-1087870442
-1661401687
1785471274
355652415
1166899812
-1215250776
-318163276
2094938032
-1322388549
414213117
-2105513608
1433418022
162342460
1199554287
1196584325
1349826465
-743635591
779559589
294344716
-113586746
-314726362
-175864889
-1459943372
-831001813
815304463
-1904744859
38455594
-1668559151
1607788365
607012376
1510113659
548087281
1029782452
180378726
450954149
357487355
-1058911857
-1553143446
-1794092054
1638015195
-2049053554
676094644
452458343
-1869977987
-1936435713
-329896851
-637755291
75947667
1289290556
438157503
178113519
-1404061803
-1042274460
-785356429
22488228
-1526226935
1141668941
90337243
2041888462
440619780
-1240158535
786753265
-1268350542
1985931504
748083655
-1947503680
-787459543
1053880462
-308034133
-281298942
576311919
-1264085954
-2009932383
1081492234
530172730
-245608578
487264542
1971530980
1755746830
-269551440
-2101603256
-695550023
-15335217
-100588769
671527848
1636094840
701289111
-994632381
-490066146
-1779449933
1164343754
699666244
-797454316
1860831174
989578086
-1713701444
527249142
-671603394
945806239
-237587263
-911680543
426906743
642811818
1208409889
-1336648038
455772038
-477124391
814796271
265929153
-1734614183
2091474151
590787646
1290411333
-2012910819
9129877
2139118380
-1220684774
-1213907489
-1756950155
-1158901214
372144426
-1746793867
-1683847164
-1298997415
-522875000
151100830
1991691006
-904842081
-1772447253
-315117976
1074725614
1561963610
651046233
-156594990
-507634428
1001427661
412547874
1388418737
-301014
594231193
-1655634417
988518103
-1002213544
-570129529
441349851
1162441329
503031079
1470344836
2012005346
1602996400
325891236
1501524460
2129141784
1645766826
1993378663
-531225845
2130863420
-76103293
695103715
1170809311
-1108218548
-1840205625
194035454
-1337890781
-1008726213
-1991814374
-1597698077
-1025538936
2064003809
-776881389
898692375
643401285
1836298290
-615140765
869436362
-791831342
-705303118
-41359043
514163311
-2051510289
180318760
1680553970
186278798
-1129679893
1224859025
785438426
295123416
1430765090
-1820721833
-998395782
831906172
1574051270
439119810
-1061080605
400923320
-550142750
579111598
1377058136
-1680166478
-1970614884
1005484414
1263608627
590368647
948307898
-2128558512
-1791507192
1275971748
529005158
-120012174
-2022815990
-1310589867
827651637
-854556141
210826157
-1579378277
838701925
-320053443
1223308685
2012634433
1318525030
-553043966
-510276723
-755589839
-2009774949
-1632379915
2019597123
368424195
1987019617
-1708827428
-1712798317
-574543914
1087884111
-2123942237
1033363865
1367313251
1214885311
-130186606
1011581388
88051790
-1520674163
1218750914
1495164767
-1812022337
858430494
2052278989
-771291158
174695985
-2142236764
1032341188
36063561
-1386163319
963321247
-1619515035
-1477732412
-462784406
-194546010
-1272160115
2078390896
-102055737
5052518
668595947
877267412
-1367249991
-1114890517
-673397258
-69079858
327471250
828237342
887051040
294174647
-545283791
-111657074
-1014576053
1765444037
672660887
1926742130
-897722500
255206577
-1541690182
280128494
1127229901
-227820903
-405369191
955530645
-785114712
-172311002
1653971856
544954415
-1434542030
1985265905
-1081473812
2070011067
2068938244
990694434
56969922
1266658743
-476416224
1118904154
-1136633092
-366042466
-613033438
-1861781038
-1746072140
-1272975439
955631285
-1193127484
116560580
-1782987270
-1921849528
-397959671
1567270045
2019585933
1673695746
529923
1610519640
494824465
-1913027341
1018170300
-408911094
-279752322
404861323
162088015
1670274139
1640592679
-1061369009
1123512966
1945200217
-1827757830
-1621848631
-730908732
-1454998903
1689016583
804580799
-656290011
48774207
1990227262
259762600
112576227
47570991
2126451580
-1016337061
-335057925
-614049469
-474798648
1470889225
-1326330865
910229166
1283662041
142482285
1699443086
-2014183616
-1076654373
-1503322303
1177566737
-1845348868
-1048999310
-1481085965
-1989933304
870265831
-1517591042
-1481490024
-1624254315
-1571187934
-1640103136
1342085153
689308343
-1957894342
834772605
-1216349749
718754987
543547071
523834306
845353180
-301585778
-433034733
-502080025
1810947211
1158295879
-320799869
431708086
-1524973249
188875939
-1813433189
85196942
-893720580
186518464
-1986423627
-443299484
657891610
-1696450641
-1843987245
-1448038902
332906039
-344815531
235150510
1634934451
-905111698
-60261487
-693363442
790101430
1259450312
-1678914909
75307868
414070162
-126014222
-1715791413
-1703523723
317270834
-1858628048
425688624
-149500736
288460913
-1351250287
-1830814205
-1097360510
-544056609
-318669212
-804491548
-1274278032
280486597
2120835050
-220637564
2091507333
-1458344346
1525687116
333754763
2066916117
949333383
295493071
977650875
243679266
1519839538
-625919931
-1658430380
1460057838
-1347687498
-1686908730
1051073978
-538230319
865264881
-1210940512
-730935467
-584464308
-1303130416
757845899
-1754613064
695926877
929306134
2060306721
1467780356
1936642324
-933917859
-223587956
338319758
-1983133082
-23797670
-961051520
1176740543
-3291584
289158501
1347850603
27561275
1317340895
1296202551
-417696789
-1791581883
-1697094050
-1885819660
352272256
1433517666
-1530762352
240264812
-120982910
-614062789
1972000783
470129309
1299973205
847428551
-717782123
-681021828
1739924186
-900141143
-1534158711
821984244
-898706648
-1697522986
97355229
-439058130
-217781893
-864121222
-330024426
282837011
339283052
-1930975204
-1212843092
-1730047474
-2012301470
241079551
-91458925
-544869354
1547726920
1041573835
1579726617
-901755157
199632000
-1872337811
-1293157902
699531167
-168828650
-1668962758
-145647215
159016023
-1701357000
-1133018022
1447671992
-71798446
85849573
-964028317
-2045334958
-1415441878
-632009243
1622707012
1416939136
442096474
1522752760
-1363145628
-1463681807
-726675456
-1071723694
-546662646
-1973700490
671236067
-332722619
-1225381377
1304356820
473956790
-1967567040
-641378959
-2023800868
-2124575331
-335131145
-1510980839
-1259861319
866302961
-941051421
-1709466464
904534152
1682910272
1343127277
-26414018
-2128632531
-9463657
-279928475
130716580
-324515996
-2069980926
2032059704
1745802524
-1691599594
-351298733
2104814690
-38442259
2130159853
-1981082846
-957384543
-1928644349
202609962
-655415787
-2136368021
1917822159
1550569397
314071137
467494689
-1983873172
-1032981643
-162923120
956031107
-25694718
813642466
-1062833788
-1201215642
-845810577
1802221527
-440181317
-1017264219
-156924381
-1127502676
-2111402285
1632156500
382157131
629621380
675028561
-945894597
2016032817
-647739166
-968952675
1986314882
83717346
-669177214
1738073936
-939841112
-2104827120
-1607834778
-2026899534
2078047417
-1730712518
1751434286
1265268094
4985024
1932562953
-919071060
554437095
-1710662535
-658226435
-645728329
-878055713
-1172137909
-776888
666499647
-1181428074
-1002641036
-1110395911
-1565431902
-1980020928
-1705538427
457607773
131215677
-1762693349
-1988971759
2102034849
733210436
-1775782736
-1277556575
49775804
-413218602
587302744
224269034
1046167179
1830175051
650261505
449241409
417138237
-1531091248
-2121678286
1266532174
1291628017
653020726
992484684
1242750720
182261660
-941209594
-1891299823
-1860227648
-437734352
-32613672
-800077718
-313407256
1042043130
-75985180
-659353244
242992502
-916007093
353099481
1310146939
-2023473412
1733485146
613540333
-1756649701
2052710875
-585543832
1666089781
386207075
-32086864
-1198904283
-913614282
204958507
115057933
1194043218
573012155
-1330839992
1241078635
314894247
-1594506776
-1612884210
1365613151
-1752896266
616636047
-819259370
1761709324
945020815
862921409
98004544
-1966659368
-975212058
-718341976
-1436121861
968083042
316225651
1949017236
1159756483
-804334157
99097561
-568986029
1745787371
334176691
-1103345334
357284804
-326313572
-1884006691
-1262009048
1034356910
293858076
-880688842
806355952
643409869
-337619117
-503155333
-306893485
-1679423186
-2128646005
1214667161
19787173
1015562684
-2112676745
-286605215
-1518601862
1131868185
-292963722
115903611
361211790
-41084239
1905764888
-693301605
-2029435675
158030605
1175729632
-1572465933
-1670314189
1731193444
867427915
368890344
762397053
-976592009
1128694033
46315527
702856959
-1763095138
876558506
160315706
-1039833008
-1144208099
1527894035
-405462218
2005243588
640341179
928495313
137700151
2002827793
1980191893
-564371146
1311929071
-1302449100
1764385327
-354393886
-2046828357
-729051243
670942667
1641480588
-1597855977
413234025
-11872002
1306160642
-705181868
1167653463
-1680358785
1682874734
-1161307256
283987805
763108161
132884698
1802605509
-245385995
271732932
1626077429
-2134748532
-757966221
1814845608
61070359
-283665277
1714463664
793217411
-149734270
1021005670
782354156
1805954291
-1638707478
387437627
1236067568
1978048246
-1781145290
-85933879
12844915
-1830089096
-2004594296
-182477750
-635604546
-168414419
623407482
-686048417
1662635922
-1501328223
40491435
1477404483
-1175564727
1568341644
2068738425
-1836334013
-1121313734
-710222230
2010459919
-225432723
808405602
-1872968117
154031009
-967775353
1780362303
-438026009
-1618696202
854893890
-1019457025
-261905675
209681702
-1085360465
-909213478
-1779128900
702379429
470837746
-722514501
-1540909335
-1023124865
1649531700
945962533
-1700449885
-1151172380
-101791266
-1308781740
-890473252
-1908243481
2017642755
-1773984862
-924382486
1736070786
-2137816291
1482876460
-1868294571
-1284836899
1764689147
-1066920779
439515122
542516175
-1104198662
318506953
-2104434128
1734623652
-1137486989
-1757925083
960187825
-1727282399
1299316083
-357377962
1514316572
589892036
-1450134863
-125272673
777301553
-415967153
1608844732
-673315041
-1310216675
-789823865
-1418320524
1601575987
-1809967345
-911934151
-1955132742
-1867099367
-1171498742
1052092029
1095322986
-1289808683
1985200124
-636944834
-1046227831
-872195241
388153616
1734893304
142071227
729525725
-1646507712
394340035
2044844023
-782106730
2129453357
-1889177455
-451170947
433738888
-1771193806
680041907
-465594106
986075314
-1843201866
-432245855
872157757
-792717964
727961537
1790693882
-329589394
-585428689
-1422900783
1528579273
-424318340
-584080088
1923193582
1733293833
-266621160
-400505423
253753340
-1779054229
-99487697
1100544138
-1114083505
-1957850795
1356672676
1877890436
-7033212
-1820146642
-304272577
1760783719
-238149234
316674776
1894659556
-1128973547
-1427900657
916633982
-994296825
381977326
-612592152
-280197233
1116981855
-273988490
-594520045
1035985929
-1714096679
-1357569483
103063215
258036218
1224171471
-969153570
-1650748580
1865300291
156092793
-812157261
-2010240311
-630130785
-827659613
-2031939545
-1452589942
2075557347
2146467744
1501517508
-135281618
-567673466
548192894
1834202447
-1187405936
180316772
91865978
-1177600983
1907842669
-1478634306
-803908426
1036760311
760018743
-1614356603
1012890921
1947978885
799962408
-2113349929
1473816278
28800743
-2005994599
-1927468343
555220032
-1308102175
-1246528877
1462588007
122005788
1376192904
-2023845722
-199992584
-1976831416
-537165016
-58550791
1263773573
-1121101573
-36253080
1530281122
-418012004
-1986183874
769031340
1489482295
-1245612975
-757353573
1313722042
-1291825499
508483205
-1754496493
547539103
334748735
79286634
-1857259436
-1563204653
-839660263
1407835718
-599288021
1082562459
-839913065
-1118265738
-1371161801
-1560363090
-988576704
1224760501
178962143
1417234715
-939090217
970645150
-1706932347
-840840855
-1742115668
-1463989649
-201412101
-1954749441
715107887
15082767
-615132619
-1064197690
1331192261
2069802065
1853717056
1767776012
816227806
-1868492422
1282735218
672052139
-1346492345
-1626777600
803740899
1262287210
-457787716
1085201556
-607443429
-185707358
-1763719999
-928987038
-128510708
-564141276
-983172431
1851782295
1309151298
292025690
232399382
-485162461
-944791976
-233605717
927597371
2125048255
-1613803603
-1935154652
-1970206720
1071155249
-544747688
-1550271404
613398509
1639377614
-642543784
-393637002
-1571397240
-277848000
42173456
23334101
-1958705942
740561289
-1905810703
-115634580
-1497115761
-984602808
-1183573896
-382832692
76470638
171425593
-972068517
-1886464702
1119920969
-25938430
1707406078
312187192
-2134641083
1235929387
-858095828
-59512869
854453437
1047254382
-1879122173
-294227714
-1935078318
1993422128
911393070
1332171837
-1577899706
-1698331825
812398425
1086729061
1988471562
-1841936866
1778949857
479188755
-2040199659
-1190181203
-1490558773
574484890
-1844609290
872257613
965164280
2056260650
-1656714580
-1747119022
-1205791594
1674123821
-1411948491
177950234
1387947992
-573722892
1093963620
2005353294
652081896
624292242
1983361271
-2102047641
-584034788
1882221320
1815315432
2073235828
2097616232
-834596190
1519913987
-1908439271
870398739
-2034615137
-1509456456
167196634
503675309
2139311895
-1549384910
1898274201
2019993920
-526687975
2145568423
-1582395555
155048901
2130978835
1710534129
840042324
-1345534758
1839454070
-2111421602
-565525222
-1817024336
443733658
-437925949
-836104133
879183434
1949593822
517523927
-1569120522
-250253085
-146283501
2063408829
-1765284540
-1957409617
286355738
1351110626
-273985512
-1684610362
-816753973
435130889
814575847
395771997
901299992
177183139
-984195735
-1997105866
644568689
-1072897949
-2091071583
-1208744615
2082317674
-2063978478
2121896475
-1566219772
-1670931301
-203651425
-1962285964
402243039
1626088135
-1149196423
-2007006177
637472883
476390720
1879567905
1624733029
1608408285
-1212822903
743912954
-104126291
1759973310
1360702269
-689181853
101758973
-98711435
1990866222
13146631
-2046625600
-28180080
1943379152
-26506125
1884448201
1493257343
1237123288
1322733800
-2090064489
1569068170
-1037065184
-52545678
408203482
24845572
-1218747955
274668857
1101520182
-31707456
-1531134030
-1590486762
-733458362
-1543526204
51593975
-1049567896
-1218142493
1376512060
-684463371
1772348200
387488933
-1220101199
1691219556
1424142907
-1537892439
642536826
-1328261448
1569774343
-970670956
-601984654
-1652525625
1397650761
-1610465576
-1177312790
34156974
1751136292
-1220419274
1287256033
1819489013
-2047312004
845122179
1241479794
-628227855
-193277308
-1860660562
-1121574515
-360482710
-2074558571
-10103808
-357546007
-241858436
-1900011199
942607526
1573767225
1526749634
-666885976
1125405804
1067530653
1471497136
1275824393
724740811
607649627
-1811598272
835993755
1469374757
331816910
-1869124144
-2086339939
827483470
426383006
-1166819510
1373337260
-1015959474
-624945615
817207941
850846036
-2051252892
815230048
-1343247126
-434951704
1510944078
-543293843
-1583489446
102982037
999324103
336138293
998103631
-1869973579
1289477457
1133890209
-1115388096
-1722620064
-304475340
1768371554
-1482092470
-1204082103
-1477946427
-161638436
-1994103540
-237632314
-278744853
1238267234
1263424466
-1906639056
-1730595105
-2126276444
1898947060
-1594580883
376427826
224060005
879937152
-383828534
191190036
-716714128
382937878
1032090637
-255993390
353561036
-154855661
837590474
-1697528672
1271044398
-452024078
429972213
-1538663272
-245627217
1907130862
-1439859272
-1809964542
-1335752770
1591937002
824045702
29146070
509822039
1007116693
-1219991184
-925709698
2055736436
1419350217
1322319543
1435050719
-1826385724
1174097716
-1150226271
1050883482
1397977754
-190475975
1342717072
1427023502
-1963729113
729338648
1045220687
1549162657
-1528976916
-85814197
1053547695
492040640
1153899113
-1537956557
-844670382
279386915
913793306
389098228
-1262326842
-1725300267
-293083229
2031648156
195910101
-1810965645
-923930551
45368458
-1714258150
-859147469
-1774569308
1710060813
-714404905
-760478936
1025741714
-1590618293
-623135994
1967316419
-976441745
1598158179
1233556653
1068936092
243561858
-95184682
639695222
574570866
1640221625
-1106429406
-1133464706
-801811856
-769488487
-858159441
339621997
1896186545
2116613999
-204316433
1418053830
518233606
-92129589
-68813120
1707292799
1471411958
543641390
-2000352748
500772052
1199387142
1466028546
486516691
651027287
-2146107079
1342196169
1353812223
-492513717
-606170151
-1476007783
-75797991
-1690447310
-1986412936
1799498183
-175463230
-90746715
1907236657
500456162
-61491290
-816108445
-1437744589
1886011363
817817749
-1871052117
-1417737601
-599243102
-339974926
-1979001395
-1898585360
-824377974
1320649808
-1830173442
1285585788
1518911888
-473231015
652864876
-1983113544
1599985504
-501039886
-1575237486
-620057695
170681305
-1438900324
-1880450100
453664664
1433466811
-554963683
-773272275
-1893983058
-839671137
420494942
659304848
-1749628894
1464910119
-1358752362
77113325
-719790809
-1702626699
-462520152
-200763923
1143107561
1830887648
894827978
-131589697
1889393874
309193189
1446970982
-871299796
-2134005752
592097627
496821316
-587008536
1719292218
235387882
1715614952
-1997267157
-1004331108
254258365
1239203640
1919719552
765536815
-957930890
-341409950
-1933097507
-88334267
-529748126
-1463743236
839953650
1277466180
-838622995
-2090942612
-26391611
-1874863447
1291274840
1110389897
158745726
1903007568
181126824
750460290
764703359
-751844622
1877763553
-776636930
2102344888
1394714349
-1061734028
-1945728636
-2147108552
-1640825525
-1471122443
-659068131
-673319418
241724156
2068496
959103800
589265713
833804902
-1635552579
-1401284659
820730405
-1820100065
-160826190
2124214979
2106940991
-254123015
-615858407
-1502508394
-1291373916
-1377161154
1221314435
1930744116
114266446
1162541372
1179825947
1198656808
2131545959
-1889823997
70490398
1724932346
-1165796646
1159199596
-179164022
-794368812
-198836955
1620592222
-1272867563
862336616
-664864908
-690255284
-264657056
-1888443631
-272217109
1052152065
-512211860
459821112
14862403
-134852449
-233277363
-611514887
-833051240
943878372
-1852813284
-1923514363
163697024
2035048623
-1180591311
-1859491639
-1835453345
1369161666
1561922449
1270309583
358844665
-15654711
796551589
-1563900828
-1630168760
1413769115
1569705773
840624507
-1839139697
1349797823
-2084758157
956973009
-661818706
823174961
2136482499
229732689
-921233224
205646180
1733894938
-1193979719
-466799934
158033547
-1111574500
-980390788
-2035763459
-1480092908
-1321518005
-227906582
1675445767
-2011128972
1836135798
1571134093
1175018621
898660393
308769390
-1370536490
-912291372
241155580
20238335
893767929
-252985240
-775246201
-143730402
-953048300
1513427669
1575505142
-1545226658
1083986838
-206736762
-1167623407
1491804329
35895518
1938178954
-711826823
-1710666965
-495141598
-392570450
155758129
132774033
-522969710
109523655
161831008
-1669517454
2052683708
-1877048753
-1089662892
-160284147
-1146926798
2043830834
2108587210
1158487349
-1335835287
617266410
1296948844
395121288
-1950833181
-680278839
-1983261030
888771047
134371472
1530170517
392124012
-1250130399
-277270415
1033770329
26147319
-726054671
1197440127
-2028149382
1894142927
-2012585430
503425226
121928968
118746317
1803519536
-798503452
1886206806
2044001298
1746438058
-1333374337
114461131
-1866982581
-732876683
514098004
1541955578
-677348554
954021339
1656374598
2054976752
-1935057820
1169341444
989087175
-1398230578
-1279143873
-2106254164
765480314
383891862
961873486
2016994582
481925402
1288018505
-1747736137
1152728895
1785158809
-1577321680
1043796741
-142198185
-1640115060
-1128637318
-1210101205
-1134123412
-46888507
496253959
1287214281
-1870694552
-531977407
1114125186
-72700755
810935101
-503537084
1840800693
-1793803621
-1631539362
-1220787006
835567895
-1608957615
1591763312
-674280959
-1125444182
661038276
1922910017
34465147
-1295135741
-1712170576
-806778376
1362471944
-1660430422
1835813199
674545806
-1708972228
-1197519197
-73519769
576828797
1116125965
152406092
1167468682
258364342
-523255367
415290729
2141986457
1741221591
-514653722
-108976771
-328887927
866998941
-840965366
-796316325
36963945
-1017674346
-364248052
830137083
-851036509
-1439659237
-928835541
-1850776943
593793409
-843681667
-1925501409
1232048347
-2007641613
193855870
-2093234819
-1620832582
-2049921905
-1317961725
-1324067233
-1076342268
-154412584
-433186042
-2043334845
-556402792
458096834
-1886560047
-603992781
114991794
-1141684875
86450280
413274662
-1086587521
-1149861807
2129358406
-1375470170
443723507
-51879630
519815244
-1220162638
1186879962
-820051212
1684362486
-2033803803
673315117
764195641
-557950513
1535775447
584658343
877982313
-188054234
-1588236350
912019606
2103635962
1097012994
1766015080
336748534
-1632303376
1831433554
-1424584396
-2027087941
1397030567
-263530647
948250527
1847381101
-1607658544
-250694488
-1656595243
-1496392966
1931873721
-1722750340
-687178089
-1362968121
914023376
161729931
1787353699
-1271974137
-581781655
1139120681
-890186031
1597100112
838477246
1943533584
-456868033
1989742443
853620279
1241482576
1456154032
-1937643413
177432812
1190960260
417201905
1090458880
1866705255
-353514938
-45294339
630311180
-1075959378
-2139118108
1094577058
2023791734
321808767
1700069715
-921726109
1972551231
835186141
749577315
1500964512
-771570478
1900309707
618727220
724909300
-1008881761
-145591977
-1213874200
1342283997
-59249174
-1455703079
-680159335
434697122
-622100769
423289468
1827240589
-852366479
-2119205142
40629757
753383336
1979731911
-645220795
1050422963
-818789599
-2000349164
336067793
-1023875634
-1685458824
-1522577250
984385322
-908173597
1031198631
833350053
1671262453
1426793895
-1022010985
-1124019001
1902319739
478479354
1296725973
-34466651
-682745989
-2016881625
-289836155
-1891261753
-806673093
-1196510358
1577052054
317018044
875531744
-33531726
-966995401
1785463173
-1311053057
1062704039
725238152
400421939
1395513715
1756837869
1985517460
1645338831
181430384
1521547434
-1865049729
1883975289
-2117116456
981061
1949875707
-2048683565
-1942426675
2082476145
1162964736
-874201441
274115462
-919464343
-1907674436
-2124869722
-1911819930
-172646532
187101127
-165394213
-591606198
-1673852468
587710618
-1113335872
-946646494
1597033810
-1128986047
275265033
1597891522
-1991812828
882559567
1162826366
-1365589510
1725890810
-1582542829
-1402854363
-630062621
807976686
-1944267512
1465240479
77635195
652922242
-1339774831
-1900878126
-701731468
-630825497
1195434725
-844367160
-1293808312
-672403844
-1228483769
1003886550
-107274095
-1417673324
-92037765
965024768
-1755551082
1103778940
-256656780
-742443108
-1369399000
128288443
153440337
-573466572
1310590895
-1673117285
789812618
717905328
-1281218689
1700009960
-210193562
2126134708
1400912239
-1464371721
-1753818192
-2132641465
-314305364
445368809
592479657
1394215092
354727626
-1361744847
-244120000
-1308679756
1221507355
1519324242
764802944
1127775180
-1462745276
-1365596691
-1591401655
1029437172
-2034930931
-2057420294
-1756240574
105285753
-377699977
-1986721707
-1216071666
185307683
335146259
509699452
-340598339
-1637873766
-1405331055
506808471
-189959292
1774716421
-446290793
1005698488
1473908912
689160691
-1748484141
1341089890
865349848
1495461758
1926635603
95789647
276353362
-122419027
-355168493
-1086438803
2042612199
-696838630
-2041811241
-469741526
2089367754
1894899156
646155067
-2065946895
-788448827
-1925342074
-1882536697
1453837811
2141936820
797224152
596783048
-1681749974
608866103
-39272172
-1809255269
100851866
1173450146
-1612672243
-1843917237
-977094951
-1810747592
-425316804
-1704709474
-2063527983
-1574657639
926758955
1156873451
-1630949691
434890616
-2102732011
-1340035600
1737407121
1724706448
1013921486
-213707550
1126232885
-566112040
-253068320
995587524
-994624621
562402549
760616183
1265729788
1698593655
1448542703
-153320834
1416278050
-130605608
1198029351
-1981756279
1288739867
-269111459
469635464
540061429
1360666726
2070962466
815420156
183165901
-574955595
1511748539
1940744482
630534127
2115108287
-101527944
943824445
292820462
2108301908
-1594931478
-1596233873
1827689274
1108220337
1510628518
-177049818
1760856958
-1009342955
1994091848
2076988117
1743767113
-1966385516
1308992698
-925300761
1305453295
339310378
-1805767242
926686192
-1878038863
1900113426
656828041
-366132187
120015131
-1777591720
1093541400
-410128370
-1048993107
2011105197
258874664
-1212624007
1234297277
2067322
468418521
678140849
-1067226725
-1564336330
-2085051533
1232749552
108314614
1084525564
-554652572
822000913
-960123779
-282674345
-472455031
816766089
1107635913
1597981024
1628672428
-1037187433
311848569
1552282635
849065037
-607303750
137496990
964699068
1500135077
-1652108957
-1897700007
-820033248
-1408467993
1312493036
-1627921213
-484688838
2103738312
-1631436856
-596628980
-1863956292
-1406646719
-1169760262
-1562262042
-2072071272
1758235539
621227978
817494307
453936597
2096537739
322023862
-793219940
-1953648474
1602273031
878427559
-1132264619
531619511
114336440
-598694812
-576574754
-474183990
1626892840
-1695869365
-1924706821
-2143480958
169214975
1368506685
-449491577
-1278921601
904244353
1896569306
658318228
-87642966
2109751130
-2064808978
-1556146985
-794611247
411459997
2116898346
1740837955
-582733451
-360331254
865023254
-448709389
-1364619549
1484135823
1746919750
-1705146804
-77746559
511659537
-457304885
1575491170
449733225
-485279381
357661676
212194970
2020576315
1635848886
1540445462
1257975441
1871022126
-372707381
1442391056
-674428612
-1262307992
1721388293
-2051480462
747276368
1237626768
-137328309
-1152290985
143919588
-768406112
-1821598132
-773519279
576349267
-66405889
-1455711988
2135901597
-925139865
-776063026
-632449376
1435944855
1657772467
511994241
-581351115
-2105642129
-1339220673
1085582514
1348749654
803415325
-1528922518
-1532469455
-1362577555
-1326576494
-354373108
-913890977
-583732854
1676880431
1153327066
-773559877
-1278582429
-1839817094
2042530318
-1050001987
-582179173
-968179441
1633913671
1077289954
161653062
1692676820
1715572397
-112549112
1442783405
-1457496208
788653656
-322379013
1981758030
-447864324
1775952882
-1379188145
1684573477
-1425047301
1092229018
-403507857
2056385841
-769215097
819534091
1866990326
-433753295
1789915597
-1663877379
-684969667
-1949152082
1267505851
332720331
1075231028
-160257986
-388241161
-89964971
-254291339
-1021826554
1806181650
-591033817
-192910186
-1096330112
313455357
-1131965990
2063313342
1136767357
-677486405
-283209542
355266170
1161496429
1132964952
-1001342808
524196561
1112940254
-1813777127
-191275710
570081429
1523178562
-1902752780
-2084426432
-1748473093
290959860
437901122
42737184
410864494
-2134331779
1187118514
1451814405
1373429663
-659117294
-1981952895
99639260
-1902418720
-1445241247
-1964045081
1951045056
-1538511694
-1527294068
-784810796
645606815
-2029508964
-55947
-1812996389
-1890647011
554873661
1264397884
-728443538
-1150762568
1653609636
1895496453
548060492
-2105108948
1522667487
950860798
-245007562
1591592472
-160132143
-1647834976
-1539411736
1206841057
797800777
-1604837324
-1309995705
-1493162795
-581980081
-303812968
-919622698
-828878957
1293119167
-1440556734
733771630
237594795
-1925565412
-205481851
1944667182
768442497
691975837
748134675
1308660911
-1647006346
-1691480692
62808514
-1374077316
555764040
500739280
987339154
1468096961
36315321
-656472632
-613725714
-877352895
-1352894098
-1381572263
1286080818
-939327603
-968224230
-1484535990
2062580077
-1448328590
1554219227
992872142
262465383
1669891507
-1682336797
-280415134
-555395611
496761847
1311938651
-1569443623
19953963
1232119044
-1181570173
-1469444684
486041281
-1929429971
1419082269
945578679
-932446854
-1265362423
-1839590901
-937105224
-2111813199
699661669
-414733769
-1418367559
-399152682
-1261441157
1503429810
-1324714439
-1253656792
-2133411997
-1157214433
592846790
-919718205
363172041
347448658
-77719337
-1918920995
-532604449
-1034642893
-991903272
1277115468
-1327846251
1013082856
-2021471355
1075717195
-1774872825
368361522
1929897594
223059580
-1623005385
1191256599
1370380299
-1011211472
906083835
2035777985
1022265425
1099221478
354245944
-845087322
1801248133
-797498350
-610179760
-314293272
1803384976
-1643020258
984610264
1615017725
-734091550
-1453336395
-542333554
154908818
-1983373950
213513278
-49642102
-2014331220
-1449504411
-169379674
-1944411214
-1571350768
349864196
92993378
-1508130701
-411075355
1214071592
1264793012
698559405
-1666849641
-1194676473
1210201388
109182190
-432135683
-1957400172
-1416773519
751377122
-1572057923
573006867
1452638273
516015626
-775584017
1145534443
692509877
1624742572
-505148928
1948126143
-2075709751
-2134098422
-290153000
1810890174
419497499
-1369691434
-471736769
1693585210
-1556510989
