1572365812
-1451958966
-1416497671
-14674978
1465485196
2015334038
-694548796
-148120820
1241321439
1347832709
-940729168
-1944911997
150166022
1951934301
1891277869
-23023898
-1199513091
-98914718
-2135873504
-1922464156
429820515
327529029
-199628974
-1496385969
89258621
456845787
809548810
1721551595
1830770816
-1593092082
1289802231
1941302920
912647183
-320360936
1823024724
2080553171
328021250
-231203603
-289477050
-1926996120
-1610538392
-77903368
831881095
-1265214550
1196856783
-455910646
-624320695
320854487
886296258
1017335183
-1977066668
-1559984810
-1019553134
600706306
1441255793
-1484437933
-1117961127
957086882
-577074933
1010222221
-1830010565
-471668635
2127315730
-54738066
1382604015
160928045
-1144953822
-824792229
1699474045
-114341831
281042148
-1701129139
1588968776
1412124125
-924928844
612591008
-1821249969
-32577675
1187093124
1405673258
471577007
-128163689
844898303
1387503503
-2081193876
1120168839
11764464
391052244
-121693584
-754543377
-397137691
-964838351
-837212974
-457654577
44577039
-484896214
-1859786660
-636037454
-1307918228
-2084545568
-2064190393
-1151648991
1686203431
-1651423068
-197154488
-718044068
364340798
1701130956
1587081423
-1075010489
241979493
-2052472118
-1229806451
590123426
-163391190
1773678457
-4888009
884929149
1828292441
-1175474246
-218101878
1331526122
-1143318623
-1156779713
-1869122930
397667571
1574178935
276932774
-1269751267
-1251278130
-696618951
841780937
-466394458
1527026767
-1269261929
453205844
1912582958
352767645
1809015342
-2059031401
-426283369
-157590232
-1685100683
-1159160676
841696549
-1029521702
204017116
861463420
-1138079171
596327052
-1991586255
464621294
-1578263953
356394683
1544582470
-2124712160
-144056907
-93489029
1819032017
1106405577
-234870276
-860435029
-1154691950
-1953866625
-1893987868
1018193513
1049740987
-1623175355
-1897616444
1866973640
307108491
-2102947736
-886866704
1210110400
665741883
1146984586
-605899459
136313445
496199966
-1441022466
845846213
322457692
-263279869
1547655767
-261331481
1144703626
-1183676963
-1858718405
-1600758383
-1745200371
-1785992795
-1815721860
-138665024
-1511775377
-205041025
1325740392
242451016
1114257432
1878014235
-213589152
985491408
1787995909
-464738978
1031827367
1146058016
-823937609
-2066954432
2016212603
210934431
-905868691
-1709131273
-838855319
-1582331370
-2082425708
1204082005
1853777629
-901119814
1756645502
-1103679122
-1774590216
1645751656
-638221742
1217347709
584143270
-560744654
860759107
-455433465
-1572942354
1255548953
1947075588
120625728
118848140
1116389404
1533508475
-358630226
1832038332
2046555249
-1053445964
1865404684
-849278376
1155735314
-641013480
594277232
-1615293403
587539066
-1066116130
1216833711
1298701673
2031027632
-1388038208
-1804483584
-666035264
1641139332
646565874
1129661151
1115333167
-1876094952
141239375
-331054285
1326007929
-252961887
-1802356523
562755506
286787505
-2049863313
-1005326253
1852161668
461867536
2085215274
-1512219040
-400507354
-863749112
-84086691
-1219509105
-1846661999
1088764056
2113675832
1518513888
-275979110
-1511621919
-774827119
153543544
-1523307109
1763325690
243203628
-881059436
562157907
-942248961
483909179
729197499
1653726218
1713439600
-694468313
609335603
-1338719495
1651380663
1022147728
-241341771
78425319
615058442
1561088402
-1784656285
430876951
1429931891
-1726267318
551419641
316711009
-1186114260
1046220696
1392806467
1474964638
1974014000
-1274753755
-341488946
-793705911
-1769377778
2040973735
-1238030110
-1262497694
-373295873
-2103487133
68908719
-178210155
-957955781
-516341517
1347804101
-689778277
1884205959
-799070647
1437270985
320089568
1008473874
-365249037
164430949
1131450470
-1193411455
756925600
6794880
-551637528
-518418360
-1965738782
1881554607
-1110144958
520356411
1498405173
-461430550
1599961616
574280292
-1836221889
-120865918
-1509762924
905156374
1700539737
-417499822
-624799780
203001922
-323123379
1319136052
-1286906589
-1839162360
-1054492831
493848758
1299155831
-155557743
-1990013292
-1211828210
809981596
705937179
1226487591
900537674
185063472
-267525035
1018339422
1074893003
715367183
1908902380
-161815929
-917189389
739471608
-1107280539
-1037656261
-1676770531
-540440976
455655469
935764451
-1090270259
1570566374
1569772782
871580797
-1485461976
229114647
-166457821
571038880
-2053932378
-1402489933
1504473582
-1273334595
-108620539
-1256209856
23791400
-1796155993
-1117337216
-278804929
834903994
-1198775212
1220000065
1238600844
689599530
748918757
-669947373
-2026674422
1297572984
1745292259
1049503067
1096766078
-2010385877
1435005643
1371722312
1124996795
-1493809242
-1179947828
-341426359
1916257535
1190977727
569444046
1797197503
1562196125
1852024977
-1787697738
1127693043
-1196130853
1458872465
-1864801816
-1250990774
-1422245091
1591960799
133715724
-459578185
-418990014
1582571998
-850482155
1448396656
1388740685
1810091782
-1202268289
10959844
454990152
536396536
-1907432489
-1553591061
-1999872412
-1283459886
854505600
1473862975
868288613
-1943241020
657697459
-1721487830
701124668
1536439779
1214618311
632110465
1146099701
1893559100
150610354
-1108486448
1053375955
459221548
-1270967601
1285206998
-1794638408
1893107695
1828312545
769484851
-677346102
-1192699787
2059623767
1032606815
-206398636
-2100044676
-1579369263
-172338210
-58095383
-1364575014
-231758878
-455697743
-686582066
-1165236454
-68533993
1424520719
-614148967
-2094063797
928010552
1576658004
495911701
-2029495533
-1174970675
931084345
-1085093528
430717450
-502729245
1320762182
-36923273
-488100027
1217253391
99779460
-746463095
1740877872
712064179
-1857032075
374963498
744815776
756828543
-453541048
743734097
-1980640217
1400663867
1154483784
1737137605
2083892394
-1958623550
-1555089514
339755963
626802225
475859537
1911778071
1763808708
1537767422
-1501174015
-564078673
604576997
1660760800
773218961
837419950
1534470151
-1416743736
-82814615
1506673802
1077519249
-1788520036
-152151845
-1410431537
1780893523
1724970315
-2010031701
560646994
804994725
-947010783
699473617
1303126700
881766095
-1395657125
-1345504131
-800884762
598720427
141836285
586746714
1505689969
-695334263
685432291
-1644360682
1117402968
737055570
1148978966
-890470622
1188661688
-1705725969
2103855457
-2072628042
201755247
1405583851
-489903069
639883543
1901624850
306374230
-757879707
361447708
1176537125
-882049043
707356206
-1398179091
1347413637
2014822263
182877974
-1831360754
-1352536024
1386745457
-1510300136
-1438261861
-1235563767
-722305043
1665186988
1944626133
-1658385059
-591942730
1636039957
1602860508
-1514684918
-1545037896
-2105495049
561326270
-151426983
964547486
-729787604
1464346800
-428067095
1462905532
81402839
-2114529382
1284393446
1780224047
-912364104
1752371160
-588727173
1714366787
-1639672383
481693502
455282053
694262292
1553450474
680218205
354934664
1355217015
-778479551
1754990596
-2111749146
447547674
1792782148
655832329
-1727920819
1390717673
221923186
1951793225
-97213071
69440691
1997065759
651228908
1800405499
1494337805
-1222880889
1974499565
490525888
1935664246
212786726
-1384174119
1949729589
628206011
1397693766
-166100522
818213154
771387549
655542489
-1347850522
-1066120554
2057263792
2036074632
1119819373
-269813478
-645041531
-84997109
-778375440
894253097
-1875896053
-1105824069
2126940703
81853663
1494639922
-932548507
-1285212396
-1042537233
182213072
280457056
913704157
-1116593958
2010584520
129961953
30730551
-1512731299
814834280
1264487565
-1704915044
-919244758
-1676131309
1481354319
-1836411776
-1660613669
384659743
-531482261
-1712705322
995655459
1718604544
386487763
-1515611688
-1643142330
417887653
-1634123591
-324298488
-1658069558
1416399138
1721721189
-2083577743
1648679278
-156542578
-2117620921
-1164386510
-1713677733
-1211539154
-1064325297
323164732
461939097
-1596466990
1645801084
-85209766
-1359211580
-1786090881
-600489549
-1416275855
-1801447682
-691869107
590441169
-768721655
1490705447
1252342162
-712039677
1662562315
2003502923
1835251776
-1323222444
804455372
1689348956
639035531
51485831
1307455049
-1680585440
1257842894
-1266528474
-1391464524
1849090412
-2104907857
-688407334
-1433248465
293796498
-509086080
1741414909
862639062
287578391
1273748968
2110729837
-1004627965
227955625
965957826
1630875811
1219208396
44517967
1201330500
-1455923709
1722838992
83269858
1764899940
1975618677
-312105677
434535611
-402452618
454357299
514400230
50635181
-1327297511
323991780
-494296533
1241401909
-287838636
312380650
532091480
-1145944336
1291847931
-1866032649
-818724902
-1289326260
-1555743657
-1306530842
-1663339396
-280126078
2012623621
-54971704
824399337
1004943299
-339998434
-783661764
-1898062993
1971912881
69255576
-467930109
981031941
-1769825008
758984171
1969291986
1658845327
-1400247107
1802185719
1675975274
-1082268065
839933150
1816354340
1437976550
-821862913
403220826
821805514
-1716265645
529543725
1507049867
-844183597
1747896197
391336742
-1278557134
-144125025
819146024
-1534541273
-1328003413
1079264295
1859218197
1633990960
-603825311
-1137022108
1513800166
740494090
1256852355
-904783887
-460633909
1365114763
-1252247561
1069192431
-144721505
255864857
-547678834
-1383316440
1957915190
257501292
-1379485574
-1101646218
552863480
588566423
-180460804
1609721445
1576919730
5365064
104565601
-955221737
2079125419
1620303694
1946340654
275851624
-1092897290
-233729189
1427519898
684376401
7002886
917018891
-1231570116
1429292433
-830402937
902545444
-1748926204
-1503447159
-279154581
-871270625
444965999
1812336999
1930150978
693902823
-1178239242
1609293959
-1258879538
2112766176
128213703
1596826133
2055484118
-78053334
1853926070
-1518582282
1600020026
-1202510042
-1738975882
1220836328
-105750457
174831672
-636116989
912240359
571848780
-562892594
1569149794
-506539310
-117345427
480315809
-849888884
-979244978
403975350
1479685946
882535847
-2080810262
-1528071565
-811356488
1203796855
-79913596
395730110
53850831
-916880877
-948721430
-1398308520
252898580
-1984442917
258425027
-200838980
901617527
677879209
-259644752
1460926577
308754959
1085867846
-1949596755
-73701729
970981661
-1163972834
1925545917
454519525
1612115786
1042204471
-1264558138
-680218519
-1477152717
481364319
-368715335
905020720
-1746071769
-1197498203
-1712476427
913253038
1329747502
-1984874999
191843565
-818517088
1388583245
1338348662
-679848953
-739626214
1816441353
-92563472
995502279
-1217503013
974581544
-404071415
-1742277844
2100070120
-1005273922
-1357226599
-1497845670
-1282163625
-1776695193
-58555475
-2018035080
-1321545365
-590502448
-1835514945
-108762405
-1796656927
-179488900
901862695
-62145949
1480327817
-218406971
-857167919
218432549
300049175
1019035167
-438332880
-955363766
-658193094
2087091364
-506500494
874429750
1914228718
1683911116
-1852899595
-908913428
-2103161330
13572731
-286088711
490106032
-1534655700
1597714496
-832258923
-1515194131
-536053340
-781656101
-159376145
-1679224999
1149509102
862118912
-1857784921
-1798518442
-13681868
-1339422630
-1492077421
250931355
1731833124
298670290
2115391153
-940711405
799759110
-935362288
-1129091239
-2131348732
-930230256
1386487873
-380517198
1853580404
6456569
1899500826
-364219546
349790407
331067083
-1767635427
52900761
-435748948
-2087540995
381200923
899926294
-920327110
-1860943680
-225929991
324160203
1821526357
5021593
1187744950
-738726537
528267350
2007065391
-172774740
-1008777823
387425771
1101151334
1495059733
-541575989
-1073675974
2124758955
-1853678384
946664935
-1139293876
-1524266863
1505078117
-1277756150
-1033184087
271581853
1661365574
381001311
-131229890
-476877987
-502721449
1408479325
-519550329
-1421483585
-1526296912
-1268212420
1894452201
1338218143
1399008673
202676132
2079970655
-1722846559
479312118
1436477095
8393817
-248003264
1980625531
1574468849
-44842272
399397159
-1501737534
-965456066
-2098303235
1894009279
-658710493
1682578955
-519777189
2089817608
-1466970876
-1584421232
-1815352277
1208741036
1813099097
314535660
1571067719
-1478910639
-1924867730
1151574434
-1445640550
38345518
-1102303261
376351812
1837843902
1296342241
-1654829832
-885877395
-1546417178
-1390516866
-344520949
-1381810701
-1042991363
961121002
-22192803
1730085213
144053519
-1062711958
-828130788
2059168146
-80486424
-1095773066
1541066909
366143955
-234680582
-431332141
1091017704
878695659
1588487043
-463576096
-1124253319
524965
-645885201
57785391
1007410245
394909821
515093370
-1052346537
1699902458
-914708071
1110986521
-674848505
-2086493045
728080889
991969434
-1318926498
511228395
-1257131795
-1946697975
1332194426
376652824
-1172887865
-317113515
-1274741425
903964506
-918226478
263124020
1661477305
28273868
-589240702
-1914739645
1357609427
-1787996389
265084652
80735856
17538185
1587773325
-1655734920
-369398629
-690394261
-865763515
-1562087724
-1794079621
66654148
810805444
-128645333
-60430658
-1549060885
-1841195597
2041083542
-229581708
-1411443752
-1883665185
58609874
529319597
1797334009
1223607428
-866296781
950563936
1770227014
359613645
-1884562471
-598183282
517633939
1216900763
2024130848
1692121766
192443172
-1209898363
-403132324
-1584241877
792376966
1253377055
83109062
-1380174189
-2039456356
1700296063
-1229389904
-665889678
1513313783
538502908
-1044324608
490029271
-1553218453
2036049721
-1380280613
-62978570
573288414
-158245023
240093856
1543982086
-677771933
-849295437
1244733719
-1727820948
1417759110
-618028991
-166934551
1098104089
1795656425
-1934102029
-268944813
1341271343
-1134925297
-822354990
852426518
-564440086
-596424073
605712515
-1558883918
1407178941
1002766572
-1167038448
528739026
1771119547
568693531
-1654150674
-643605495
450568504
173792358
-963841221
1309995711
-1453057104
-18732041
2019761478
999446117
1609945063
-974376938
675661908
1116493295
882974544
709870271
-1719308639
-1461413757
-243268430
1456827247
906175396
1287988590
730836744
1735305790
942834583
-1974208681
844555944
1729978418
-1278437578
-1724903754
-676650840
108587217
-840519738
1133033350
-1490492291
1349695735
-1630765224
1484191288
-149264412
2059769578
-399707826
-1723052053
1657898244
-224936021
1696433950
1292460506
1462267604
-712405618
1735408982
23198741
-1490106438
-655395828
1662270687
618378100
-952172940
-40934184
620354693
485433031
-1710090949
1931932207
-1284065610
-991743150
1546008357
1837154932
850319241
295531640
-2144419894
-365614853
-598456574
320400053
1904908586
463140900
-413240428
283186641
-1977084978
1210769580
-1502658330
-619884974
-703881940
-286723521
-1296843047
537676337
-501155761
1049432400
2037042378
542554321
341105847
-816024019
1142697236
521873964
1383014269
-734820019
-349254440
-1855670961
-637285702
-278875924
-399162369
526455304
-1873557719
-1461328935
-852242048
-729671204
324795403
1723864462
546527198
1451353150
-270792374
1244712833
-425124364
403698174
1896611809
-1745384519
1643337716
1566645247
139115642
1244505251
-1230586707
-1505543891
-1283143592
575729189
-1792431349
-168775763
-1699879817
1714834419
232629220
1005544789
1168483057
1415502113
1868569585
1175044957
-561925470
280982778
192408089
-1993883305
1723777295
733202703
-160115211
1354312540
847451779
517151890
219875984
-1849583737
1647071354
-269580060
-1903398546
2057944743
303291971
786785131
1849571791
-1694421969
420226016
1618342057
-1104605132
295074161
433219376
-1677871990
-2025403870
-218396661
1892674383
1031664636
1851296293
569274273
-666444227
1970158533
958177303
628560588
263060669
-1372585840
-859067998
1628737361
566759551
9677896
1982379778
559218069
775072896
-1492079448
501774351
-1780141232
-1594242127
-1084795118
-1511017094
1758297473
729036246
-50547296
-1121346986
-1268021855
1736887985
-747794056
1958384090
-1509370341
-5557409
1113017956
1113374053
-722423302
1425558017
-611685470
-1660991807
-455134236
-1624135779
-448545289
1116869291
1238296646
1137504327
352761610
2088474515
1103714000
-567634565
1191464430
1808719007
1521626915
254908109
-1582342912
-751573771
357305545
1800677571
-1378318094
-892007623
-1758394779
-1375902207
1320748328
-557313708
-2107081685
113667751
66373954
-493754249
1172756881
-774661642
521276409
550532447
-707051962
799055417
1332549422
-586820390
813318755
-1282616606
680315200
-2093685623
1395935712
568783090
-1339205731
-2051599386
-264692920
-129370722
144451227
967819656
-468603472
605227823
2052639368
-301881179
-365665819
-455959511
1385989631
-1276173607
-1660478748
-770116433
-1263871619
-1814674907
1560668558
1730221605
-555550669
805701433
855392156
1239589143
-609012195
-1548077067
1034542544
-667027112
-821247150
18848301
1259073900
-612104082
1275545758
1998231212
605426919
-1160953299
1900624205
1789298811
103688158
631885729
516091465
-1069269917
863580744
619643953
-375923097
72508591
1228326638
1426358528
-1796044803
-309131979
-1119119079
-162157930
-1389043785
-137553001
150157708
-1817029441
1740658858
766117830
1503407796
1974716595
1773001129
216168647
1366350877
-1813411466
1954493399
650568121
1380117800
1927510657
-430379395
1701559062
-692701445
-2023404382
1156348957
-478014407
-1981594184
-1788259040
-869782329
-26658529
-1669789456
-1017695455
-448564822
-1349619599
2062046042
288679760
85149165
-2013522495
-1449451073
-958447174
1392234687
-1622567916
-2048598728
-1782527496
-1852730195
-365820768
-881324901
1481409939
-1873952718
1160738262
-1979635406
-302759773
1205760916
-657121630
609061550
-207078215
299175917
-1467809296
-1386176933
1902668286
-301866105
749848178
-1622614636
-749891940
-856832147
-390216032
1319712632
435355740
-2066251202
1426365696
1812128221
1905251471
-1499200444
429437095
1410778500
-895964622
1737347268
402818558
1383397774
-2135854516
1683040407
-876619831
1875116591
390650523
408406521
95206501
129025697
-55755153
-2009048672
1719884624
2081649242
-1492827692
810207504
1952642798
-1427851904
680819446
-1242280403
-283685238
-966649700
475450817
-308101103
-1696228198
964122510
-8167993
1390963999
439661894
-110233664
1244805735
1223081560
1606027563
407080350
-546428630
434584557
-1926393765
1545233733
1571697264
1319618324
-1037901400
-952139142
-95890357
1078992158
63306274
1148988381
-1892876374
-1194068023
1428060381
1947759965
1749763001
-1645846830
-1469820169
-229147154
-539243640
1742208718
555566040
1737315449
-1940647446
17013050
1282047419
2138683412
1655271327
1762189776
1700945518
949102451
-643045451
2051497244
1456090197
932770717
-1843997142
-1391455155
507518900
1199983074
-257202986
-199347632
791034924
1956866315
1048767111
1850990106
-375210362
1124562387
1980078189
-608573883
-1542249809
262709910
-1294722632
-1936322082
-543488509
1596694088
-21427841
-95081860
1263036877
-1849262425
-945724701
-800910443
953883150
1999346100
-387362956
-555973876
584399997
-1815870881
-1086523437
489369357
693586895
-2000118656
2308759
1633060125
-894827720
641989646
-280859276
429932140
696057392
-671710326
1506643098
-626694803
-2046226310
-1346800196
1854569562
-1271816024
78748257
-1869287775
-322420465
-1535387954
-726639292
1753741219
950423867
1065385997
1745589333
-348050678
92038640
1453275301
-607234659
-2131125582
2051304816
-1863948101
1484226371
-1316295170
-572619753
-3074707
118732044
133491468
69277561
-1410846938
-340053467
2098585385
1327863751
1241116978
1114927904
-593716601
878992246
162473620
-603390916
879883053
-919037663
309291031
-311836695
1346569006
9411502
2030217122
303360394
397710877
2048169136
-2140169008
818352252
-1587840577
744272140
-394533184
232658774
639411714
-710061090
220985129
-1334559886
592670766
607165341
703470256
715004076
-984924838
2097845628
1107112573
-1432443543
-1166186464
1677968147
-482544885
378563290
1507544468
-643574210
714783807
1983085954
1316468081
-840841403
1847287484
2072246773
-262010475
-1606637252
-1703976331
-88798751
-122089297
-714940243
1567400578
-1050102446
757211190
-725376909
1835356727
733807665
2947484
-272576280
-1136541837
139146253
2012989123
-688536254
-574396875
-893516259
638183855
1248420666
-542299788
-210736763
-1050438787
1976082670
-503986897
-1311373864
1665881748
1680899335
-773403199
-1551668770
1282025497
98358558
1180422266
-1295785322
-109476696
-947667365
-226858644
1241988733
-1591825344
-42253217
-529177982
-1521352432
-1532417666
-834555293
1685729237
343853712
701896717
-1495348575
-905355966
-1731725307
-807608740
169250802
1223672119
-906182780
86068882
265061816
203393229
1010126003
-399351106
-1501525507
-1861914340
1510842765
1165756499
2075962844
-2098740791
2041003874
1317383890
-606228449
1755438307
-936518623
788434376
1142292009
216561647
-258234407
-227289605
1428512534
-680537535
1396565629
43794912
1077783840
1225686157
1950540263
1424472399
1009729860
999065020
1957066783
-1917256583
-2055342812
1081614595
-228406820
-1952806375
2057953071
-1370089166
1461636426
69154025
-1929040642
1511368009
804047117
-500032425
-1608335359
957641297
-1320748155
-1583285128
-1803587494
-545720728
-1734806957
-521729732
-943580664
-59350756
-2071439844
804112611
1544345672
728677628
-149410164
-740515409
-895741129
320673388
485352093
-731443493
982926267
1413135289
1269791001
1771352267
96047524
78637677
-756621987
2029890692
-540889075
-997098013
525216863
-1574367651
-46490616
338850589
2082819569
-1167973385
17768825
-1079421484
-1586405818
339018089
808733250
-1852380464
755674037
-2062441024
-1647633504
1039969146
-1754903363
2140697254
-2094250540
-1681463634
-397110712
1913252704
2080090629
-375940394
-1547838924
-1048645891
-1051469212
1838964019
519800334
-2094145076
-26806127
1108009598
-1258087904
-2141947378
-689662403
1703214255
1853212845
379921388
2051701775
425599515
2064051578
1368535210
-1858045237
1959383492
-540000880
-943700707
-1048728911
-1399101204
-1705857216
-1366508710
-474497758
-2001388053
105864807
2066475951
-1409071991
-1815210942
-174853901
-928083753
-367651208
-854508049
-1064681563
58506088
172698641
-1500578302
-854374632
818415760
609854631
1555562607
187802881
-1570893824
-1884893532
-1149764826
-1534581321
1348418855
-1321903444
305187937
1224025590
703432611
-223208190
-635917764
-673461025
-416694540
-1623129813
-1349306486
-1623694782
-1458741902
-1213000752
273060325
-2018687712
437917312
-956774680
-2111132410
-1953872277
1555534850
-684600298
-1662873769
245918735
615192332
32399695
-74169402
-1575985099
396095451
-1186247745
-1955752740
-2130571067
1750270216
-36848403
2001790221
2035827501
1888666106
-863998436
755415121
-810868639
1766356124
1545027060
-1996111117
608238882
-810646961
1426324577
346853800
151839361
1124283426
1236373691
-1125835038
1055824550
-520734144
-272048601
1574693222
-648002099
1109571241
1001720380
-1460051940
2147072913
185777956
-1429009943
233158437
-588104595
-1666938252
152213653
-1957922254
-213043330
1199094985
-2104689273
1368813587
-1897453427
-1265334407
720913287
1982178190
-2140941747
551129071
-1977366843
839427442
-1622189856
-325004829
-2011874054
953637866
567804063
-1411059509
53189581
482145046
1134466330
-650400623
-786464393
-925383977
1081588829
94727557
789513129
1146174954
-1529300363
-2076894316
524093612
-333627848
-129078990
1107408058
-1291153718
1886470763
-419076051
-1946790219
926057964
1257861316
-1437153012
-1137922054
-38330492
1289384747
1706867716
583601132
-1904625492
-588480377
566689951
1779330635
996459151
-1467144369
-1444995393
1439986154
-241087224
-651514527
-1071076382
720363172
214439816
1602558226
1288315046
-1900402032
1972915259
-254920827
-1750138225
150166131
1639729517
-627887040
1973184008
-167971466
801578282
-1645242884
394071207
203685912
-1877240027
707966140
-581262411
932917861
186127578
-1071776480
-238164244
-1926898328
-51352586
-1032612614
1325902722
780612573
-229533962
-1812843231
808523622
-321852886
1954613261
-950776699
1761708233
652698000
1919141450
1354088579
-28511777
893440669
-1678264070
-1440424326
-46813978
-1169675547
-376715958
1549292190
-1881600921
1881379313
-1112956367
-1848821748
-838980677
-1003894410
1382975116
321754653
-1430076464
1834015945
-1891756662
-1458512130
-1917188052
-1869360238
-1131598519
-1775418496
-894578638
1274305471
2000190401
-148246484
-143486812
832085692
-1917518368
-273709158
-2025658007
1473557984
1168559351
-665489918
-1893741681
-604868054
-1169367468
601864723
-486638702
-1283364052
1240897839
-2060787965
408810462
1176799558
1017276105
1868522470
1819372434
-680427753
775069906
1490631747
447088006
1221191217
899187210
198415844
-1473909873
626848523
103480619
-1348259858
-631547391
1778119739
1264164358
1331072816
228220788
-1369763612
-1890985748
1211409343
104879307
-1862600084
217017423
-519588926
-33271439
-779123342
-1273579352
195796873
-115073050
-628990465
1541550746
171168484
2144171641
-2005906693
78271318
24016818
-673482666
1769125089
524397377
-523256392
905757379
216949686
-74122540
-47625293
64391846
448505910
-843483708
624897455
-16937398
84632656
-1795582878
1183634585
1390796642
917481173
-1366091965
849476371
-495531699
-2035954069
-203480797
329810823
1023432603
-1792317497
197626630
1310827390
2049196239
361118490
-1879386465
804909106
-1189332634
758856908
-243113226
-151445407
-840699112
888624487
-1401632956
-1819568285
-764588963
-1272433451
-2118617055
-1775170177
-1352043470
1165141198
-1503061280
-21173895
395970076
-1021899125
1421093689
306847599
-28745107
774645695
2610985
-393369372
-440809787
-173868345
-642173674
1481632285
-514921765
-1048134113
-327862219
780572843
959325565
-1759629544
757204783
-519178423
-296919596
-491035705
-2092132094
-23495961
514411757
-1084078016
1670954021
-1772016378
1843385204
842873604
-1209537553
1687314246
385050561
861568183
-598894535
1105167420
1690886168
1839490838
-1643265215
-1108065911
-1069474516
-122577113
-968025647
-615510233
-790341403
-1087785295
-1964512864
408614918
-533914269
1330508014
-1487431177
-1565700137
-1814222783
-268624258
602180247
666661414
2040970781
-1367030625
1557953753
-290726226
-635882920
-805239909
2086923031
321079016
-228088038
1999630465
-1040518582
-33595163
1754089880
750016023
-113987084
-809725091
1807912601
1192169742
-542489024
-422064377
543896373
1616214903
-819937178
592652586
1524434399
1025416054
1315684692
-179238029
870038438
-645396172
-1744004470
-1332605687
480662967
164544537
992483653
1724827870
-80291034
-83407045
-1469358113
-1599584952
-1172477203
1497636113
1394241909
1971241167
376171060
1513075307
-2062986294
-1758988216
1371001554
17580198
-1259672726
343620130
-1970543085
-1301752038
393147922
-1640310017
-1560557637
1576008663
-413481137
-1840783482
-676870837
-625304687
90090340
-1568280713
161435010
2043512024
-1071377296
-1801263617
-1753949146
-1441340789
-567347760
-413756596
-843162109
-458987122
401535425
-2048621724
292114740
-31314502
-1492959926
-1796022734
251274656
-1489153515
578707032
-1721322270
1430430151
126158914
-1390073814
606556269
-1198305346
1494717243
1148623343
28267895
-651676040
-1777319620
1811973036
-211037864
-590257338
780570882
1247745379
-799636361
1289488288
1581119029
-1031553935
-1019609633
-1907806427
-953618143
-155061449
1021533195
1336627680
416902572
-1444485379
812566276
-841726260
-1608278652
-141879278
-1122437203
-82748775
-321404521
505108535
-2066653091
1816891056
1355454152
1963510588
1852689070
-1069661067
-894740001
-295318037
1595506324
-816391989
597792448
-1758468315
-844675407
-353111076
1067202271
-1159387317
-988879386
1625526553
819888883
-1878681121
-1630285267
946537344
-823194647
2047323498
731662501
286554652
-623399141
-196037217
891096814
1429326034
233122241
2133912512
-504400458
-1162053287
1879568295
1844744512
-13864812
-1053333366
-1763755744
571611305
369153812
1790342105
-1047364550
496466111
1511793426
-1921713373
1730987314
-730395163
1511800907
-2102642007
-1334795734
1400286656
841892144
-1561935524
1649579544
-1433808614
742722813
1881048922
246630145
-1584793592
-440116470
-960010056
-2066621593
399420493
-2121298079
952109185
-1249756416
-1420245503
877743248
1547657215
-944101720
-379922835
-1060516161
1836416568
1539529623
-2111644359
-1069587452
-134595653
-711969322
1409788872
-384985611
764208796
-1936488978
-834757917
-804988802
911485628
2018741731
1134851732
-636104203
-1006781875
402348384
-2133932972
-2015326101
-384730476
397206835
-160905368
-713998267
281295089
2072627706
1261561735
-889636854
-1647170532
-1248895458
1445551552
1491889533
1621738928
197034752
-1546826854
1339598830
-1296853011
-1764322958
1863426172
1674380236
-1911794759
443423081
-1307217585
964533119
-1429069080
749431024
-639392159
297298292
1165419196
-242610594
368452492
-1283606664
949813935
-491140661
-301937002
929017674
287116143
1022796223
553392091
-1527652246
-2144464343
763432748
364701993
1447743287
1586207754
1767404702
-1042145558
-1960386248
1746384386
-1823910736
-1380061304
-832750919
169886922
-1862009919
358868236
-229875302
1801113896
1904709864
1852460296
-1393706654
471487601
-881278428
1232618167
-811848550
1131858255
-272990249
2091366242
-628385960
1263961284
387087221
1112874244
900974361
-305816722
-401973896
-445868239
-1312087084
-1979197684
-1613109609
987682355
2031769163
60162112
-1925877706
1978007669
984842147
1493139606
-643858401
1818578468
-533932489
414556356
1016292210
-1741407470
1604828072
-564795597
-1094056742
-1546620194
1726652472
-664970562
976843265
452975442
1910851416
-997806663
-2004695995
-1935777525
-195280514
-458123980
210329771
-1872139681
1022471996
-1219374977
1613349651
1683297402
-1668374130
289973489
-877311827
1058381514
-1181635725
-336342555
-583291477
-1152800611
794589374
1835614469
16921144
1985488135
706969133
-2105084214
-1642882392
-505468663
1635784378
-1225586878
-1596752144
1958672366
192324145
-1231056108
-315450025
-1549864456
1386707202
992153793
1103701101
-159364804
-830813864
-982161876
804726844
-70475574
277131625
-559507876
-226838851
-275973616
-1067439345
673974143
-823246963
-2124966785
-65758057
44934449
-157728032
-347495570
-536665383
1091330814
1663597493
1649147455
-1550456696
1089463077
1132591435
170929855
-1598218549
-490650210
926735315
-383417902
-1192596724
-2066390178
-880039834
-1680081329
-1007362545
686356953
-1780258759
-1331337688
1230817349
-600470840
-2036791538
-498948658
-2079850655
-242355156
-212753171
-586263085
1090808107
1985873042
-1380331757
-1592053040
1147658133
-413626473
-1178414037
-337137784
-1857961461
-1403795794
-823875653
-1162476211
-603731953
1955322400
1691748576
-307599710
118286596
-1719654828
890495038
1103575073
1482321225
656372048
-1565783759
1190753183
-82805623
-1069810561
-1605436857
367368589
-926106288
109604532
1693384946
1766315169
-1966417438
1911216750
1886061689
1455436724
990641736
469984349
657327152
1292770797
-147872854
915951141
881575144
-1202952929
-1833091868
-160339615
859201960
-638477713
444831826
1011431146
145732508
141461818
1336675054
1125791320
1465173325
-746652619
-1536378723
-361551416
1238418706
81735893
-1490645563
-1394257441
1437084358
1398447344
-261046750
306963983
-261880646
-162600285
-1906516774
333204760
1324392429
1409830518
-665067058
-656221742
1346502522
1678416830
1960685618
-687337432
-1903962287
1370274626
-649465249
1681307239
339869225
-1717409759
2005556967
1526412984
1750174389
-1872079118
1061927658
-2001136405
185733141
-1504367827
-979620441
798719093
1294052751
708566728
-790447787
821177019
-1038752386
-196968411
-896209613
939276689
-730435702
-1603376598
-1597168419
-46756356
-94995944
-1817879887
1899292897
-10752193
1052512004
1327303459
1104954514
-1516172779
-1160999027
-593940641
2094015771
-157883334
-575636592
-883949857
-1781590570
-54361040
579860473
405515293
-2019758626
-1381969601
-466827146
-425628109
-714390814
230289340
615886956
2008875201
-1378503364
1020763534
1505390382
-846610926
1028548929
-1264168211
115788652
-1074743423
1321746906
-96392339
1369334249
2008379417
3256403
1017436987
-755356816
-1297015429
-1775489677
1191589029
272887304
1812370180
-1130778676
46989791
-350548634
1913076526
-1319455917
-1178847485
2100391586
-1406942410
-1188256206
-639844263
-1756994771
-875995905
-1388196132
709914840
451989251
1974909750
-1742143646
-293153555
-1305936356
-1671287882
-80958971
749071738
-1047143129
1773958188
129379083
949294880
-1834448518
1026708734
-2084873259
1463329217
-2083754941
-1802971544
839500593
424729664
-291416829
1095681000
10745581
1264031882
2040022845
-1017120292
1436222124
-1545376806
-1163726998
-1717737112
253159420
-725078216
-1489964241
-1899563363
-86078554
815825986
-105541423
-1752001321
232825928
-1629199826
-643612184
-2098313882
-1304134111
1215098638
124933458
739302511
1671604268
-309974698
505590890
-640176108
577953391
-1447877221
637028218
774739410
985515412
-2142116707
1815391597
1293537835
1945521080
613942663
8927944
1809571460
432521858
1194449012
908030939
-1620891313
-723319177
1348572469
1657894451
-994036628
10897293
-686507439
-699988654
-1608600116
-467646723
-1472079796
-1673974111
-1783718313
-609673635
-1639887572
996260005
-1780733168
1364714477
1912058936
-442052239
1234527349
792576048
-1345253886
-928075685
777891883
-473675586
-319298392
-1482744078
-86615846
-669633448
-1641811882
446176559
1299001430
1733737533
-1391460338
-1380444951
-1370443778
-1663222085
1147087531
1131106446
1440430953
-1259342072
-1347056606
732932367
-677549762
399629906
-1891036405
521183004
-766937502
665127443
-1351409057
-139504751
-2076162215
803478442
1309936515
-1880288465
-1247634459
1447728423
1965401221
-2071565937
-1043375885
-231921818
-739606876
-765989038
-983429961
-708817570
1794867477
-169523299
-1856827115
501008570
-1152521212
-1756495676
571273282
498521001
-2123888680
534989892
6352811
502668274
1822098619
1112326647
1283384597
1726602058
-1971532199
1650041474
-827147771
2104860905
558159847
2038385937
2028749153
2131271770
-1940183962
400350278
1564230486
465213842
-40300760
849813102
2059133820
466005572
800037011
-1084269323
-2113813192
-2008172429
-2095105244
-1972721893
379228770
734983752
1533643958
516330472
1110493223
-161538267
233123844
-17584291
308932143
26424825
1126226540
1543309035
1648204801
697674966
1196061173
436701481
-320016218
-114184768
-1445230701
1900752064
839344268
-1760977722
2031923625
839062185
-1051460179
1743464278
-551187762
1895896986
-112943632
-1232833331
1947687123
-1402697539
2097841103
954420302
145530885
-1011159133
-289772231
694174676
1293428399
399321463
946351289
-1742386039
-1630393118
-339067530
-1291833130
-308268969
-1936008073
-2036029794
891788733
1915147455
-1629145772
1603142821
-573448931
1293702890
-1941046801
-825726932
-1077622702
1531139325
-638164976
-1144803788
1261621445
-1713702735
-1496151590
-1242521904
-215692655
-1477863647
-210236661
-434453732
2078489962
301005286
-1913061758
-1649072531
673800122
460694880
387739649
-1214941495
-1964367860
1988341846
-1811079628
-178505575
-1391337299
-1729036095
698603762
1837105565
-264910448
-87686684
-184352831
-1831014625
986436722
-1372379232
1015866527
1862847339
-2037057730
822792965
882317055
398431869
-2137714511
-1491309524
1490606865
-322738692
294288193
-2058959549
1991463238
-1312436121
143747642
333781736
1230377491
2124437389
-843221718
-1516550725
1336623604
-628849086
-1439304321
1387983150
-383622733
740537679
1829247598
-221975650
-366911767
878291882
-1179920619
-1171856473
-1621645115
971279846
1030164195
-1282988365
-2002301684
1181208812
629974071
1995781332
487874912
-1365302293
541805895
1332690387
1500200132
-1535015540
-1097182397
228187017
659703134
-1050412950
1712365497
1183358316
1250186879
53381825
-145441734
-1270138516
842859232
1236116837
-1751472066
-186878465
229652270
-751512076
-2087802556
1749885306
-671416119
-647526322
-1235584707
1909893795
-1030521657
1129276229
1650751274
-1239011709
-1055247554
1613708433
-2126594557
82448255
-825269566
-235087866
120997339
-1447466583
1762852908
375055880
-615484608
-1173489581
1132359325
747631934
-2004371225
1082015973
1167274946
-175223931
-2030162039
-1712384272
-806736808
1407965735
-169392121
89181570
998442226
870891852
123206612
-353523269
-1450444038
-493480272
943660947
848587424
-118085131
236315541
-1631732738
-1455228369
27977994
-1693938181
707891466
-727540814
-1082458940
-1412751090
281159496
367536984
-1725390570
-1737676576
-396160114
-339721472
1719250847
293344600
54808790
-719824808
-1018206672
1462589545
-1277963163
2048075814
-510291574
-514870394
-1727938513
-1769471259
-1330438037
1308584020
581621625
-1085157741
1665295051
614482081
639834560
-1431580215
729250146
1532731796
-971724839
-1591239669
1207941486
1989156390
-1383770279
967352161
109906098
511917264
-568879050
1686589222
1391228353
-1350736763
734105774
164026399
1639420028
1317217507
780112743
1768277455
1755596504
-1604432476
-1825221673
-461166328
-1938863644
1155303770
-1975288603
-1885924411
-510050550
-2075103397
-1030910512
-1298760137
-1041284716
1019035897
889594192
1221060893
-1050969998
-1914386954
-1382677766
1485787480
822264889
988937270
-862669080
550324414
-1669281425
1559400118
1716475800
920012846
-1033643259
771508156
109374996
-1295741213
-1155626716
955970128
-1299339181
-247979251
-658712532
-1728684310
810848735
-1765947491
302474233
-1553498260
1621209783
-884016288
-711003289
120507986
179091574
-789949105
20922392
875394343
-1680962125
2019873316
-2030045580
-1717180870
1252688811
-1333139664
1649881584
-1163928174
395178525
-1230410133
-1055852141
987168030
-967872139
-636502068
1436778678
1266317360
115675948
1859488731
1350578187
1752662572
326843502
1832536964
1769847519
1013937276
2068580092
1519737133
561497251
236314566
722553939
-719911159
721738408
214039649
-186007794
1700021934
-269760983
-1631441404
1949021832
-718490139
-334660978
-508064064
-1540976443
340010176
369697775
1999287599
1971179153
-733615886
-1909188138
-1930810899
450317801
1136235098
366459464
-1797898169
1296582298
982897888
1866690822
163923506
-243077848
1899477892
1264676624
-630833281
-92217359
-164529996
660657770
-21520309
864338576
-1698338851
-856662495
1812642491
1947184006
-568912829
-1515146608
367252457
990726167
1969576213
-550103585
714216473
-2059150735
-1187123525
1550124236
-262552017
71530003
1573648755
-1955732563
-155280795
1759649388
610823451
-1721239627
237166648
-452416574
-273917361
-708038538
835447715
644782677
1857190070
-585857626
1152063887
86058948
-1590263143
-892539611
-481417335
-946576722
-904514123
-55628482
1146147509
-389869412
429985105
439553836
131396098
-1781756387
-631174767
579909088
1025867678
-573698766
987240460
1053498625
-822327892
-1297689108
-1034751587
1244988468
-366403020
573402451
-5537418
1111673501
-86698405
-2024421750
1273112954
-1432355164
696947923
673636912
1628862410
78095867
634373012
-1168080888
-1378016864
-1647672864
-810113845
1939326683
1853511516
-1889610849
1871862547
-1801714020
-1100692004
-133601957
-1841300254
694352077
-1511597808
1671944972
-194729147
13509409
385422284
1856016331
-1091969073
-1869528989
1657376991
-453213363
2115773902
-1684286570
-871235227
-1594614868
-228609344
1927694684
-358695847
-136331411
280072709
-1683666021
-545344658
-1811313730
694376405
-2132006051
947740958
-1376933121
1340772211
-1276017417
-2113600510
-196407421
1450989730
-1682472339
697875300
1614714519
1052829784
1963679764
-1912907502
1035917250
494002353
753276793
370211957
-378592178
-2072923098
460477569
1641466593
-14386425
1964607486
-2087053103
850221357
-924879806
912148996
742437231
1726454406
-928355808
-1220219527
-2089557335
1364813952
-654614253
556335948
-1154912715
498989165
-80907103
366485896
-791914599
-1216359950
-358757272
-1363685875
-1221621043
2129730262
-1724621471
-2091720574
196200734
-895726563
132184936
-771321975
632881236
-599612331
1863941883
-598303435
-1721143274
1151265583
1491993409
-722250056
-975224435
861428304
1679065166
-2030871712
-227052216
2063253353
-1516419675
2137939652
807357279
277228420
-1978263298
-876258758
1768917466
75088801
922352968
-759701109
684410195
-1251834239
-1901599248
-466776343
-451932199
-1288692800
1811602019
2123741728
-2048937449
874446889
-2092806702
405729036
376033973
1764270917
-1392398540
1235933003
-1155649539
-1780528587
-1882557039
1304070962
1242976193
-945501247
-1980486532
-514163196
-644888196
-276268624
103433440
443840865
297701047
436849497
-1224757761
-387884037
-1848584786
2109906298
2050259640
-1069838448
-1451980237
651500359
1280972552
-1433507309
-1832359727
2116461766
-179908142
2080239148
715204659
-1036892583
630308578
-2126143773
1890407623
-2133682788
425473327
899963543
1418248861
386664305
2101243232
-340365004
444250517
1524503384
193004689
-283219548
-257409095
-1666009085
-366647466
1039149702
-969529881
-1217841879
1239116031
1205434909
-1620264269
-1737355622
-1289581795
289278346
648628107
-2109756269
632928581
153911101
671595547
-609211053
124288275
-445303639
-1351537679
206191597
1985539697
-142435530
1013056100
678428768
149546009
-501318532
-1501228878
-683115292
1028991063
323914157
7264872
1196485766
-1090669037
1227222609
-996752378
1804400374
1643528718
202431033
-1973286942
1667616159
-141519764
-134596947
804164940
2008385016
1556772465
-419759385
-7717390
-1317190375
-713738097
1195758533
-1348151930
-1080422255
-1455352672
-1040641351
-405657699
-1045079946
1252388975
-1263790077
257615834
216764092
389497980
724347938
-802553781
460611530
92875520
87293063
-841620974
1765630026
-1565992146
-1138610292
1515961415
-316586944
1753945275
-95763549
1528610077
1718809438
1274494880
-2025116206
1728823619
-1439363435
-73513954
1183345502
1560024460
533445359
-2022154494
1837595334
484978385
1803535771
1735751210
715124722
-1424917483
-351832759
1061138759
-1597565012
776517355
-960848712
1921538787
103112271
-171944428
1717355148
240340389
1880026557
-457111957
-1681821084
-1472892460
856929942
1437748741
-1388573908
1354698521
-127248218
677887380
118333103
1251145352
-1237541218
1405441035
51951215
-533215007
2106818822
-288098169
1112281528
-272573166
-1442061198
1401499245
817017074
-650081536
-61045005
1007904719
-1121402313
-1278353786
-867643184
-1397843437
630866725
-1862011203
2325622
639301846
564751348
948016509
1119832492
705297165
753416138
-128736476
-472174582
427036269
1219599949
-996300139
2113586347
386637068
694440570
75469187
1853015841
-198686392
1552554676
-1268248337
477956521
2127528935
-627829216
1526182382
698755231
1781391488
-2004516049
361779888
-736443085
-1037644776
560716667
1760131005
-377407651
-1932097009
-1642309417
-1195250304
-1301812466
876387133
-1734592607
1145798153
-1172317017
1023603543
152717913
997572366
2019420334
-4677481
-1716145545
805911602
-797646146
-971191908
1169609336
-1932230263
1889904575
813770126
-174273223
1631636059
706846551
-568765819
-860674423
951867432
-483434336
1618914859
1007180024
-1346062868
1068002843
-855206753
316110069
1413180324
872561891
805513628
1795431703
810804752
-1954284763
-1931145254
-899058758
1058117305
-831665713
1689694899
1152503246
1396281397
-1343398521
1221592586
242630379
-1911872855
956775134
1143726184
1455575719
105331854
-1269104187
-1061792921
-2130082004
1514574776
303856703
-2122471853
-194945788
-2057643372
721577048
-1121593587
-1364455370
-508066383
1065817429
-543636174
9260695
-119347839
233217068
-320115843
985890649
-579299233
1342757686
2081606505
1813344231
-1106077485
-901925598
1015639834
1907194357
851340309
-409177300
-1867471491
-1212647726
951596239
1077336719
-171516755
-558885888
-1417826777
325297464
1543421592
-1608688379
1525109500
1953190331
-1143409694
1830391427
873870702
-1927446902
-878923511
1453360774
-1561769308
1334068323
-957779511
1831429661
-1282068791
1229865994
1964934849
1328494635
740664662
266296120
-1745135275
-1902333570
-195012202
646132947
1688570326
-1196728800
-1812683929
3942494
-1133491232
-2080911379
995906621
928783538
1251124483
714187365
-544354196
-1648598546
514879909
-1964546109
467663013
-331041109
-1678486490
-270806194
1149544385
-1765741452
-810094011
-2024622866
-821638979
1426579316
1267868866
-1671849471
-1316665083
-210913935
730135875
-1208408209
-717985035
-844720135
-608713093
1190756603
960707740
1205755354
-1195548024
1286951388
-254069054
-1390618666
-1423856740
-658748788
231491628
123057303
703249119
1337927647
-1713909475
-134336544
-1985136236
1565300566
-1900981472
-286129915
1966219386
1686604980
-520890107
-1407959907
-743536268
661970130
146234152
95427957
225736555
-670617169
1533125624
-177674042
-1928480653
-387077173
704805047
-557358678
-434092500
1603978420
373492350
-2140766260
932038762
-1841412384
-638782588
-1566024353
288759320
-1396281667
-1030929249
670535761
1776226393
-324433658
402417417
-500669761
1967231983
-1384471976
1104926311
1909497515
2136947936
1700862981
-1046022393
1587798251
1330169942
-374064602
2097450089
-1504860316
313057478
1853423350
-1562733568
-1054765448
-218857387
-258873506
-176256967
-728927812
1465161078
794123467
24661948
-1312791570
-2123182633
809037895
-756130575
-1095454171
-779244675
-74665273
-399130171
-537237942
500582445
-450675007
1181301677
2105736390
1549560590
746080002
-778667030
1401307516
2079577227
112246461
-46059505
-1516009478
-372775810
-2031292698
-135295296
-857623830
-2063532406
940969152
90991803
-597442866
-365866808
1272325557
2074549788
332317676
863297701
-838699931
-170285092
347710342
-762641911
1873638144
-987626086
-783428530
-1242719044
-359186728
1698924446
549716504
-884153339
973611313
68259097
-102861615
1595696275
-1970646693
-1168826703
-550604113
742952097
-1145748478
1913859389
-602861143
-419818924
529406916
674330829
253963305
197057639
522587908
181691372
-1632408320
130437385
-44509443
984626984
-1061902694
-782684411
-736461798
-1070819118
1495394674
-1886169821
1877283715
-1377747711
1793658311
1877482446
-53722629
-857796131
-142105457
-1788861194
-893020184
1823042585
-338590804
-1559640521
1343363763
-1393100863
-870882979
-1627164358
581341010
2055893301
441922295
1343864411
-650814942
1861184116
92750547
728300940
-1420425223
1021812893
480784778
-200511112
-1686907781
-2061916749
1113151071
1122212075
-437403220
274326176
1768829692
-635950480
610800839
-84724356
532344417
1704306235
-470266803
1457827854
892930841
-1320312247
-2049842336
-161596782
-234566482
1848784069
-441747887
874389180
281477214
-108912467
75046006
-1192378627
-869917426
-979851083
-2104358079
-56885756
-1475023234
-1439880085
119854733
-373810553
-1702608963
-1844644965
1564402235
-164101310
-446678817
1746652148
1977669885
-866031809
1561945070
1661885675
467876977
1727858264
914656542
-1726261794
-955555215
776996346
2078011971
957274749
14840745
416239147
1449096583
-1493315227
1826963305
1060975309
-944191657
-1366492915
129824955
1747053859
-953959523
-845551899
866005176
1049864596
-106283468
1985107132
-605249001
-1404359249
499554968
-509058975
1696047622
-481404305
1756760797
1490592141
1485589052
1212812991
1508950498
-1734264321
886550606
-1471599041
1054598342
1494696937
-2132492734
-82915256
-920836199
-67485046
199655521
-1288316114
-1405157034
-1355056869
188283985
379097028
1590668049
-597079057
-913316510
-525940444
1997823596
-703787051
-1469332953
494531759
-15890609
1275849664
-213690551
-1679686062
-836772649
-33443670
743992215
-426316533
-209611378
1620495284
453785952
-1922151509
1925851869
-683624815
-1678171900
-819103267
-1493803074
-1058108891
2036101320
-678686362
655982261
-904292504
-273394198
-1283748947
-837811456
-875812208
-735884555
-1945324674
-887676659
1672404079
158046038
1586753290
1466950187
2001671705
1382724654
1127851570
-1133787260
-220747063
-148526487
-499889916
-659806133
1671343108
-923484658
1069398661
-633553103
259644415
476969688
-810671184
-1329259748
-50503107
1637053958
1472361151
110356250
215918204
1170430319
-1691022680
-1006486125
-202410543
1010109400
-273455382
500988606
633591313
-89126263
-1960593528
-2006891946
-1000920205
-841070563
-1353074347
608087180
-2027187085
-1671093094
1963609714
352374335
2124980216
1326273217
1044486933
-672919447
1026343352
-835930
848800395
170986204
-2003359525
-2143368830
1083957375
-294726097
1799740638
1014656711
682605180
1930692850
-1797372742
1754211956
34448816
53335080
670334020
1458280618
1933634802
888664822
-1542972457
2008184447
-1205861627
-1562943081
-913091025
1312099346
1219144990
1003818898
2052296855
-1581490209
172085667
-254475985
1891686727
-873172140
-272175307
1452905510
-1726226426
-1603110748
-1718779920
426367898
584078615
1728582106
870894833
-1590868155
1952698962
-2094863056
-1765476840
591268339
-720915824
-157723999
-1704840690
1834414900
1332116300
456750780
288721545
-1172787124
1605090438
-310729030
-1117611826
-689067922
-447771926
-1593007662
-1921644937
1003677737
1847392306
385004492
406902390
-1828728798
-981652025
563963092
-1624196519
-1479705853
663162286
1464783504
1099036622
349834931
351108514
-482146700
-1251237270
275999943
2045034620
1138154836
120532389
-686295497
951681499
-193113030
83925801
-711764396
-1487243264
2130464377
575457611
1915259129
-943734791
-2056836862
-2127059495
1033474049
-198617087
-958484747
1048856854
753961976
65035302
-2122103941
515194114
-84595692
431810860
-1921035054
-481069859
-546002587
91015601
484273321
825145582
-902708917
1905611153
-1019317843
1683131008
1387619113
-1246950517
-1397100957
-1869167572
-1668283049
-1592779484
897282360
1583577694
-1004087972
-1348696885
827152853
1454628881
-1306052771
-313420227
-2072860744
1876702172
-697415473
541088042
1798741504
1918040370
-1646699917
1154526744
1018318983
-906100251
72324484
-902210168
884305461
25693164
1822703657
2051503446
297852051
-229902491
-1644931792
1651742821
467073182
1622071516
286876413
587867259
-1865510691
-1970115635
1945560512
-1776987544
-401412939
538814823
-1022979867
151434350
-477334276
1051821970
-1764017200
739227356
-887959093
-1631837133
983131594
653199099
1686278551
125624494
-52460235
-554499026
2040376706
-605015636
-1920494073
-1286627500
-679510289
-901634274
1934531445
-1108849552
1323432531
798158976
-66713362
-711660916
301679442
-53943966
-71416246
502449625
-375919094
-86001117
714654531
1044453403
-1064861271
1574779136
-1729933789
1725606723
1739984965
294598476
486908351
30704221
-1079576597
45602560
-1713021277
1365486764
-2102255368
-1903131530
-973872242
-1003837678
799428007
-237711247
-1503872736
2125524917
1401442027
68314720
637699281
2018357216
72364671
1141613283
677623589
-1426546650
1929559610
2060357262
-1000380131
-1224570164
1385614503
1291469036
895884528
535367784
2147180245
-2134315067
-1037478405
-191917371
126646122
-1676333404
-1046987787
1969318409
-762178818
-1678433645
-383337114
-1400911847
88461733
-1074876888
-1119885991
559935036
1217471949
-780936763
-577021872
-261842690
-612426678
-1786315750
-1237767049
-767048106
-1535503953
-1772460306
172396829
-1529333237
1931405535
-1783129057
-1151272609
283141202
-302737693
1798721255
-187384283
507678396
217061373
51098976
-1966118062
833647438
-1617288708
-1749094839
1749888055
-1121803791
-450025519
311918346
-2029253816
798382092
861373026
-127455755
1246165265
-1612796305
-1497967971
715177166
-1968845206
-1547681422
-874581808
-1816049779
-17908247
2120005469
-1710228168
438979425
1960372375
-1318729462
1323591127
-1176069640
-148436505
1239789769
628684170
-1129005827
892104419
1709515651
1092501594
-1001026078
1666034856
974469153
-993787630
-708442658
791792148
-1071259346
440679440
687311417
208654525
-2049450822
415054688
269105351
181401892
1281572482
-1803110394
2000746673
83289642
632944717
255837338
-199273606
1757717442
62915736
-1338487526
43866689
957897959
-1559685259
1850884091
1532894019
2118450384
-381290065
-1046236031
1905879972
-426627230
629797426
1038393936
1530005870
1307079910
-1338842711
-465043903
628971993
-1434567429
-1480264600
-1526116231
-439203892
256326862
-1850405235
-1678436424
1917388452
591819911
2016106081
-792490514
1701690675
1509332998
1517912323
1099080211
-347841270
470011598
-208222905
1673870135
1729899003
-741540031
-1565681445
370874584
-1667910183
-707651315
-1276798037
-1078598541
52843649
1972900582
357979526
2102741085
-426750946
1256361845
1135979009
836575186
276252071
-189899377
-1507907941
-342485938
-743652948
911689642
-964718815
-1370866661
1497929042
-2096699764
-1761457068
-1955295701
777892764
1127312196
-359358264
1305689895
-144980245
-490695586
963430414
2048547783
1345478343
64766545
-389979115
881144932
-1236093473
-1119658180
1757404365
-1076204086
-1611049906
991890897
1268160012
-547370157
-621211105
1231377297
-699261003
-679999952
-120242669
-1904233927
-1231371242
427181577
-158274399
-1891801988
1632770194
-1411903799
-1066028227
-245353999
-337218433
30390194
2104775645
59641422
-550735279
1897316279
1189485752
-144640042
-588456201
-1667198198
-1331822512
-940455664
-346571899
-1556376078
648325554
-1009651271
-1452067566
1672972514
166400252
-1741468934
-1884834077
-1039820345
-1074572256
2067561181
234388168
725071521
-1020799002
1350277885
-662029370
378139989
-1768622793
-212855171
-384831755
2029659328
1077524119
54522682
-1295014229
-325133553
1298688499
-591660476
762315738
506500429
486017692
-921078903
-1025451594
793558077
932431763
-910202669
-860362854
2082710121
1602628102
-806312973
1065667884
1153421178
-80633830
1132125246
-449995586
1579560138
-666865685
-1306081480
1016573943
1534322487
-1917692208
-1756626801
-1024023886
-1139271110
143546595
-911803062
1012242469
395614263
-429685568
616463938
328019526
168977429
36417419
101266896
1343931241
-1261719535
533687608
-1143237433
7598637
-216631857
-1866807034
-936316252
-1950652519
1039662002
1692828235
182617348
-999655551
2111495020
-1481518729
1762777686
282399534
1904631256
-215680686
833866704
-1264318915
-1542504442
2129995912
1552161446
-2118410809
1181169047
-1356435609
1350118521
-1513939518
1437711435
11587046
1414699789
1038330022
-891677480
1163501032
1314163519
177962323
-1152420611
725802434
1659698997
1676455729
1133102805
-1798955270
606050262
687651992
1263176048
-766960303
-530089603
934061938
112371359
773210628
-1366931480
1191670815
-276868593
-1172072627
-1078825610
887042712
-1941092968
89583663
1778786705
-1043401258
165867223
1635666035
355721832
-916824716
-1854447111
287285485
-2103683615
-1807116909
-1611323943
-323757053
-886258226
1810559229
-90886835
1981046383
1345104734
-204373620
1444909501
-1894025149
-476840491
-2026220852
1424286452
166976045
-1343539073
1303915231
761012282
2123602684
844188642
2053109153
1971236514
1839436131
-1437405646
531512843
649912479
-170129925
771882761
-1023387172
-1191517475
-1175715442
2087907927
-620614795
162472526
177257362
1353807510
1058774532
-734494846
-1093210894
1788660290
1089945573
-1961630917
601361172
-2060487544
1458413380
-67237824
568438551
-1178774211
1823952134
-58225039
-1357533860
1223573521
-914249239
1718528795
997564744
-873818365
228647401
2087914125
1211429191
2106759191
-925124123
-829573397
1884851987
-1544531385
720638850
1488984129
-346294219
1621063094
215567183
-1354079782
-402179381
48591659
673174826
-146079534
-300285300
-1025007940
-2043954463
1624104938
-315887095
-367769143
-1489903333
543921307
1851968565
1689192492
1695430265
537250157
-106745305
-1967156050
1428893943
-114329208
-1645676259
1319504060
966344088
1302647179
1807768772
-1802609830
-1573190078
1411369372
-794193483
455629654
232108518
-552350529
650411075
1655216321
-433945885
1085014379
2109378419
1718219163
2079422380
286066522
-323413941
-1093749299
2000867751
-359383392
1907259727
125539931
-315120040
-388240385
337713736
-789195815
-921182530
-336802183
1243549767
1196515358
1622034685
-159712731
1479655913
1496508215
-1121869764
764742726
-231666725
104133534
1383837392
386534553
-427447904
-2130796116
-276959591
1396412397
1076029073
-1555196341
-1619702868
-1403588615
2038160165
1746676975
-290132686
2034871401
70826610
-2060971834
-1971705713
-613267143
1119155187
279754029
-59112762
-1135591866
-778621557
1432904038
1534780443
-376779742
-1520412214
1966719880
727933433
-1697658329
-1981845906
1561280182
1783710486
-1148665394
1145798443
1656776851
1809457620
-1015682239
1017004206
-235050508
-909553430
-769401042
-1276823585
671561431
1623516739
1261048285
1004542310
-1851862636
830345253
-647140476
883367281
1254690130
-1565583210
-1752985126
1601981363
401048508
929807098
134788841
915866543
981381619
1852747776
-2088566488
1357464885
2097967301
1683592127
395043016
181566765
1741765663
-1702196709
1705567822
1638652562
-1482555968
813516141
-1799164319
341209025
1056919343
350442339
-1480345884
-558652428
738879215
2147079203
-1546702521
-42682104
1119823088
409010102
-1844500966
188115334
1163784775
-920904284
425524706
-206970144
-328767455
-1062808870
-998325456
-304308230
-281611787
-1468601900
-144068114
-1346050068
90758904
-1609565961
-1706170372
-481233658
-888432938
1228966718
-246150405
479397907
-446503522
-2106151143
1563359079
2038754274
1728025341
-1298919535
-1741632277
-1031688959
1599912110
-1786250321
-1095504912
1866238411
-1890087887
-1132986338
899528822
-1159176539
804097978
-978979057
-2016791001
-743239036
-1896325524
701280860
680317353
-773011535
1834846150
1016767472
-815535309
711644368
-1499713955
646195301
-859703710
-1439512034
-771138101
-1784850450
1386758989
662308601
-1918415897
868581750
-1828928298
701146021
-1198327499
-2006141943
-1169856445
283554636
-2100894560
1574828659
-183971316
873407046
1219020390
-2088817370
-1312975882
300135579
1304659539
1914797664
1580085344
-1201280827
-1569857231
-343137139
-1228308772
-721370439
-1758367362
-853752087
-172210687
1779680040
-842199201
2096074857
1881808510
-1969254654
636009429
1136331995
1990783858
160893755
-767522003
-1716898741
746828795
423620816
-445693251
-1673443159
-461501940
70917388
-1562862132
620784040
-484693372
-1787485689
331247057
104923880
-82898309
1389353839
2039155168
-335972266
-1315519010
1201015690
-1743863455
48542931
-1414438083
-322157446
-736803326
-2143191277
1527193827
1970971075
1335050478
959953095
-672102617
-651487734
-2080667842
-651170818
-1107985407
-556248801
273588656
-1001665848
-1090980897
-489258435
711891862
83133724
-1876010055
1527741072
1030507792
-1554114309
1077088354
981464054
136483965
-1305673516
-260606175
1333526537
197604142
375252010
717785984
-602086563
1080050012
1617243763
-2021394845
-979705594
8940892
-612978621
1326318171
1652144732
-1914996208
-1807503703
46268732
-1063852287
-955797344
1954546905
-334825748
261409059
-283625110
-2107294709
-1394893443
302932478
911708214
-713769567
1620711038
884165284
-9926738
1109951375
-922428018
1445197056
1109889036
525593335
-1126445007
-782075625
-1999817452
-1075016430
527523558
-282299759
-1645869243
1426932311
-302695560
886485624
1514366027
1417917397
-628418412
-779368130
206295735
1247485668
-1017819493
-1453675260
-1790384911
501034748
1841592761
-1332543463
-1329866900
1722552804
-101030602
-1245660224
1956732444
-215537138
-1071654900
-1519303882
991974693
947782465
-814606664
1292378866
94783700
350973304
1036398164
-1182138322
1915750610
1070391818
1535991013
1487436966
1823193750
-2014800118
-985191694
-708701537
1933909787
-931732240
352520789
1714761002
340000723
1604969080
-1638101420
2023096489
-97519910
666393289
1920635123
-448075886
-1771305362
471826906
-917841533
1024149362
649048991
841026321
-1900472194
1324958261
1173002306
-1548122580
-13022058
-1395738717
-2139447253
1235560036
334161163
-1004905683
-43227750
1372018639
-1390725828
269607402
1845518581
-173291771
2000883073
743083227
1093066679
119389958
201624887
-302410890
-313526616
-1858272933
-1150582245
-1552797086
-821304498
692419706
990111963
-1196465538
566988963
1035043950
-2055249174
269712423
1893217031
45380023
-405031533
-1335342406
882126711
-226112914
1300866641
281957463
1116127743
80959917
-1523267491
1626495464
416749421
892524845
-658370681
197940065
-1494036921
47321391
-2044445623
1033595977
6755070
-1104244064
-117279464
252101752
-743257246
-1702072457
-132210435
-947717855
-1337227943
309695841
-1037150364
1553512978
880155851
-1493061984
498235700
1521020730
1882148064
-482300624
59164447
-225496469
-445669267
-970955733
497289530
910926177
47805867
-674770067
-668689456
434719747
731318569
-1310127749
-213617294
-1788427544
-249971709
1060421536
-1894581678
213551644
550177108
1797854296
1310601425
-1268419549
1943199464
187107314
12856149
262220093
-1054978762
-95379600
-128926880
1901682411
1963770508
1567347121
-1529167395
-285047886
634996108
-651910447
204845245
-867638498
1933075158
-439676464
1619071426
-1396734455
33210886
-296764303
-81189222
-312061156
-1928358432
1191992676
315160111
1330852758
1665227722
1645447334
143612733
2135048268
-1615159686
-1131066840
1506666532
797784816
1376235503
2040302254
1701950463
457889685
740658852
1145265914
-392993548
-698705294
696084995
347776297
-1974662195
1059737061
-1414563305
-1570532260
182035655
2018399419
1762074246
1610621594
-974433878
-1042916178
396196029
-1343658764
-1587371751
1625044270
1322186092
-880194071
962754347
123915876
-1443137227
-2058916340
-161387719
729261171
-1026546529
1559141091
-1567445255
1122573056
1238688592
1049337874
1192088267
2097712372
-119063941
19095225
1740503891
-300477312
-1477506409
1201733401
-996778937
208162657
-1213122479
-1723656067
1343425673
1043768164
-865111870
1507390295
468354936
752404268
1631812836
462375336
910520194
-960457933
-1189619646
-1776408155
1226270205
-1180213490
-1308197138
1210048151
-879948745
-1446220044
-821942600
1903363074
-1741651509
913192320
-1455597668
520627977
849802294
-1360040523
-637134981
2073926160
989795241
866472259
906239246
2079481507
-743341793
1499229960
-13451753
1646479765
-940471886
-1955207719
315559128
-109853332
1258144554
-1638463615
1325783241
-201992452
1275420119
-687757303
-1330346364
-2070198191
-1104134240
759930169
1732965124
1416895954
1453669467
-1869598113
856413710
-679691870
877330270
1394512974
1674336238
-23047863
-1951040939
-1286309463
1126878822
1740282259
-965022379
1652853601
1480578275
-1280455496
-716645327
1304187259
-213109774
877686460
-1597864692
863348758
-1323742223
-230132712
1136110639
1736179884
-18286839
1142927002
-757346020
-1139936361
606934619
506963081
135471331
-792205865
1980644985
-1795082740
-487867981
-43202798
1296840471
306099403
-1171319885
-328324133
1215971841
-1319284266
-320822510
2137344054
-1371251376
1885144517
1220282204
1254264411
881456344
546068257
-627680241
1578235322
-1930578204
-1496341758
-2027192722
-141676993
1430356005
1820445689
-367436652
2090681303
355504870
1249276719
1247322571
-1317702095
-369521276
-2054938674
1218663454
-925808439
942461981
427751583
1781479212
-578416863
-109354617
-487394317
36374590
-1690273455
-51563644
-1284070969
-875894884
-304159550
563463731
-564267998
-425622756
672757046
1515213512
-702109246
-859253253
514079242
997508479
1819164407
1328976367
-1527258177
1024564941
-1193572147
96830844
-525218378
2084975576
-2057019792
-549547130
1078222906
270271017
-235277108
1598099495
96276164
1626671776
1160564851
1972606658
1190491769
-124754008
755200452
-513561256
-975609610
50696874
156049224
-2071213799
-574378160
-97907514
-647204257
2086438974
43020630
1809604288
-1725199845
-270584555
-2094879464
1676321848
-454686613
1146414685
-1073702227
452597278
-1284293252
1628885203
663836719
943212643
-2047007397
1093770764
-1464641014
989204212
831986654
-1134633851
169024374
-1093190173
372337348
-6497032
-1793207487
-264128281
1354044955
14061808
-1360777007
308905478
-52065567
-2045624673
2080204137
-1006708848
-1789127698
1756831215
918224299
1180582223
-1228195568
770126550
-452833443
1819446523
771124343
250345710
354975599
-1250237965
397191763
629781572
-210082756
467612714
-1378160965
-1191806097
-1528182768
610807391
-21649968
242175716
1659752426
231672720
2034661922
-1523134071
1631357570
-1494412368
-677501614
1047426695
1541401485
1108979607
1086334711
1727281252
-1685539010
-1581168583
1834517957
-1451479728
-618257904
875455770
2024406764
-356610882
1559308482
-702431743
-987412547
1577581110
-2105088861
-462605333
-805288557
-1224529559
-1013096433
529589570
-215064592
-881840251
227716921
-1197944498
1200181478
1575949770
-1815195351
1869397739
470554551
-1085767331
1374231816
-1884595588
-1325928001
-554138532
-451919973
-1656439009
550862226
594340914
-1503916787
-459808990
197291105
1739170091
-870602000
-702971980
-979475039
203090762
-928852347
46316511
1806696685
2089201754
-1573434565
-806337867
2089089579
-1836384446
-577794699
507167945
-748747794
338263197
321723792
1784956129
1638980635
1304724618
-201828572
-1728233495
-1287289138
-1746135617
1797554313
270524457
1592120190
-123348508
-2033791332
-573657158
-1947299746
247258910
-1242341182
6782518
-544468986
-111487255
-689997524
7499182
-2005539502
-269095382
565736796
-1558160672
-128976502
196842116
-1714205976
-1035266903
-997957437
1028765929
-1093628802
754783928
1740345476
1162705268
1720531751
-1314014332
1464786091
-1940450186
662235087
616175999
1600872081
115389646
2104355076
-646840437
727296620
-1730772098
-776951554
-845953875
-1748961547
889446522
92753887
-578232576
553818954
-749546303
-836022725
375420395
-902494444
1036521905
-1662350375
1889821590
-132933396
527372695
2137407163
1878546841
1353381626
126823813
641314395
-969270026
48221663
-1615086488
1681090359
-657126071
1382554068
-505508007
300917391
57305917
-1280483821
-42115277
1766516333
2131956290
-1718587787
-160432283
-32497179
-1198089860
-1418875044
340158984
1437976990
-1791029250
-431296558
-2047149773
1798420624
481282103
252068338
1249796494
-836511474
1503192748
1458533766
1903182373
1913903623
445163495
-1901324047
691035518
461272200
-625569362
1189094479
765579244
-650967676
1068761976
-1189891366
-155527387
1498054615
-1213146596
-672108913
1150353170
-1509098872
1136270027
-361262576
825935846
-257204402
-180102848
880518348
-186836622
1241972053
766430517
1706513756
-959703114
1293485121
76368664
2056066608
1426861242
-685233293
359830526
-334405526
-755410017
-2011494006
1129492696
716947721
-1649921808
1025105964
489180388
1983452234
2046092349
1637539845
-1862712475
-409234614
-496337174
1797269775
-2035690347
-2016700433
863312964
983501588
244954586
1290156809
-1880123692
1476151920
-1207602888
-194694989
2018391800
-259953381
-1009137657
-1480751361
2024617646
1558926310
-1722938139
-740742447
1327705779
1727177733
-1384797971
1672042251
421839052
87213261
-179814360
-783396374
-1513614494
1197241789
-1381815997
305339567
9171540
1877819586
1841179778
-146671231
-1104172792
-59421514
-239550988
222358417
-127538749
-1509338070
595863272
-1733061249
922637882
957793380
-1547545953
-695068164
-1698267799
-760461142
1769484866
-33889617
1629250210
1772701121
703458326
-2130742948
-2076581400
543885744
-1190770195
168468291
-1528724099
1203155913
-923133217
-1570705722
864723129
436934889
-1510245318
589419341
-1296841700
1735796734
974142902
-2026171539
-153100633
-776105271
-1095641875
1210952007
473145447
-10305820
-1481337847
-1550465746
-85069231
-1106885882
484382654
1650316940
-1135634603
1513059462
-1867112326
-2036416763
-1372370260
801163549
-359642405
-1867672612
98103157
1537872111
1128815457
-386297450
796632447
-2131374900
1176244580
1633887708
-378284184
1096754354
-38750904
-941673563
1814271462
-1603124586
-1089088018
-1412958828
-2063805340
1343296867
1160898925
-512810338
-405382448
1783808067
495699201
43727087
935166131
1867790876
-1356914621
1356075790
-457177727
1375002972
1142527898
-2046743746
134912562
-857602055
725672433
2065576231
-932319215
1040235443
-996528726
837866934
-2145034029
-2123018596
-638199599
-134942400
651658218
461136857
780269716
-1537054739
1232749851
-650017622
-1682349070
-1551732653
-766947251
-1726250585
892089779
-1128259487
-694753628
1381442635
-755369577
-1858444162
-1406373682
-1338182474
-1952122670
1683735793
1567711900
-1685645394
1147754934
694066562
-1209777196
491292902
-1162213710
1173007201
1020981829
-560515709
-1657761670
1432556871
507277594
-1386300709
1163689863
944394715
-1455957645
1759104383
-374224702
1100189782
1696677937
1401719931
647846267
-1492154519
634823953
1434076379
851570336
-459485603
480001788
1274374513
332311338
1369580668
-511657572
890290902
-1971052070
802900655
-1487980494
799349677
-191642075
1340560232
-2044841562
-833688274
223410284
-2054058815
-1847100961
-1074016286
-1310056081
1773955301
1820789844
-69749589
-1101819645
-731379537
574843875
1558587911
-730524669
1959021712
1859890145
1536438677
-1295616636
-2116513867
1682208369
-1923913257
1771462475
-1706462872
-989944807
-65564616
-1308996221
526864565
-7915374
-1113874607
1310558634
490102353
1879693534
1961102695
1267753164
-1060411209
-1904472416
1539829560
1285032180
1986446996
-1160188761
-559742217
1754458590
-1419181211
77195467
-974198893
1955347697
1674785373
1057160956
-257817537
-2024458133
29297547
-291147369
320267310
-1356252706
-715573444
-1361200389
556206750
625320922
-5608547
-45710244
-1689222376
-583703829
2015510693
1583592918
107852277
1427852741
1453383217
1466299333
1207642404
-1186605891
-1382288
639114579
1583318313
587838587
994397824
-1492279215
560305768
1351131118
866967385
-1002326453
324623011
870585727
-1074280214
-1329275178
1128041152
598463368
829252993
1377250091
1284489423
-10838009
709032815
-1969017095
1568242252
-391424114
1395806955
-1145656714
417626784
549156734
189351478
898843062
734220781
1972344692
-1654673408
1795347776
-1958802422
2095154690
93543434
1887457246
-646755380
-1821967199
-1526735349
2126446004
800740999
1731927782
1424126679
443007124
481285076
1476671732
1790463934
-125520496
-1724299885
-2095943374
1592263730
1569267664
-280003533
743137596
-1116941908
1164749988
1731496752
-645805538
-838525489
724460764
813040093
-736634945
1439916748
1719983959
-1949078429
2143135643
-109886968
1153861849
639459593
-1543174476
41590012
-949086942
-895377995
882809546
-1468475299
743206203
-906167886
-1868305719
-368792196
-2101694702
1618227122
-1886061950
-1869926930
-617344439
159433751
-370709091
530111855
1827194442
-2058384531
-1234147890
1216349699
207101342
-1530751685
1691455559
-2083673506
-1072588161
23101179
312809069
-852444539
983675051
616002405
-1934924339
848129716
-1415032710
1582979571
704185169
506522754
862228274
1963129505
-732832338
-1934124478
1558315162
1456216565
-1849502944
-344275796
1084855756
170053950
1197563481
1115716285
1302402383
87992096
-282812746
-952974373
2095153253
551824463
1246375860
-1580100549
-922879584
-47308647
434930593
-790289529
-692453189
-1873451990
-275270250
-768833094
-1647896666
-399492853
-1023080796
1507771982
-1458625310
-609904405
670333516
-1781361255
-393074929
2044306210
1923040820
-1803306892
-1875702334
-1381734670
2041907480
-1640852963
-1204237412
-1925935601
1300299006
-87736226
1392899479
-1412191391
-67921747
2145358318
282756003
114962951
-736078753
-1172734186
1268287089
-1690478433
143033781
-661518185
2059265677
-1493078844
-1183349014
496410826
-1202552654
629103319
2002492747
1207272201
-609537191
1326738946
45765350
-1592550067
-1009274478
683641978
1023555457
1917120536
-761647337
1587508227
-598262578
309364885
-551208546
1635367609
-177331749
1643608317
785208175
-1280665588
-202464817
-395807941
1050747701
1767488011
993876435
1140845010
1689537816
-1966036250
-1305896371
-1064379650
-401192694
2056489645
-1425369261
-1470060007
338676320
-207281826
1654303838
-933582016
-992572251
594251037
429303613
655770934
-854550101
-834989883
856837709
-1352610425
-1736614686
434161311
-757951001
-2019917072
1072437228
1323252592
-149866216
-1558164994
-1844671376
-1414842952
-1357600361
1333923828
-224399571
-715707079
-951940365
-1090390031
1784510546
-620742987
1795304716
-352930222
1629431053
2100783100
-400049725
1299037780
-1474265502
349108261
-168293899
2014324222
744651069
757243931
-564111964
823616573
-1360739383
-1855520933
1509700471
-1672655536
-1701440510
319031547
976722788
-807079578
-1277015159
-591741715
2005000363
-1313848956
886998198
1805037957
1868683013
-485450068
-1870635789
-1213189832
243963677
121550651
-1068560313
734785701
18060863
-1570220398
-1345177039
-2144231207
1978533198
-420934919
686510007
-1562189362
1708960507
-624114241
25437885
-1846519499
-254628557
-1860576859
919477914
1950544245
1240530393
-1571685509
-235749912
-1643412238
-912171339
1685072139
248502683
1483438482
1103704235
-2036098506
-463038124
-871559044
956138031
-161079203
-1857688329
-326472158
-1840967432
1150195714
-1850849414
-1829855615
-1500761357
-135901010
-1565150464
2022447527
1857673850
1372753684
-91188698
-1659335563
9710021
1594985846
1268032155
-71964250
-258586208
-996368825
1389434101
-1232271601
-1094682786
1974949137
1701825987
1985320
394690061
1850595736
1723933662
-1196347702
-1550840086
440584512
1024765956
-1382836422
1413590295
1366248107
-2104032858
-1553576859
2000429195
-1222756442
714427648
1422135149
2070651977
-185237179
-804952470
-1754983068
-971029548
852439627
-1589534994
867756630
-2127291423
2033562576
1942836761
839712908
602370638
1632450589
-1561307882
-2064224241
161339730
-1121030182
1917077240
-551966102
-1810050570
1297411434
-751771050
47392436
-1399348796
1426446998
-2029479908
284182989
2143768509
112845928
-1606362208
-388493593
-934216561
-1931509415
-1453434893
-193514424
255658503
-2131167826
417244793
624685133
-545995324
896252446
-336700740
564753073
-698119379
1938630840
257128316
-590629361
-869035868
-2116905981
-1008623350
-27761243
-2131897349
466168934
458137813
-1680745638
-2075665882
-790865974
-2003628475
80574977
-1822345678
909598589
-445894457
-1899042849
-983692427
-713451431
709979944
-465703574
1693122311
-2084411099
-394207194
-434832301
-997569424
890032954
-1276391356
2101519047
760279458
-1255644823
2114277598
395865840
-424270295
1545052443
671229052
281413313
1636209056
-1518696006
-1673880470
176650227
-1691355801
-64129456
-1336657017
-1810234294
-1598997102
1655412076
635581021
1484451356
-1396298461
1615721292
-494335886
19400979
581245308
-1586593224
212010717
-1202580687
-1055364850
-2029468373
321402907
-1511187948
-266024618
-538443591
-797568733
1460367483
1225281546
-1139993044
1287657399
-357304312
745405327
-1460376337
397679100
1529660231
-663468371
1023839791
-2039362740
-1027648530
1591526277
537155263
882825803
260831590
-1230638655
1340728123
576574520
-11136119
-89144307
1003592304
1853843845
982203821
2082375879
320010747
-1851070552
157525473
1513564658
-596702929
-843842509
-149285770
-1112868753
970364475
958469410
438200256
33060462
930390412
-79236493
-49444835
401200417
-630613136
1452489980
-412739530
1200691634
-347449349
2112435832
-1499372155
1772952951
1816124718
-1265576222
-590586602
1734466916
1758687060
1063906054
691308689
-1360933696
407142319
1863977044
1719228279
-1421009124
1224499540
-821728778
1737636010
-1192804993
-2037520301
-380630235
-2023864269
-2079204634
-1846716646
1176867512
2086311231
-192914453
1735343642
1499194365
-261602197
1577944515
-438095446
242051276
-1688464831
-2000115603
269056556
-49977128
312801793
-1989232601
334570093
153748040
821036195
1574373924
-1531049903
515151749
848004124
-987584388
-1993550929
-1048394155
917257952
83390820
1982134138
-1881719767
1457213352
-620268130
-1358487264
1677917106
-1929659020
262949426
1734916662
585426873
163778515
1127039326
1507024980
794208048
-915381406
499957450
1864988477
-59033981
1195491985
-214951169
146749763
-212551117
1373619885
-829634022
-2041976343
1212966566
-1611414247
1442101692
-558035255
-55537352
-862122785
-885646780
-1572351304
-69583211
-1950484377
-414054592
-366807257
2095891017
-429795451
1439744800
-1425934388
-701021288
604566968
376535596
-2030025600
392772490
783827120
555663543
-1240615574
-1186447286
25056016
-521125740
1718328669
-1113149008
1408755573
-1164621367
872291967
-834659556
-981862473
269171330
189506858
1847156357
1479019630
2050880072
641641750
-1538261807
-341737289
543147122
1532769463
-1171976346
1884864056
-1079403045
-429686045
-1647982848
-598493856
-1542762027
963781303
823952325
541398515
1046430300
-2112800325
-1928144234
-589165627
1580455822
-62940092
-279045209
-867138619
1064335962
819872793
1484074577
1724267837
1849886327
-82113191
-1712859610
1815161687
152954776
-204481125
-667110075
-1555698974
-1604430371
1485478231
-221200
1087983702
280323468
5540739
-387508901
1161187861
1608900096
-1466555519
1974792646
1886507763
907283425
853421368
-678711859
-1093529352
-670825835
253880191
-1147879682
863485028
192282869
1736285378
-464392788
-573375758
-2053640893
-120348193
-260000766
-833692831
394140764
1092738897
-1813251494
742522159
-586885079
-1622914929
-1666399025
-354717529
312432987
-1705187914
-296770032
279909150
-1380964265
528503653
1566444407
99937144
1548884333
-1798316825
-1775782311
-1933358351
-1674028976
135828631
446297759
-1933330918
1203713730
-22999424
-642286955
-1520510432
1672393358
-364535485
-115554303
-161738156
1791682235
-1885515459
2066395767
-206224922
-1923228674
-1478506008
1815175916
-1641544204
-844534672
1374095746
-208943992
-1692826685
-169398656
-298999061
-465278273
1676826443
-1268278486
1683274195
1624917154
-479435272
-977214616
-1949623020
-1739804303
514103726
-1089394455
652288859
620481141
73320462
2053049856
371928590
-782043636
-1089844745
1214173406
-875628951
2021726213
1106904911
1016161796
-1586099990
-249367763
-1742013693
1041647090
979505903
-646344662
1461744459
132112932
600172188
615497094
-1559391694
696644926
709908738
1271856398
1324864085
368059013
2063883901
1467314781
-1141468182
-1043949423
1632373085
-706500941
1517286916
-1740788928
-219525433
-2113784310
-948731884
749508846
105493981
-2123581077
-480813133
162459362
-1763420900
-493845891
1707425437
110313738
274973190
1841495134
447739136
1221667051
-1847732480
102548917
1534827511
1684783058
-243436676
774100999
-2076851120
985991247
1546951258
-903851958
508810645
1186593507
-1090022773
-1013142345
-1924540086
-299488776
2119626231
-1471441948
95172210
1600729361
1166580385
-6653679
296952152
343368513
1020158471
-1361464895
1981727627
-1616745247
-1513456946
22532236
-857251799
803069052
-1732702050
-2124981965
1374304
-1106327794
1422911051
-844946955
449721394
37026670
-1376553420
-1627982304
-781806729
-919635705
-1712114448
-1246278166
389032744
-1580917298
-1636509146
-187945088
173372121
-457851025
-254749765
1595968863
524543623
388441033
-392149197
1938339299
2121826452
-2080076644
115295568
-1008228323
-183807986
-1893807487
1015813119
-107716119
711438135
-817493222
1725346420
1870494526
1215487553
-92940663
-1568539757
1671078599
792397401
1673457701
1179257489
-1843343437
912582886
1830948459
188335579
-18400056
1965997842
1263115826
1410577462
1102610622
1648561544
-1388313310
814776359
-366192694
788426879
-635234458
-663237228
1683747448
-1434999817
699184288
62801323
713809341
1472810051
494125085
-232915710
1308874828
487670470
-12064695
-1001613314
1543383336
-309236991
-1472335515
1027920249
270355322
-1113959476
-886474890
1095714719
-311426140
447228131
-677618816
-1127173352
-688311915
-509691740
-950841356
-1264456597
-902695842
-1197895146
444217446
1863869345
1985082117
1704034093
380260482
506195496
731045529
-1754734773
1680821824
-1835987206
1935769990
-1073437174
876606294
57482494
247459882
-1137704392
-1263943186
1086057390
1883352743
90501410
825673881
-36382215
1950605306
1517568533
-1945126526
-1342739606
-644820404
1118555681
-875839258
-1868181624
532642952
-1547573216
855822019
521534336
479510829
834226422
1900955599
1432893953
129337957
-1453261799
-68202069
668751207
2035684181
776474707
-334418344
-1406353381
109310645
1949634758
85023466
-137797832
-1183991133
2125302321
-711039622
-1021191310
-1494990412
656023664
-1910919584
-1194746829
-1317082804
2010642505
-457733982
-146943738
395146543
2018539877
-1482920538
1169698104
2023180375
-1069765477
-705873873
1174354364
1792088839
248101492
-575432058
550461775
-1376813536
-106410517
-53001225
-964289828
1213054898
1483267956
-2105579137
-2073373152
-87685931
1713581119
-2093505086
-427323759
537963706
1049058749
1752065090
1354573948
994988284
-1336171166
-91075634
1977482348
-1077872837
-1236184915
796351543
-1956956974
1592674283
-599221915
738440009
1639440866
-475144599
-1966426588
-1011929863
532604858
490997327
-1997148392
23089882
1588013769
-19236344
