757526599
622177000
382250291
-919182500
-1643300715
2146543162
2058287323
1397893740
-371787594
-722400428
-1245599974
-1691566261
-1344421327
1467040526
-1584128126
201331386
-1193918256
898309437
672547978
897658225
-806841928
-2078548939
-109645112
394858818
2030991288
-1655376753
-1236091041
1107822717
221249765
-769555157
-1117017675
1607731094
2062315878
1444727672
918402153
147391749
-1954117749
-138078222
714054020
-843289747
591949092
-1488255252
1633553901
-1254946304
623176208
773128591
343099426
-723835103
-543118317
873155362
-1243365851
1069717834
-1100498963
-1237246325
348409523
777718319
1168136103
416522260
519915963
-2116237277
-1957815761
-1138776206
1885408270
-1564816965
-1121142745
1878763011
-1511775662
803260336
529789433
-961335977
658515772
480153865
24296238
1767234034
1479135485
867302777
-1551808768
1875093070
668328444
-1592581627
447662637
-318969306
-116395834
675064809
-255261171
1809615345
1239497538
870614460
799600870
-708371796
922024233
-2068370734
-1408168065
71433692
-2016747084
552226017
-1289792526
739359187
-459286378
1554100198
-1459776058
78582321
-385878484
-1653907383
-23529667
1842783405
628383474
2009507647
131714025
-957411819
-1292722631
922444143
1633342597
-583148653
-1831176170
-339895337
-2059934719
1990446129
-1045797219
259234545
125387230
52242078
543307343
1320333329
1696751036
-540334286
1544451536
2011791632
-499144656
253217327
-345068324
292857391
1018733787
450197065
1934855804
381993524
-395802185
-2091889817
846305908
-1928628007
-1638858828
828316075
3662335
1733748582
-1713383293
-1512160080
1728177085
-698776676
1434045872
1725896466
469152492
194413781
-1341547274
-2038805966
-1386816042
2022259560
1903433166
685557306
-2044868726
450886226
1220996169
51502686
586311886
-850823406
-704551649
-897675931
-2085704621
1390265299
-1481429242
439711335
-175908310
-937801776
1805581640
394505688
1731577462
-772122125
-564938865
110268100
-1437747357
-1339268673
1367888643
2063278172
-1665059242
-855793040
1228122262
317444016
-174571418
1922372705
-1524966242
-297172547
-941520375
-2085097300
-718918749
-767475286
687524370
-321334505
-1955254150
626003790
1562263514
-1831037394
1831401362
1813680629
-1903826755
-837923413
728462221
1959179108
596121800
-1553071330
-962517230
-114989287
-31954256
1931221193
791353312
-1071963690
911424261
1650292428
-18063577
-2137406112
-1721163098
1892869761
908585746
1416037508
1906517111
-1656733655
578831784
51807066
-493911471
1424379591
1496085716
-162580531
-1326289606
1530695244
-1022212159
602394202
1343554773
-2063194125
-2086165141
-1864493289
-390047205
-879767314
931246195
1844035318
416901451
161115970
-292432846
-475342518
-261210337
-313480978
-42070257
-445055606
827571520
2145632595
2055409173
1189084501
-998854150
-431068977
-98308673
-1792837962
1526347571
1703043754
-2837482
468895400
610831513
422585653
67753981
118169564
-1243946726
1839585328
-320312885
-904017479
-1286619239
758469996
913813786
690801571
2075071197
-1771630671
-1276226594
904956031
745927885
1681523681
180509368
-285405577
1794358490
1125062748
-1698388340
2072387322
-777715269
-840921434
436579152
520958726
-271547808
-1236505785
2026538023
1395982249
-212522464
553842674
-1229540178
531250884
1205314612
-442973207
-809489516
-255213550
1450259048
1187890847
1120426608
1101530728
-1259816177
-984512354
1980659406
1570698557
1184514614
-316246357
1146894474
-53849491
1388331549
-616250585
-1173378719
1176772665
1461032674
-935364169
-1069950524
-847375470
1241379199
464824615
2134085359
-207246698
802031094
-2055485557
1317420602
-405493926
-357832502
-753683289
1461250479
-1285033238
1192447921
-737935728
-1284132389
-1074582387
-1349473914
-1527034734
32911593
1013410125
335626628
1370428500
-2098072852
2087184309
1255530929
1998519610
317431675
-1118848036
414754967
-1658808822
2070849666
-1021855838
-1546779079
1967014097
-1374121385
477893433
517215301
1212053767
-781833973
-172647961
484621701
961992689
2005808898
-1676517623
599943323
-396330170
-1707568954
-554287270
-1879696915
-1986416107
-747009513
-2071219595
-1108262691
198906853
-496555962
99725464
784376893
199517725
-1994480190
-1338265430
921772546
1858597798
-1067050253
1499791998
-604621257
-993969458
-1283497914
-760673959
838696243
1663964527
-495026808
-1463412047
-1589926643
909098832
-1413006728
516490551
2039644752
48979658
-1418025834
1834714135
-1657324565
2025321390
1121361473
2138055294
2046476907
1812058214
-283718912
-1177922724
608568939
-1215692455
814181663
-309739157
33464906
-97892716
-999290755
-1026811026
-710939874
246186918
411360932
-1880563522
505388265
718195146
-1309960166
1476325890
368350730
-394567605
-439308554
952363581
1175016950
-1697747164
-1420792139
-805207027
-1211419865
-1644613658
-2024825522
-2060611792
-1625129900
1470941406
-133357181
1598896715
-1724974879
1270167158
1224161913
1528607974
-899187560
-1878071589
484711562
-1920963141
-1519222119
-2092438560
511117146
-1026199249
-1896283249
-1985485023
1366829352
-2130007008
-116131036
-1079503765
896983910
549787361
-1240969034
-1527310757
-546093942
627903618
-586410166
1222273348
247778086
-1524411820
-1744086848
561619030
104973878
-998206549
-300818360
-2118266629
789309112
1592415717
778221588
1194446980
-1550068094
-2022397781
194858575
1895180292
820963407
-1074260362
-136612531
-1801067908
-296274662
2021103957
-1716342013
-1271424712
-1549813073
-2006280212
-1581870152
-1833409928
104550270
171650751
935392252
-210467247
-1437696079
-7779920
840988121
-100917803
-120477823
-557362746
1310496072
1471152241
-1039540539
416117551
1682051046
-412769386
543984075
-2092122232
-1159621657
2138493084
1827316587
-1545883558
22407754
-126069534
1876825176
451530215
1984303182
-381611975
-1029395527
-293568985
1164637220
1231881602
1385794808
2123579405
1034406117
-767667819
265758424
1342297870
-910219835
2040540260
1178142669
747842275
870212745
374233184
-1095359609
-313008244
31191862
230007834
933322191
2119166360
-325284598
-1272421843
-1125683561
-1507941725
333352624
-1073218724
-79793333
-11722208
-2014717522
921894646
1940701549
-2108498344
-1214907615
-1827056255
-317600160
1821956530
1509919148
1825470871
817184899
690741300
-748622162
-1014244598
-494043775
-669607607
454168242
-2146185138
-1892660762
-509316668
-1057651413
159889944
494226934
-1487232475
-1043241120
-1085653694
167482297
1568986394
2138882725
-206522639
-599764390
-1442368953
-89503285
504712953
1627822769
402641225
-1683233319
-2012394369
2041887006
1339939064
-1525539333
-1080192801
-448438120
1630850796
1103465146
-1048486704
-893914363
452385602
-546846611
-1456094266
265059019
1210647712
-1062429458
-222400105
-1903351386
-959403915
-248298351
306095713
32534716
1963570053
-1066198446
-1848931158
1392248302
1093230244
-758247603
-1534374457
-1383962000
-1379306559
-1844533902
1904642178
588891803
2111069990
683565432
1724386806
1837379329
795513085
1226631186
-121567042
-1263622463
1660810005
1213151840
-123342258
-923962595
1049130726
-1008613976
2027616928
-1921936311
-2020671534
1110391365
1053607442
-228821115
1374825901
1625906654
1610392974
-963365267
1101187967
-14660389
-1697272597
1489762191
40363656
-453517547
-1521333358
-1436990402
-1891577469
839001036
1372605284
1185441701
2060294190
-13555491
2011912667
1689201438
-1211324662
1103200564
-770408593
501121988
2086972255
-324911490
-350279366
1695089990
551415683
1425429027
526559454
951922174
719239002
-141129357
362368678
-588259263
-1250795232
1480235295
-896237077
-658203400
-1134866843
-228398102
-630228040
-66694289
1789647193
797190303
-2141157456
-709043603
-643638711
1485873989
1575153456
662201987
-510885527
1108028817
1760686768
-257060439
-214923053
1955723931
-105941650
1880213510
-513604913
931629524
1213677389
-946786802
266160213
-1016410825
1594489081
-143371310
1792592847
214892223
-1911994801
1742555538
-1573006302
-755574504
1991287548
-903288425
1876190191
-1658968167
1208804707
1731881791
-1039806187
45605232
2041482180
-242969767
-794701702
1553351710
1014052761
990188978
-1090389493
-497704666
-1347093693
630979568
454232320
1203360512
1110203878
1081222557
1669028964
1681493332
975976848
-1799408250
-1400210476
-84804508
1352193952
-2005893050
1679139974
-1108318263
1432219493
-1422405603
1143054989
2087111777
-1558877435
60953093
1803188826
-1690590841
-2091182432
-1555873785
-966941051
-2118894203
-1131831884
470162634
-396104243
1006406982
645888706
-360475540
-266070691
-498724017
215006513
590272148
1155003217
811819504
733268339
392199623
-85875337
1986299062
2018342758
1025267707
1973874777
-1442050781
-2032717060
1041409129
-1072362885
-633620832
136839965
-1726555481
-511748128
-1007495758
1843239627
-229421323
-1095771693
1801979500
-1745299321
-618510378
1999132387
-1234514396
1906792435
669669602
-2130739410
1590764649
1809971640
-1847257382
1790284002
-1484777677
-846101079
1905555709
1175470336
-69337508
945343272
1981578137
2043014243
-1418726833
-1992956984
-755247132
2109494529
-515147266
1260551219
-101194484
-954241169
-1809800167
1375029070
2008872587
-1697053526
-1221591172
860159898
1609944000
1446652947
1640179432
1143970525
649192635
-80485957
-654978059
2079233024
706465880
-276022047
-2113360569
910913339
905824142
693242552
1364608000
-862593938
866396680
-1096232596
-1902775179
2045713362
429043701
-2010939545
-106979805
114591952
813327644
1266961103
-425826589
1913483056
1663811890
-1927510701
-1395655331
-927035786
-1625198225
-2005964761
1389432506
-827854968
804628318
157752396
1179575197
280490132
1927086324
-1902410988
-570337197
-1184322768
-1923129884
-1491172635
-1823497144
-1643439934
-583518671
1262083133
808821948
-1066034911
1405961732
-1413035275
1965465271
264355708
-1488739649
-813172791
84257850
-685799046
1395166545
1165131287
840648886
-1316854621
2082772427
777718246
-915230527
1447994877
1921311795
608719401
1501628679
1551128570
1607449240
-771984571
144932990
-2133949807
-1856600986
-430248495
-1356799523
-798207574
1309214459
-43430500
305023054
-1310999106
-1913485447
-402342669
1228794721
1877187262
-1492977186
-1136195549
802829892
110440756
-766276271
1597625660
1807654449
1467729320
-1606997571
-585165800
-738005977
87208516
761049763
1149364891
-1304105508
1611724474
1766990636
-1313627845
1695007217
2133025381
-1944791171
1888244674
-901827737
-1197687634
374118222
964651602
-1385113519
-1384804431
1536439741
-2121261399
1429989323
1802205471
-1458840993
179474854
-2085356758
1361716581
-107067496
-1880476404
-1962267020
1348884749
-970739156
-968979068
-272411630
1934994533
-1625162219
1974178024
-630116413
-1535910563
-1181518698
599991486
-271586092
993057717
-1659222128
1896448258
378028942
-1137642665
1905817107
-1435600089
15335918
846903553
-1719081416
904002912
-1241912421
243572006
-17840083
-64868837
-1150737132
986597654
-1215981936
382077901
1220255272
567290460
-81704959
812613876
642133931
1758318694
983270897
-902024103
-1878761370
-1128398741
-290587456
490510742
-539949745
-196762743
1122965767
1965884887
-1819528967
435221292
1916519985
-1826304796
-580114867
1856538550
-1259994544
262908510
-1503772038
-1005179556
1326996269
-2082079928
1329074729
2072486734
1011591329
-309556279
-1933048331
773564698
1420662818
-1049821905
668498458
1491598930
-1607737952
813434935
-600898197
294467691
-239002223
-2074927221
-474135671
-1617456408
1239278666
763836043
1020759633
458890679
-510050671
819900495
1855543958
-974918182
-151402641
1548270316
1827023888
1971663945
1717649225
-505898249
1894864019
424959766
187826225
975940423
-1020923261
1250011346
-1687755911
415831293
-487857530
373930543
-599036791
-1468628024
2002622588
1967014374
1661684978
-1821549979
2093880235
1051043546
-1616013886
-1341117595
624779838
790706301
1434528281
-1367836110
-2134022160
-757366414
1447380732
1110509651
-701506556
-1284071308
-558746520
-302959890
1696707192
453823349
817066922
-2123225970
1570202745
2115199242
1793457901
1002364710
411094041
1074998277
1795321364
1525441110
-96303297
19840355
453252298
758608364
-160557602
244973672
-1940165162
-1151745876
-14604440
1823763720
-91527245
683705172
67619717
1621720201
1282827871
2020257754
-1132168704
1737573477
446238323
-1797952265
-1187240447
1413831540
499002739
448886248
41144449
1773956426
1184387943
1376024179
1838173689
-402579491
-2140999254
289776423
1541419868
-1140904085
1081479937
-1581968920
2061704776
279700634
-808124177
2059507370
-1849635721
12404960
-1821283770
1137256572
1272297083
-579486427
828497665
-1627647288
476193194
-1891641691
367244625
90928857
-691806890
-902781413
-1477596171
1690296732
-395174079
-649802469
597286350
865925546
2037789519
-242285121
369285810
-1903982203
1016263293
-1999306618
1939405183
1683188257
-990366447
1803664504
615659379
1268978086
-1686195181
44219788
761804987
-784676236
-1942221317
-971520690
-1694679479
-1201809817
906355371
2138239420
-1959123734
258736731
1937128095
830563953
-1362837097
990539250
-546132638
-44899323
-410046710
1202359188
1364917059
-1441205838
1031135380
1228053687
2115702344
-543392453
-1909748179
855322208
-291006877
630396168
-1477489204
59333096
-1590971165
856367253
159018489
128306691
329345837
-1967604979
1113122207
1139598334
1005961387
828576817
-289903322
854869319
1584714755
88898431
-437807935
753329458
-2042016884
-831686257
1551854596
876630777
278780157
436050879
935825080
106735621
-1465465753
-833956334
2022550258
774018667
-591089052
-1198874795
-1515793310
929127352
709958032
593374083
987904232
-892036111
-1044899016
1819633770
-308671892
2036099285
243970897
408068237
-1115115026
-518522524
711947179
-1226119092
1146462171
-185215580
763838054
419281218
430853539
-550208862
-566316124
-1899995154
-772455289
-713377098
-1663285632
-1021304940
-1814413897
1642028555
-945410754
-39309211
1254862747
61589342
-361062206
1179057117
2053332080
-2061655802
996679494
-738182292
-554387945
623367731
-2072336825
5234008
-1568855255
1836276858
885921728
1994118113
-1734102706
-1310420592
-414892390
-1303301467
-512352049
1072836949
-280484254
-567591355
-2039990936
-312006636
316914236
-1612098999
956385379
1073267977
1624235799
-215826112
-1142745119
-709947101
1468038433
1765151531
-1364906118
297094666
1538862205
-1589426660
1218823688
-1509629598
-1067288269
1979118873
-274062144
817705041
-1982139800
380012869
-1036653695
1612656447
1139636430
1453054273
-199113104
-2108970532
104431709
-495920433
-479237948
-363886746
1718696258
-1774040392
-857612066
-1963356373
362599447
-628461840
280926620
-1247186611
751916373
383997687
-1450402579
939530181
1639754758
-201179519
1173154728
-1957330007
324009918
926152280
-318767463
1549318833
636250571
-2084800639
259638493
344099063
1006996907
-1342569315
-674843793
-95675651
-277822274
-1353810542
-1229342206
-324619276
802083132
1289210218
-379309808
843187259
-286700440
808090234
-1254746830
-1845304283
1539064837
1657802950
-1701436494
937719551
1534573321
-310608220
-653874082
1419377232
-330563184
755291038
2078616734
-18365086
328144915
1532703132
1092618185
2014199041
-956788263
108163138
354349235
1762246530
2056563372
3019415
2110773386
420924678
702972880
-844533018
462649058
-1625690112
-1917010895
-76855064
-1360937203
192883188
-390408230
-1647776221
-1238378832
-417535872
1305291438
-351337332
1848009106
-773667168
1424243281
1849385843
-1882179913
-1176723924
-424686746
393113247
-1302932819
76983718
-1629417985
418921400
1768102693
309843506
1895734609
1598564837
-1685174332
-109890075
-447986009
-1119105099
-1229454277
-222125503
-990655591
-130784446
1205084052
1114621696
901452669
1936195731
-1844224817
-544609008
-1721270244
-1177128382
1668298925
-1522356769
2058705320
-885039010
-69093174
-1475602728
348489197
1416759698
637769713
-2106130132
-1319960889
-1620252026
-316382293
607691221
153402323
-2050623611
-761307367
1051366871
-934804631
1529498719
1014054659
-1249317176
1340757705
424572560
-1638657232
619053971
963210643
-258556511
-1231032073
1048840568
480441468
1129385422
368259862
1698740566
-973798593
1657825512
360604353
-180386516
-1443136048
-1336671876
-1191371266
1195581917
-1121594153
-173906891
-1339650257
-311465678
1459870044
1961055102
-2064299536
1673058341
-606103618
-892782229
-640704221
1993813340
639987177
-473607207
-1718171064
-1109070861
595251399
-217055533
-449551855
1965934206
-1837665034
855687479
-207411659
-532007347
-50606404
-1077411944
-1410795388
-1496923407
-614785737
-1034520218
2034597691
-1250312705
-1656851240
1868362828
1245312665
1737651987
965311762
-938427943
943982513
-1315361768
-438250163
638045025
2037299329
-565757499
-335719136
592048165
-1015428796
93540458
-302605376
-2115894863
-1819733244
-1446661908
-1369267534
353180293
307411826
19183117
-187742264
-2389257
-723758599
352988656
-168426934
-1410221993
574892560
2100709340
-1067894926
-715830700
-518682929
-1875043777
1157489181
-1072346467
-545559611
607651062
1340834240
-664659253
-359717112
-1380682805
4687000
2006213757
-2026051444
-1301428930
1535156517
-1896847420
470416056
704141704
1968296664
1843743681
-877825994
-731902500
1319890442
-2090969715
237329162
-1776506897
722468656
-1028249256
2113921254
501413306
1305733453
-1959101996
590397627
335652222
711849895
-2026845741
1765875091
-1335551480
1534809789
-1020058578
-1657757027
877510454
-1493129097
986050025
1430017161
-1955028295
-492623969
-1586088300
590390294
1848792348
1401687696
1256336115
-567175704
784881412
-1030802132
-1509716511
876417950
-649226568
-1186391534
-751936655
-346506716
686473699
2004339472
-558630315
-1214400187
-902074471
471163095
775790467
325752963
1791321751
586285549
-1426667499
1932260650
-1297644594
-789143321
1087040880
732597666
-1150155486
102296022
-376973400
-1310839291
770849902
1872499457
-873975261
-1825943055
1960308427
1992393940
10503803
-840790114
1941627922
-221803239
2093023656
-1992155086
-982816098
2017694053
-10246306
-1562175149
-2115972266
-1362594604
-489498700
58141694
264579562
-408869640
1837878022
642579606
802008411
7504397
-272832485
71985216
-1526477631
-1709762958
1016404105
-2068493459
85634120
-1170583212
638156631
1772723639
53048955
-463456084
-1276283420
750057201
501415364
-1604204950
647164680
-2030251656
-186158541
-1070242574
535281784
550903247
-1621807234
-1201783097
-563731857
-1542849685
1820976968
752113029
-2122984055
-1016288566
1062579110
-891120620
826574577
-1490481975
-1208640034
1989627930
2062232254
276054839
709117297
993455793
-1624779622
-964540764
-1209412773
-924344230
1011480228
-489847425
574018968
1103652912
224995991
424730719
418914026
-854269344
1071442219
1937020832
188409561
-1424327208
-1905404997
1197735474
686056955
534453566
1042248743
-1165294163
946893429
2005160739
-1124362501
1649932199
-950083391
379694456
-566844464
-1152454583
-1240486736
459523136
43423730
692186656
491400882
-1531117690
1316783938
223972144
2091639125
-1431287662
-360003746
-1798851762
973044491
809310807
518007038
650046383
-230334416
-300440274
1971512225
-1898053701
1916973386
-854394423
1830557544
65611559
1576827281
990801761
1003424064
648476994
1624818098
-1533626062
-1325040313
-884424306
-76051761
-344039640
247255912
1714096529
-1259211318
1186500058
1031129671
-197891091
726538947
2096918967
-1281160092
753271982
-1898294050
1097240958
-661591174
1234309859
-703920567
-1297032205
1166208552
392339311
128063613
-1578017585
-1536551981
-635224800
2006432963
-1873097481
-1000279351
-1990314496
-1531956999
-210144783
-280423254
-1987134997
1898089621
-1474690925
1538733315
1697571425
-462366230
-458262787
1762805307
2122424221
802291626
-1564216
-207396686
-664411418
-980271445
-26132353
-1449983962
461478436
1859602413
-957612723
-1296944295
-353873739
646000348
-1139954696
-374038032
-1991603839
1538374609
772834317
812289182
720905803
521659102
-449230243
1339566977
449933386
-1414176054
-91644505
989466315
-437807624
45142106
1090378390
903636389
-62475735
-1037659694
-734999827
1017466703
-630149026
-1928360262
-1741777920
1569757835
-1347313062
-562259995
-454846363
2145228603
921393910
-657339473
-2060762900
513138249
-755015119
-358778235
424534219
-887213114
47945355
576343977
-1107547875
921757525
-1935732846
-383466954
919199629
267605706
-929950276
107483746
1561381966
231634701
-989510793
872896259
88085326
852264772
1893278590
-540319916
741043370
-432254415
78700654
-1272550152
-13569949
1132241367
-941106792
602606142
474179922
-1244083869
1737175320
-89947995
1431462745
-662083254
269854502
571192227
-462919461
297456046
-1749199189
-1392024671
-1771363475
-1582520570
1544038167
1435180362
955274189
-367743748
726992753
93214981
-145369838
-1339499623
659900079
-1887334721
729423653
-1689050465
290626887
1093353965
173407343
1708359477
-908870651
-1736750639
193947347
834357193
-201690081
-1256990213
-1339506722
1979109937
-283915130
-1891889390
-1896949699
-1698113517
-1752983426
-303561772
813398639
-445825657
817521520
901689946
533294266
-439411206
1165870591
-1429854816
-1296949661
-2120727723
1337489496
-1847410876
-293833704
-1549898915
1183364558
-1092708978
-1020827727
-669712548
1301857701
-1015403088
-879595753
-349167103
1161215277
-463989170
743497348
1397766020
-732049646
-1247205825
-569067028
-2019865587
909425650
1402430357
779135418
-1034159018
-257279952
1573508826
24643263
1507050638
185686791
-2110009699
197079399
1017698688
523070177
-1907992788
-173168595
116781044
104700649
-983373150
-231304880
75798101
328109535
1744163
-1826378810
-1574894445
2142762
-1291499162
-2023105679
-981432758
1817168691
435192179
-474102640
522314531
1314470896
108939181
-1106105737
1310812538
-1134303554
671601683
1494287746
24149825
1199945331
2089871810
674989127
-1367679709
-261086029
744259773
1466723338
-381560852
-1892789886
-1820604431
-1405383563
2006473767
452231195
717013874
-193447288
1454407688
1856638207
1542327050
1574700750
-1311387764
533999952
-658412299
393618129
960345822
-2129057954
-1880131355
1080240591
42577661
-1929870206
-438683829
543965356
-1473441638
-506536918
-183660328
-513556181
1671606598
721944629
-1545590207
-624630696
1853664972
-574328191
-1486899134
259989576
-1038414629
1986780097
-1260384282
-953340667
-344192792
-504390765
1261729540
1803740354
-765245358
1042138577
-2029061876
-1212386474
658719942
26616102
1266271235
898402535
1814469348
452459236
-736439861
1353614309
-527622366
-117906411
993157544
-2095266246
-922034960
1333898191
222889471
1060809151
-944413667
32516812
680151647
-29046799
340658297
-445533126
-1709886011
-548304668
282982330
693321678
811347227
1767320951
-748467805
-1956536034
323090946
-1739863864
92040802
356868144
-382076463
1707531498
-772694215
-898955443
814594268
1876135637
1137849697
1438775835
1296727544
1746773406
1708526378
-1465308694
-209876418
831703271
-384742554
1778531149
-1567747825
1446294168
302732040
-1294405395
-1242551207
292571086
-114325241
-1634340967
-2124656361
135843091
-912699257
-1265553504
661325854
-580539952
-173377221
-917917854
-2127761643
-951816449
1441649156
466434852
-262978108
-1422387932
-1161969186
-1321968092
1140689810
-216423043
-1371469060
566481133
-1501236920
1839055479
1758338096
-1568278292
-1863933157
616940388
1609012368
1480871234
-84267288
60446571
1443552598
1190245594
-290354495
-2013731905
-2118910456
672412094
-1938522201
605819156
-1031270696
1556966822
-1216250727
-1592050611
248114508
570883026
-1755703859
-14434695
1330845473
1346397209
-287198148
1693073408
-276508819
-1043707072
-818333340
-1929278695
121893379
186338447
1003133769
1487376766
1767119130
1721784481
178502844
1265670499
512555312
-1993101956
1215301087
1833158051
682563371
-746406943
240419047
-1751421636
1816870082
-530805276
1911193379
1798239741
-1702736102
2103935678
-1328477634
-346872195
127495091
1951822816
571319744
263791439
-726110331
1268946764
-1007082278
50563955
1608993894
5288736
1711118434
1881958415
-541011794
865957491
-1372153573
1496179550
-1634220771
-120190108
1414885946
-771032345
-852130565
1180644975
1631514661
1937023218
505902208
-1975609598
-1645160579
-350551753
-1442645642
1537138000
1754875998
880925912
1230887452
553716068
883593701
1730818449
78849613
-2091251848
509229554
-984440786
1128992481
-92455546
1268923694
-1531754948
1925074771
-869671393
-1329083569
-1347354877
1326714276
-1239804804
349897626
-724615245
973296766
-1177526830
-2015922775
1927742172
214928283
1070638058
-2008716690
236746531
97096295
-55055120
-977782409
854877490
1190486244
-1233210230
814100083
1837465840
1492013773
-1738587604
299549428
567351794
975339774
563777706
1913401462
319938352
1092603154
-1410622706
-1708548449
-377050629
-147618995
-484302165
21459400
-1540717522
-1454917956
2103132786
979598779
-1389732445
-1107838054
-740334717
1158881470
-252695
-1954061323
1024616199
97094352
771897139
-184622447
-514057924
849655090
-35562606
761755660
884752848
60018216
1096727910
-1320989118
-702618253
-929948416
1627298322
-2095241742
-1178956633
-891444653
183735790
-1766671711
-1374968870
-1363085174
-1485181823
-788070210
1218267317
-822331229
1589178351
953655814
2046892214
-1454315723
-17265744
-1530700758
-1537420036
-1720635983
1151319682
153429422
1594748769
2094195690
1934376864
1233272083
-1320135475
-487903786
-677199052
1319601720
-1361639223
-1705004651
1601868297
-311109124
152725074
2030479795
-1593939836
-1726272472
1879644655
1784633258
1149751508
-931353716
-234477307
583047850
530148456
-1616101273
-286287254
1427353243
1823465633
-1233384181
2039387191
1103976290
1659394761
-2115971903
394986209
-1204290461
754376514
-504730391
-284549750
-1018857402
2144720898
-277898139
1807768468
-783834882
708548158
1301155128
-525029513
240831495
762952549
-771410839
1635523284
1144902382
-1036665521
1182618669
177336266
67591190
111737270
-1304822716
-706587769
1323330488
-1677062940
164211875
1541527072
-823623381
-995598418
926580306
199635877
-387464091
1868439712
863368855
1428263536
918030273
1183587449
-823891884
1575146173
160801282
1142303193
-560298067
-2049784961
1729455255
1611537464
-1034284051
1661948017
193802784
-937004518
-1193755734
-561840790
-1651443408
971321984
-1186029786
-890748171
-1342302380
-601707103
-1384114953
-523395040
-13932460
-2065230630
-192113430
-1712818796
-1837857352
578100706
923200805
1951530470
-373622131
-528538303
1450780043
-1003817173
-153063576
812090370
-675760797
1289212369
1911100075
-1673261913
-1500123333
1540389036
-1146765050
-77077668
-1262762230
1528563279
1656336960
1807099248
1531139732
-1438516323
-507007433
1077089280
-791624686
-1224750177
-3207643
-1167018508
-1689948399
-1800744810
-1920922076
-321968849
-294811750
-820773292
-2411789
240646913
382563218
-1656494649
-1713649670
159354848
-1290426780
1857740246
-1326335605
1284375128
-838218020
-1404410513
-635875478
941439295
1074954070
1499075296
-55866481
-986163924
-646007785
-1933859738
-335662806
-1535359704
384621562
-833157629
240039910
-1587514714
-827766962
-1305452396
240299889
734640304
-901111554
1188529698
-1318299844
-1384572317
1773098482
1852919671
-953520513
-1811223395
-1374744907
595640052
463896703
-2108528908
-1155686568
916389026
1170551059
-399978519
1944719765
-844202106
-1198502557
-1115244452
922135862
-116983752
1411032307
1882257987
1671897783
81580214
-1160122657
1370123926
-1466680278
-838838923
1550008168
1219923597
-1460717478
-1371677767
-1438985810
-171412467
1025324083
2137618725
2133862847
1333587295
39143009
-2118770539
-506735920
1660262434
-1936576202
2074163243
-152814135
-153733245
-137179440
1555627176
-154958842
1577367978
-944596102
-904575492
228594267
-1805672329
-1592393134
-658538209
1271300185
-2103066259
-147042260
-2134904031
-1158473777
-351956754
-297570122
5478784
-1455566701
1685679272
-2025334308
187644857
-1763457918
58300751
1477265774
-1561755103
-1889181756
-505157748
801323262
1290741236
807457108
-511429580
-700306418
-721318226
453279679
1940404157
-1454556053
1248948377
-76708309
1205623021
-30045997
-1622392665
-1040024166
-610896173
-2081199651
-1932750463
43718256
-2022777349
883134746
-1127567905
-515291598
-740893476
-476809610
-437517287
832638352
1245686677
-252528668
-1926940930
296229540
1201380056
-605466822
-1811159068
-1599681668
1699659302
703906392
229805568
2108183765
759399740
-1535725168
77197047
-2112876247
2816204
646539329
-1058468684
-24757268
1362595440
-488025147
-1613390724
1809751313
-870529061
381977740
-382444737
-1698699054
1074598225
-660693623
399102767
-1946495055
-1743613096
209311180
1634297494
485243577
95873967
1448865903
-1367755804
-147484663
1236861311
609242806
-1437423865
-573842542
-1496356656
-143228815
-933573633
-1424701409
661195070
-222366043
2047784625
-2000268139
272956396
1273871467
-378104838
180195708
1775621303
-1835705833
926627847
-1773849923
-1191982418
1195001499
-322093597
-1752368723
1067742146
82938669
1327893584
1939815241
1475741625
2144566568
-556543013
1714554563
-933798296
-322588113
1132386858
-729436099
-508224223
-1985113448
1697097368
1499120595
255313769
307179014
-1589451773
1982178527
1963304686
-63818153
114363364
2068209015
-1171865929
-2061417279
-807588193
-1334877638
14171549
-2106208969
-105943781
-405909940
-209705991
-1515887599
-860555371
-1909072994
843649182
-1431619093
1390978481
-1732732046
293169417
-650972724
1956936658
-921160930
-1441247017
135804298
-1720340054
241508623
-1599724426
773893229
-233697772
-228110832
-1881838817
-1593034733
-1020875744
1059581644
-1030982653
-1083073646
1134919023
1182366097
1481052868
-1868828445
-1783095871
1877128278
1148399398
973049981
-1798059060
605953791
-69592058
975392576
1054055247
-1733345826
1842604426
2135242388
1320891493
-433878915
-383703399
1792023250
-1223314402
-1062403942
1226491277
69841890
1560904267
-383732366
-1230039001
1270291492
762523800
1279506242
345904835
879745427
535213792
-604684534
-153721140
355849512
1234673852
-1855123821
-1661479823
-710220676
-383909795
363941043
-1760087144
178440624
-1927857509
634872272
2099960851
517655952
-1342242739
-1881696094
-465160943
1670273014
2089683163
1123256124
-1539439658
-65918356
-592354800
1345029196
-1548324434
1846944021
-2096731852
1279241377
188153118
-1077436980
-1460354727
-2122498835
-1326462371
1678573965
-1287595275
-60734516
966723330
1437915155
-1719213903
925233156
918312190
586783171
-1548280449
-35651826
301691083
-446355512
11153394
-618262571
-376011035
892167806
-1552638263
-1131160132
1659104377
-1261069805
1334223564
-1827166234
-1597886628
1618372971
1864251867
219695280
-459230914
97037124
962516803
2087108994
1251623454
1026384283
1589855571
-539607353
-1636143616
-1699772595
1356041263
2088884281
2145219038
782406656
-1101925917
-1787326111
707136475
-1974805949
-726702150
-2047582626
-385639746
1948984307
-1547110192
-1294651164
-285851491
191181024
-688583194
-1617079929
1072037080
-263128143
528521845
-1565357767
968683849
-330766076
-970356987
-1351360751
-146520391
-1310243623
337964222
-338170290
159802517
2077471280
-1508575681
109844634
2029023200
1090875631
1564178862
-1034020718
-2070395541
-1001808375
-227303409
-263341947
2058052420
808112605
743321049
591180155
1281258859
441041115
995180742
319747705
553417163
2014102125
-1374316822
-1183977469
1378856808
747004435
134787847
1149594594
-2037529388
-1294901552
440168991
-1539750617
1645476327
-215827260
1931601481
-1866528657
-975755090
1639501082
1234602696
-696838041
1408690595
400052259
1049109849
-1768614254
-769505506
108467651
-807081781
786404426
-1225804788
-1304051701
-724390699
147542019
1144076765
-4158425
1602309923
-1716092201
-712437310
2114536826
-912682575
390922814
-1106109160
-959789305
-292877732
-2073675236
624095519
42512146
-267323466
-1069923584
-1326880273
1640245510
-1368453351
-1411671894
-1907885909
2122903961
207919102
-1934150450
515711222
-1652295378
1743087759
-692776425
2102450597
-872986503
2039322490
162487150
1770702006
-420148376
918419207
1553386363
1500476033
-628758975
-627266196
1627324523
1613898797
1794963719
-233406881
1949681651
-820264604
-771869406
330471917
-743135339
-2130774710
2044848446
-959183734
569124130
1503438506
1735042930
1411443816
2052887423
-656720014
158394789
-1418100725
1223190443
-1729726623
1920604205
-261285347
-1668785664
-42691074
-1754868040
1572198014
-783689800
1288265675
1522449263
674227359
621054130
1608393403
-1679961000
-1958532336
230419830
1100584416
-2035638533
-1190457258
879647094
-1669758872
834754120
-1594786558
-1956459114
364600266
-1871988041
1294953214
-1743030546
2083546427
-1718961999
2079757866
1059771854
-2101554585
-1492545234
1764565542
-142225150
306781533
-1060607842
-488814223
-1815266986
-1075340342
744906764
2047371698
-559054500
-1050684055
120691841
1018036566
874229100
-1485550151
1392894118
164393562
1747107819
-112282383
273194156
1982504553
-1922751024
-2100710351
951818352
-300502999
766109540
789498105
-1899127847
1714922961
-301620920
-982391842
-1113409148
2035577086
1386973628
-421806470
-1652285533
1271709639
-730659298
-1985012572
553751330
1420608270
-270363473
-1474007840
1728903434
822511129
2069434013
1423604761
1073386026
-1378833568
-470120899
1511141517
-1797862157
406037160
-275364457
-2064220152
741134756
-785666992
286241063
-693037740
996617382
-654885398
86774498
-870360849
-1297728712
506371084
1531154806
2047004926
-1065468338
2094710120
1349769174
1237519489
1439250358
-2136028390
1356280053
294030792
-2049510019
-1142369727
-517268527
617310246
789049232
1066629840
1081973682
-671120157
-108667995
-215230554
-584529741
86229878
664214363
-28597285
-1495767935
411330803
188246175
-1876328100
1087207266
1849987778
-109419438
1137052857
1213217145
-1423859567
-338236632
1974852157
-75445177
-944846453
1955353811
-1226461122
12290165
-1130868535
1800077663
1337430711
1456333776
-746517240
-1788618529
-2052295661
1317352340
973354909
1047306569
616013643
384880364
1854977701
372854430
429272882
-481995335
-932030848
-178802354
-1252645105
199696274
-1196382593
1143809753
1356726380
268310283
1739746523
1890332857
1660863021
-631929542
789571048
227677566
-240651037
-1217490570
-1091747189
846917691
1752565858
-1680574110
-707126807
1880936992
-246874480
-1926380247
-1731607967
-35595672
672821119
-1770652662
1233372603
-1474598795
1999059646
-864051946
1143661729
-695022536
888306156
-1281990600
1936481613
-1005184810
938248333
1041630070
1708157315
-1747190392
-2065550048
-1907742603
-1463801918
-1971599166
-486183056
1479542338
1180984246
147913111
-341702614
-369429681
767816176
-247725221
-509192785
-2134307909
-809528616
-1984354423
-1756310997
570783701
1928630497
-1049589273
-1815017754
-37087518
997101055
888201959
-927246119
-1419079138
-459000747
1668838480
-1928033660
-345039872
-339624397
-1815731171
1790117630
300244930
-788559553
975626661
268520013
-1521326816
133310705
-703481605
2098068215
-235377569
-1146835900
1709652119
747342041
1792018064
992283306
-779154123
-2127928010
1371794965
1899359295
1123612669
1926637586
-1414306972
1700282689
-332102941
923743937
1656164875
1351769280
2015696720
555728826
1449181683
612468369
2064538370
58990512
644765928
-1969342328
-175179985
281805795
-1259540392
-613778715
224275952
1220206002
-1454308518
-1933241330
-712842787
1807973237
-489359118
1125351294
-1845431308
-731653495
-2051043693
1704976381
-1419502658
1621329579
-1454905628
-1566088943
1130208692
1195907721
719667398
-1234650188
1864139742
-1585924714
-1674274154
-2125868474
-866239300
63077149
-226572881
-1356425276
-575683478
1979543193
-1500664270
72005178
657832958
-1045282493
1764219656
-1497716618
-640412876
-1885936405
-797611480
864566014
1291069517
1606481931
1291980053
456763459
296911411
-1702207720
-297547350
218743829
-349468448
-350904549
-1362722023
1245375065
-248455167
-1121661568
328765232
-1474452230
-81311786
533670190
1368710110
470236445
-1301862309
-758206249
434858230
-1484543080
1148725932
-706721136
-569304526
-808346461
807568549
910577827
1179395449
-512853296
-1965630776
-416901212
-1113415324
-1302088392
-124265373
1534738882
507836414
1936045302
1704918514
483849054
2061910475
736638425
11007425
1321090273
-938423029
1867707988
-2056986923
-1684451894
1420121407
-1665338695
1113007628
1817462021
-426266900
-297558106
2053612931
384676483
1222896542
-730409025
-2091216329
1216617990
-1109181905
-1666617187
-454942738
-843798724
1037567817
1770105605
2061303639
-843377905
-1862458840
-1021054372
1450973808
-218834373
383510948
-620388518
-1881328857
191761696
-1771453074
1713156606
308168772
-1355276071
1940746137
838645441
1942480005
230160780
-1800351140
1438665486
1202371594
1478084099
-1869840874
-912132880
-282117133
1525579899
883293073
-283229683
1482420295
-723507012
1040875146
44327378
1354884119
1638337385
1533262960
-562450705
1020026850
1748740761
798813036
-406332410
283355707
921050021
1781149089
1779742622
443068073
1082453571
-263918412
903723869
1720299214
-2123173677
378792334
-1409230218
-1303486006
1091855865
-1528953760
-868269217
-1136908831
1418297195
-1445789465
-1463940921
1658398810
1888301579
1676004081
1177806279
778020778
157595447
-639107297
1605538135
358659026
1496665952
1389280235
1626166531
2116555012
-598009383
470089452
-909780259
-1750523764
1907693041
-382725544
-586979659
785839085
797417795
1133432523
967306887
-1899499958
1440221003
-1302022842
-1113995724
-718825464
-633801155
2104370553
-1198534027
1736411312
807988497
-1502923708
580482828
-83195111
-643762462
1000531579
-914705349
1716740037
914573176
-1156000791
2124949370
1544733067
209620259
1900770967
1949688675
1071026294
-2064380982
-1628329394
-1798876432
-1456060691
1622922562
-1819140007
-1732404247
1878465811
-209472796
-1489515634
2093298839
1959034480
-12938151
808618127
1387962557
-582502960
-1128032329
-620526003
-387348024
1639183211
-1891041583
-1903611187
-1540839867
864686406
-331831862
-1384730578
176694418
866761176
-1602695445
-1134619158
-1250980648
-956574481
-1795336266
1767703132
-1100788168
-413376812
-1496143045
-1679605631
-1200002236
-1071116883
-1036712535
-1999927806
487061936
-1925945054
-1163928281
75795825
-477140664
-968935357
-332758044
865145043
646825508
978086313
2051299180
-862099362
134703643
1547164122
2117341501
-410398333
73716085
103980018
31657114
-1641831890
820963
-1422284674
-1565092450
-567808949
1192975027
-1240590677
-372861549
-858892916
-1911793345
-2095758433
467808388
448997225
-1723517786
1745456166
-1580718064
6544232
1335039422
-271942511
1761744768
763471774
-1678833591
1277532890
1294916892
1780600692
346060390
-513855732
-646331207
-1628717906
71788361
970239457
2009155478
1752245417
1136620846
159951276
2009691497
-1468219933
-1654149494
-1140691591
-1711056204
-262649408
-227879293
1089054322
-399247268
1455617675
-2073642846
-9912445
1742381179
-799187526
8946631
2078724929
1876937844
1910547061
-803250084
-380348409
1376960584
-456493991
-721046067
-1789662622
1519226663
-1853883784
-648752329
