1838259733
-2131439284
-254676709
1495013633
-1704884147
430612939
-714518135
-361345021
1351921190
-542854107
283025415
350743226
-2060974667
-261005480
-323276411
717095475
1335384846
1500238299
-1098190972
-1668491494
-734597966
-1253906683
-1909650524
793984967
164027205
-733122897
-1119627142
2136502910
609575044
-1125594345
2005457831
1587916786
-940965515
-309786361
-1031312091
-334392821
-1781846049
-1695558090
949057508
-219479319
-1310257412
208796141
736571285
128852007
-88649876
2089366509
-2059153468
1007521379
-2014161299
1869260175
-376522708
1077870846
-1161092023
305670445
-560891322
1898052128
-1868255729
1575304128
-343364573
113510142
-969630075
-1085383478
1231983739
892730463
-1470320036
1686898806
758907909
1054472027
-1597955163
-461852676
760016904
-611703195
-1047144316
1123243082
-1344560591
-546005364
-444380894
-1059150112
-1134653017
663273725
-1323347737
-59321093
1371683164
-1273563956
-1568317719
-1818861323
2033811366
-1123305229
-732120673
1344581099
1978958605
-365210982
-1823290919
1567564192
-2034835354
-1245471848
-84238092
-1244135264
-599538144
450737465
-1872613816
-514561880
1881630941
-657349823
12638181
-521859771
-540365500
-866512079
-2136315265
1204525754
20388629
-1041837112
-1351838554
-1292311770
-1900122755
-49233716
-1175690951
407779814
-1776659286
-579197175
-742628068
2081333559
-1278329694
595780762
58430504
293776928
98446672
2145896806
-333975197
1587299982
-158656544
886635501
1586466416
-946496064
-369744565
-2054461884
2055048777
-1319562523
-1382950347
-1358598306
1315446570
-701114878
-1889459210
-634944372
-828399664
1111455513
-630086923
1475688262
-1714527261
-504052857
1325385277
-30674133
274451375
1890358701
210275401
1602261062
1723638554
-1693615405
1677065506
548226450
1844837330
784290632
-1789873749
-703742017
540473029
1909739725
-1741554629
-1390452682
-1799278378
475592498
-1915255188
-166205349
-845232435
-1286536383
1215461426
1009063185
102769806
409033691
-1436976081
-1827934590
1644893069
1388671329
1382430020
-1358508001
1846000769
-684675243
-1103365781
472739046
292524119
-1155341248
2025776579
-576564254
-613594007
1195426773
534749164
108378360
-392393233
-1582307498
-1437509484
-1494907425
-1639274315
-813174730
-788208814
480180080
-1134447346
-111103745
1654454194
1680231199
-1709045496
-1122008971
1841098640
684540105
56463584
-727442693
190092969
-1209437009
254524088
-2011711946
1763762030
-1484270142
1430514054
967256816
-540896997
1894431776
932684623
-241477314
206127880
-1208720418
430239381
-1420743965
1411529023
-1032335353
-1718840562
1606735863
20969038
1233541605
1736389014
1870287299
1816696413
1668313214
-1714460827
1170667503
-253343870
-1684779935
908488836
1763638238
-1103727789
1031642018
-1371800196
-649390503
-536252996
2139449890
-951504815
-1282313366
376290579
911329811
-1971718994
-802752374
-2061545623
1921581242
-1591793823
166480126
-719048413
1157905271
-996720376
1674325117
-983197496
-1878388478
-2029357044
1816607766
615341083
1977176822
-1166897714
1645410640
-446881172
-1840188525
-1640645856
1651553170
448129066
-1224080449
-199266313
-1522343995
-1109678147
-1828385458
1392040542
-1305622985
-1356186734
1230785922
-626104148
-411391294
1949158774
25203669
-1559315719
1564660524
887252776
2006894837
1577236429
-2015752239
-922519512
1361601039
669366298
1103538815
-1452448555
-933673904
262143596
-2112954464
253784758
909761704
-1684738722
-981318242
-1030380009
893677520
1268363599
-1960327550
1074488536
-473897330
-1707060906
-1956704290
427356800
341482039
1141791602
13540589
1916082584
-1582832267
284532741
1344651000
877499958
1184070986
651735171
441206778
693245399
1041487444
575411558
-1307591801
2033115250
-258139566
543190885
-1795675671
-1763672375
1367241190
1213265892
-722658933
1166733825
2049156764
-1313532755
-403365222
-434876299
155214122
579531488
-1964957464
2131483590
-797276167
-1420010200
-446816236
463725622
813531620
-1373748945
-403216920
-199881418
-239574721
561944659
-1857798399
-416364740
2074426138
-1654937703
-317492811
-885648678
-1785188667
-648361247
-517965008
20504844
-1359421033
591675227
1157429984
303539409
1639019243
53256505
144371731
1442048508
348793963
-825487194
-460673571
903873867
1993962128
-1896992266
-221664961
1246835128
-597444248
15039774
-1121090172
-804933873
1304396186
228560997
-1991703826
-569002560
1724752295
530545243
-1755401326
-1140894730
-921280654
-604098806
1959762560
1256884199
987766274
-404710293
-1733158618
-614192275
467444613
1188434459
354406133
94602453
1448491927
646508622
-275820732
1196921079
-1567213116
1951846915
-2005347979
-1271506298
-707616693
-1325095303
-1663877291
-279317847
378072868
555118049
-1125562936
-1071915318
2047369028
-1399222956
1507609509
-824635475
-1840378337
-1431572985
-1339723042
-1441417789
1685708142
318331836
667092964
-199653697
-1219818702
1963710075
885195593
697452649
-2105555464
-371012735
717324710
-1940671309
-471645859
1930455417
-839100994
1864960777
-2121658668
-757365783
319494371
169730797
-764100954
2111289838
1969053080
-1763109950
-741536454
1867306028
2056710263
1149093351
695345302
836865535
1744573269
1953759495
1087150629
-1802682891
1302249123
507202478
2100003002
1008144768
1797158167
1746874400
-1183365420
1923141607
-1982552694
-565265818
68710691
1546016894
1383077667
-644529240
-1413242549
-1615179754
1586559925
-477880638
-961214233
-455364170
-198622107
1236400656
-570324784
1908881034
-25486192
-961672564
1682178206
778225947
566865643
-1433250789
-296643986
781219776
1097767147
1342284579
-1643651355
1100585556
-1370967962
-770503840
-285966987
1647976232
-1952514183
-579469320
-1161480994
-18926789
81599148
1748457676
1013233656
455850408
1295791444
-113190640
2090855086
638076511
1438554168
-1473115363
-1771310259
-508850153
-736534921
-389380731
-744121346
-261911165
-394093400
-1475678872
-1180252015
11973059
387470915
-307017211
-1349057413
1626864669
-1242110658
-1608876653
858287393
484429548
-1722042373
-876349615
1405254743
174506456
94079328
-657067301
-332368094
624878406
-2122221753
-404498241
1476494533
-853861102
1830722329
2057671760
-131812869
1639690363
-2023225163
-43126087
304833664
-72221346
981161877
2025807700
-2092891434
-1052964697
1765808691
-125857476
2072958021
1724085764
60745641
893386272
1554996514
