2142865811
799752961
-892336584
1467883722
740485420
465538395
-1185158834
-943213386
1988670141
-1260720254
921469901
698205532
-1816713723
1127036166
-1429798702
825357033
1868144586
258102726
325950650
-166255988
-1674838568
-1288330330
-901131579
1927824712
-1475362998
-1742889089
-1122418442
-1684785140
-1340316409
715893079
-840276418
-805367552
1010226831
993656785
1738841817
-1428525535
1882443511
-818560282
-1360461066
1352374543
-1371171278
-1594233387
-1278211171
-1181772763
-1951036783
1108048984
1927422413
-1720032054
-370262388
1138110231
2028436452
-1339019514
-1696387390
-1458789535
1879960899
2121004631
-315665346
-725241319
1940491313
-1441720379
303306491
261900782
-1665183233
977391924
-1978243927
-575260466
181868909
1065773561
-1399853135
-974546788
-1669030068
1273352366
1063705207
-914369761
1609394532
998883913
-1099017506
-795840194
1737209751
1972751979
-90775024
1474111850
1892475718
-814101259
-1250069378
230416730
-1691627278
1081972961
-1311482330
187864830
625891366
1355621454
-1347297517
1882481837
-1128872556
-1272366628
688122922
1294865568
-1039606914
1842511674
2036416546
-1811679325
-101452713
-1500934916
-521406252
-561384696
1607084969
-1881657423
1902789812
-73795105
1021751609
646260276
603841695
-1518574235
-1249662360
-766185150
-852785706
2006507705
-1161673253
139429965
1617901642
362666965
-1196563106
-1880356977
1957397785
-1766344261
-2144501243
-2013222047
-2087392936
995110382
1449438868
124169420
940816658
2120318243
-549987296
1277612896
-692932975
-336554696
-843201290
66900036
1875945947
939274341
228729274
-817056114
-240098177
-1151436879
35392723
-980998956
820583825
1375852710
-1268991994
1554904067
-1268284942
513868359
1921079393
-1636532370
526275796
-1353368254
-1419940775
1502861866
-612721540
-1833594015
1629536310
-560167528
-1868081334
-2105771450
-1624320850
-1978368702
-1310130954
-1244596905
481528784
-1421235222
546918427
-1112841482
-405061597
1563303392
-1798290439
10316021
1263708687
1444185236
323943030
-1278757815
1796552570
293134187
2064522854
876576764
-1932084811
-1653973547
-555672053
1104222056
-37778023
-1326920033
1991510495
-1590966367
-922705427
47788165
138128
-1688800205
1530331146
2002401291
847194443
571949837
65845953
209378956
-858879683
-1075440709
1929340796
887246483
-1043977898
93107675
-1584233053
-669400728
1365565263
-1298656567
2142664768
-1575083538
-1248906002
670088860
-1756170779
-538408788
1645622408
-936467370
342758093
1777984808
1304426951
788447574
685197632
837249147
-146666835
-1016814575
265299004
-508918494
-912671528
789094913
1942122577
-1538222063
-1758516473
39778524
783161036
80973581
1324580572
25382665
1006044951
-1029300165
175346403
-1285077169
-908209569
1360226035
-1679544110
1001003983
544464247
1211824601
-675450862
-497388492
629558524
-1989161426
-1160841090
54717224
-1626796104
-28214173
202321258
863303433
-1707234485
1063041519
1023640806
-154326564
325562120
-1121379231
-1530884286
1265040513
-895815396
1012365752
342127317
-39479000
743307765
546666994
-1999183878
937056515
169689568
-1940902430
12960091
468248893
668083444
972603206
1602628721
-1496036566
344633646
-161772008
-1443539382
1428104126
-2045922595
716918564
-1175613299
1587351107
925410112
644284378
-341863749
1073342022
-945070740
463127397
-161442889
857160914
393198963
-1477903109
-1937639544
749694176
1008307650
1986673527
-70281892
-1464794355
1427990219
382192164
-1768039985
-1497600883
-647797533
-1591870758
1814120813
-1873206945
1606735980
-1729069745
-899864715
-1441350206
-1779280842
-1170450522
881804512
723631847
-96354782
-933735348
853228448
454743783
-1027979768
915716
1935120940
-814019594
279865050
-1302176961
-1245461700
-272754983
1922192905
-1658362448
-2108324399
-1657817963
-1212185305
1994613536
-1787186824
-3154072
297540045
-1910119810
-1772934450
-2004016388
1722253246
1581140026
1081623622
-1588363302
-287606452
901357778
-886677719
-396258788
-1092398598
-212694868
1965037790
222097254
-1662970014
-44614362
-1528133525
-1111887849
2140339288
-885576981
-1251848133
135944122
-1012315568
304778632
115968033
529109186
-1807776516
704377918
1107018652
1903456118
726770745
-417021927
1627764828
-1884966870
-1993308117
-1595216063
1496467717
737125551
-1937306714
-1505769073
1555494962
-2118204148
296966351
402932323
1095108540
1199052653
-162634749
609297332
-1561540549
138519387
-1225412362
1907250791
-1157047092
1979868205
1745471007
1007016932
1818720020
1850371773
945156691
483675367
-716320891
-1700053409
-1799599952
-1377701485
1851416031
-2129437425
-1605699908
1995228876
-1105029638
-1304438039
-1563535155
-1000536891
1567173825
1854490845
-1824165718
-727516457
453323137
1803102882
567583346
74863764
-1320007837
1777341418
-399713348
1696341020
-1517851849
-2072779560
1578862847
609881518
-1948765838
-1161766482
744095028
-384626559
1175640186
1781490123
-1342623815
1525803221
-1514403040
1965814227
1328608376
1682208580
-1430368403
-1508031185
1663570504
-595912355
-321184352
-555171144
1404885906
-2065367182
1684530039
1561065646
1487678775
24873905
247560109
1849517038
-1863387215
2048659057
-393952828
-2114587036
-1811630472
649098190
-2092721660
1684541629
-1151108698
1471985271
1918444994
1719657313
2058118621
-841995323
-890162203
1070885536
-1379021208
-222888688
-1567990362
36665899
-1423290976
-398892482
2104684438
-1513714747
-1485930608
1459319196
-398663963
-1599781575
-147504420
2112461040
1948602080
-295310962
-2110479394
-1798630450
858811067
-1503450759
984339985
341111594
-712861808
827459346
879550386
-1465021906
713835175
-1024868150
2137185188
1375294541
103665655
-1943341156
-870320749
-1366841192
676162797
909542531
470582364
1556532816
-1934570645
1605873963
-192747860
1703691963
-2054616814
-957560854
1119487463
1521967163
-985708860
1804873457
1745738
1208051355
1475654756
-1514962242
-1044786349
1294992556
-619637537
59859925
1685408607
521382672
-1654194576
-1047401554
-1881905771
956633173
-584754401
355532017
-1902444798
137502277
-163451510
5563104
455709701
775676027
-327098905
1457976340
-107462931
1454131257
2079953736
1699163243
942701792
1273223545
1916362017
-972361152
2059656446
-1718839999
-181882617
1875278557
-56885819
1302377787
65011898
-1952218579
-912098122
1391004804
-1528468379
-494974539
-937051079
-1983897148
488428835
2071270085
1669964733
-1692117378
927470533
-1285978134
998358563
-2014007384
495802322
-1543583322
224680540
-2550914
-648678706
459280994
-469986736
-2112876398
171447231
-783342173
1614502913
1802076711
1589786348
-1657995652
-259651344
827762112
1780960743
2010804547
-10299457
-949127693
1949754318
1604629639
1529510935
1145462402
905757133
