-12288401
1206437477
478611694
-2093607089
-491893481
-771140013
1473234351
1877794
-1236016863
541477988
-436003779
-1174247402
2066558510
-1048413549
-410136035
-18163570
1837094180
-1158677102
1716867965
826421185
-534213107
832907998
712444349
2126498802
972475454
692702221
382211632
692375525
-1126432581
-1257489558
-380668638
-167599219
786570970
-487377469
923847965
-1547940855
-1779218651
1436185984
-1558286744
-1901015343
599178372
1790274295
2068661968
-957606868
-1134196837
110405119
-380777046
1738472677
1690004593
-1952463677
-510055401
2062982973
1850676817
561970135
-1965939319
-520757469
-1461281291
-2016638064
1680704646
-1202465374
-787755552
618116751
1617825708
-1852523622
712362250
-2021126753
691817204
364530610
-703334462
-183950143
-60651206
-834416756
1239441104
-187431549
100274684
-486192069
173917401
-785583464
-1205969055
518029809
-1257747961
880890021
-1501054851
-2048806148
-968534552
108709976
-1698780205
-1729272333
-1496711274
1532622271
1890463259
-599025876
842880024
779892951
1534222660
-634385040
1968054024
320174946
1134446523
539411954
449452405
1835007996
1393747949
1229368188
1337893642
-535720336
-1960401909
645663978
-1668716177
-1224306361
-2004628980
1432323804
-1102994961
1577646242
-1190027273
-601533274
1195948378
-1700661687
598437986
-1451475829
828087852
-683481341
463297333
-1863152853
1970014446
1979907367
2065100467
-1427451335
-1340381476
-822837134
876596411
-107913616
992430791
988657435
-1600462774
635345095
2125563964
-1261515739
640214851
-809384222
2135710950
571426547
-914140046
-1101865268
1767197744
-51189727
-1875587634
-1616813597
-2052091602
-1066467440
790940414
-1767804141
966347453
1153863618
708843550
-1609065402
1902429672
-176893335
216023234
-1602816229
-1097758067
40038970
-904911046
1806478549
190254655
283053573
820792343
940507541
-1167249042
2039994634
138512878
240475852
1744628421
1631677572
762661211
-52293398
-93993773
1455234698
-1712426680
603827291
-584379923
350712343
-1746495633
1445940659
-668599727
1556903015
-1744882404
-1294194393
390580366
-130802812
-328276937
-1257497281
1711937571
159218207
1498867841
64502985
56674918
634969251
-1676572387
1893958672
-1847859801
-279043193
961412690
-91411123
-1310342507
780005091
-2083063921
244275294
-1679021089
-887001274
-1607664209
1437858229
1275679774
-1766461498
-1947323011
-579517294
1521206769
111045975
-409385351
-805436300
-1274367383
-883503264
1976658396
424778188
-450477656
1899599243
1093002713
1353354740
1860815300
-711848228
-255887067
714732127
1761611760
1924296196
-1720026439
979435280
71825373
694570743
-467881514
849454159
584729949
-493911620
-1899877815
1847198618
393696329
-498848125
2139916528
-873856038
-1438782811
-73226500
-179002244
-954108714
452626689
-1560250138
148268663
-901220884
74505505
-1738566171
298530952
-1401220099
-1510524192
393061528
-1880653322
-775138647
1003896657
33476330
-1544291990
-751561540
559743526
-952720984
-1450979592
-829515801
-1950582443
564580692
441774688
1953200050
-1195183368
-2099972040
293075344
-1294636111
-1967470220
-803888707
-902730900
152777973
960345565
884750076
-1654754606
1681223365
536896665
1434755221
-733790760
351024782
-827314110
1242870208
961121623
1805311767
2050434769
-390025055
1922709677
-1465965832
1582873848
933203935
-1075533379
-815494580
-1327770674
565226870
-934046406
198440869
-1818430287
-660722996
1608413989
2046464064
858646375
-524013054
-266634349
1832547193
-1839855994
-2032747379
-391238733
-1299516032
-1441204714
570732292
-223701233
-1888136883
-1474322316
-737124806
-922351342
2027292113
2092539256
-1883057777
-2102281526
674910829
1147889626
-1096788349
-1048272659
137660071
-1184889647
1847212427
-672819679
242817307
-178585092
333625384
1316447607
1631697327
-1087246971
-1513783244
-954435272
1670566666
631417987
1958236286
-1816120860
2094214981
-1496427616
1241288345
1102063991
-1695763485
-571054597
425977329
640673518
-1238865666
311729743
-229161954
-1164589559
-1570291773
-624712108
56673916
1709709137
226249760
-1049534363
-1494323973
-1948402596
1971611067
-583424158
-989026766
1033225294
526541861
-112023337
-365623110
1536019619
340159055
1021459805
1748946361
43461164
278525244
-1599741120
-1589387076
-1425596841
772907512
1699561314
1176934602
-497115981
960552648
-1467922338
949055157
812278962
-803538014
428900335
-737459021
-1046187089
227560927
995810963
1750078252
1437340466
237853486
228480363
-2117660971
-1304819853
-1651687476
-26277275
1760336892
1028301340
-338705423
-1548438884
-937975003
747617619
139908237
-1774670082
1030167254
-120003849
-1021947085
1650904878
1847450287
171975720
1794928981
-2002985300
-159380547
835609869
94898866
100884531
-559494642
-684580656
637907723
-1985209502
1995688840
1632627181
2076404508
-430350178
521674742
1864641196
-803852086
974858038
1312710243
-673060373
340516504
-937596473
-1692806229
95590433
-816378273
1624597729
-1264482738
1110911135
-265686210
393321450
-2124995705
-1490355433
1586519758
-1286944702
-1872287331
210590050
-1836554854
-145615193
-554638472
-121729667
-1239656754
1381717723
-1315305098
38392788
112720685
-2014838397
8067967
2128981443
740183880
1006778450
514771030
-876062631
1539583212
1141187686
-526387662
-117019810
1655150555
337794801
1641496716
2022565015
218276287
1548357660
-1782448326
1907368775
95689051
-787050457
1140468413
408000505
-836273917
-2068261164
-1053314602
2063477885
774424654
182940933
1200165982
-2121422801
-1196923639
-1078569820
-67479721
-1359768450
977135470
-431449406
-2102483395
-930454100
125343125
1337722882
501364130
-203297838
-822142423
-692094152
764361465
-1776988121
1701278303
524057164
97127857
892150400
-1043642588
-1114249884
1452656005
-2125055206
1370236309
-1669580734
976480786
956200087
-604091724
1031405033
-1274607703
-864779706
1164441175
1029790343
1397308774
-71801177
-970032797
1961742222
2002065537
1744719405
338260794
-1652842973
-1605349149
-2109877691
-341314959
-1276613700
1542273788
-314316649
2025483462
1858538755
-470744365
1683882635
-770719151
726309633
-394656674
1410933006
-557662216
1139488376
1407374611
1761075349
878236967
118037903
-19672386
-2068922015
1091170497
-1862731852
1105087381
1839607813
729069905
-567379011
1679397769
-1971973595
1667339396
501797968
-185885986
2080824191
-764792357
-434739579
-542385667
423653167
-964522852
-1940136247
1130931848
1592742190
515610889
-528177147
-318487121
1242360859
1936134356
-2141114114
1868582849
1109389117
424088273
1316594686
-1046267642
-248117048
585861613
1916925108
-1609755701
-414678945
1057656670
199649368
-1785864259
-1276021286
1438661659
764804114
346094202
-1016084408
-1804231282
446844316
-1307146907
257157431
-1477066360
-2010977755
-710093639
-401596366
-516747915
222570360
-941016096
-682950005
179197136
-381162659
1002490629
-210033831
-1651219752
885065023
1922486759
1346322372
-1782715516
-789053938
455097328
1683385215
1443436467
1844609638
-1659364986
-363855466
1380130983
-1417360655
-979178848
-1807524503
-1404326220
778479368
-1341948261
-782524425
-1232933068
-440660576
1562213709
1308886367
-1456564803
974870627
258927962
-112882012
-1970193259
1662618909
569068486
1806631856
-986523546
1040669017
1941440715
170693019
-1802489043
772777035
-2106360339
700746028
-380460424
1704123120
363639114
-1803353697
-1164940080
2024299124
-1312589258
-466197592
-1398173069
-480142125
2077088519
1094394040
1062989126
-905901119
1956160556
-1028318594
1055185929
1343266254
-207178620
1182367408
1588980940
-2090688059
-1519162643
1909725962
-1029358943
-1278649259
1735531802
1165979030
-723946862
-1107797005
-1450334295
1725363502
1446818773
164407038
1300786036
-624982465
-868171971
-530110429
-1311880154
1413064655
-1401804300
257359106
-464550895
-1790034752
1140819815
835160849
739533119
1699085653
-499859839
964722368
-895008826
-1088387851
1077542426
499390686
980637024
-1891108817
828966065
-1074106821
1242309178
1539999486
-41767079
-740393587
1597676300
-952938675
1010435057
-993247337
1424646249
129000380
-282514792
1780290951
-840788136
852228772
-275248545
-1015924321
1356543778
-304412328
-2017231553
-1314712040
-96935827
2091110318
1724862284
-1677744574
1103532425
-555542595
-1434682070
2046117359
275106825
1249848807
-849320512
-1054436590
-803012715
-1348217575
720429867
367871394
-106607106
1978841937
-142311690
1246175684
-238158701
1789407840
-257608313
-1818400728
1926047410
256651505
1292336347
-320313166
-1305049695
-1954291767
710836853
1051138909
-2097520226
1662531407
-1386097517
725410652
-1277951948
1871343951
2095573667
-1295654783
1375740879
852972282
658260213
1469346530
-1977388909
1670812465
1074723760
-91171655
-143537560
297001218
-1194900214
1725820556
-123404199
986926706
-1411327309
-189478515
1549949214
1581982588
-779059567
-291879869
2022954231
649682266
1332887219
-2144801432
-1288488774
-1562681854
-104871810
350431509
609367599
-1666019341
1237072684
-1105198052
1510753691
1030292016
-706335369
-1419290188
1287914650
1913995404
-2074617200
246951771
903294513
296545320
-1178031530
679373560
-1978564573
-76949446
-1625126716
1269516095
-1260904061
-1361203441
533774506
-1279907240
244080266
-399744174
1393905055
713147075
-1321349718
-1012534898
-1509107403
91983477
1605448163
-931383823
-774318226
-1643499449
1564651092
-220603822
-1528138129
1807824784
1585389332
-1502896012
249582963
-2062074352
1002023746
465407115
252983041
-540704753
-1247812518
-522079232
-300604831
-221883707
-383777078
-252791695
220047436
-1151722244
1494888388
-2109729029
190660322
-489638413
579771477
1229136827
-1293489952
1179602565
-1064811081
-1589712496
763796497
984172682
153382626
-298942938
1071782661
115646589
-368248984
-156190160
2120300032
-1905734305
432310146
-880740876
-1767594187
2053192410
25225573
-1222604276
1360133684
1053475240
-1304353830
1284577386
-76656993
-1657421259
-1131271667
-344202852
-1763142108
733791619
1179530404
1663216208
-1265627738
1950992461
433068051
-130353893
574740925
1698862191
-1747637202
748459125
-623063456
-1688810364
903715071
-1095182072
2118203873
-89092656
1602493657
1784668201
-2087851240
-1233990560
1464049580
-928135514
1902831331
1182715247
-743299173
173130689
1883603149
-2027133940
647889611
972910716
946391820
-617163784
1693661822
-857030889
-1659334223
1339719380
1176281951
-649369897
629429530
-2076328069
-655024353
-1369651192
1472919466
570529708
546497344
1543998531
-1734405444
-1552083988
-1518347985
413304564
111617748
-1359967830
-712021096
1189386774
850664215
-1825827933
246633718
210346816
1755037692
871821448
-1657388184
535475429
-1087616700
-1724143651
349988299
1611276247
-477564121
634853667
-606652924
1670910221
-1936767281
1747376441
-1350888291
-394475611
1760014857
1364558334
1652197779
-1430149333
-715430343
522836027
743718509
-410867173
-1808485745
1091038144
115213712
-1289357148
1762545016
975279564
-894926127
1504683950
-372686506
-624559695
-761509556
-1998330850
-56070030
-409605192
-739605901
-699789736
-2012486607
1365074497
-2038926743
-481850875
1765104517
-911190738
-2071040624
-2018425322
807586982
-1184125054
336073568
-476102393
-1507668478
1025587012
281862778
1681755496
1183980146
-897609815
-46827012
-922051944
2087756973
-550127247
-227337194
933938643
1332735489
-1746684527
1045710301
-663390353
-956066753
849358353
1981444191
1029722210
1964526326
1454721335
-2067640585
-1406063609
-1817922588
-256570651
794894049
69728801
-611661143
-1725437889
-112272368
1524479263
-1619535938
-887197296
-1795264706
338032801
-572776796
-1055312274
-756930235
1771371579
2029173600
541607963
-2033442899
1478751864
-697998554
-833225171
991903365
1233792032
144637011
1795613041
-383835274
-1686032451
-1113898592
389210381
-872802796
898569564
1630594196
70923748
-771116681
-2040947056
-1095310534
-329607107
310121226
-1607359813
2126316820
594520998
-27221342
1639331728
-593841329
-1561082602
271632338
123952595
202809399
-373002415
1704861821
-1780992413
-459476500
41963920
-1443558229
-287505542
1554048086
-1467327392
-855923808
1156676146
941758037
-1642569526
1344431658
-156227510
-2011367875
-2089716301
727532091
-1663307222
1764819329
853725062
-246367306
2142825764
-46216275
70774287
-1998041459
2057443836
1097531545
-1074969430
1982357003
333562793
-283978277
874692764
-966834834
-1024817571
-1911447683
-1379544640
-1711383112
-731168061
-1199670289
1438701925
1637682374
1654161799
-150713538
108536694
-248172127
-2069230822
-1335532154
1740295644
-573996525
1127462838
970966181
1892696607
1402711421
1676458912
-264399567
800138579
-283027225
-1628900436
1571381931
1543823921
-1371256743
-310643194
1042043636
-1435815549
-345290392
137751342
-693099265
-1960098619
1972286227
-1041861820
-1568282937
1691907849
1232375503
697441157
495818371
-99178469
-1923236129
1896556565
831136537
1873192420
724481513
-1180256770
-277839921
-410695661
-2102160442
-1735165576
905428808
1433281017
122207129
1625791594
1226533293
-1430458700
1596864290
-825261775
1018200617
-1179182193
-2007139500
1436511647
826339227
-587656024
874406436
505832005
1969765511
223950803
-1592693341
1136697845
-1842879924
1229754814
-1204639666
1770827138
2102956956
318228821
-1514555739
-1374832695
-1245627865
131652968
-135205383
-290269708
-273441895
-996370294
-177830774
1449816061
1922685383
595386170
645410513
1054717297
115294756
-1984742328
1567276569
1667766902
-1152245639
727535473
289707091
1939546383
818120917
-1830354356
-340066005
-379653475
226839745
468232042
-1762665386
415534504
-1212837960
-1616549961
1438511405
900107231
810200789
490250790
-970453121
1099023453
-2000064562
1732714893
1919407522
-1161867731
-843404512
-1359786803
-145324085
-2109888752
-1349196405
1579267381
-2017752929
-998309251
-1239315263
-66214105
1219577609
364840168
1454164825
-1794924292
1426765134
731017031
113911817
991024164
1638964573
1205305041
-77110252
-2288494
-728799637
400950536
25840897
835377750
1210261439
1549433849
179139981
-2036909686
-1472666422
-2117625150
494602721
762836082
1582952058
-1924256171
1273246471
-514061345
113632719
-1982645638
-1132020326
48853459
1462193069
1737008922
1446639549
1741734506
-947516940
-268632647
-55117234
-198629641
162103757
-1054147772
-874524326
-1459304595
-597906617
-364250612
1332492242
-1416598016
-1810097631
-1045661678
1039784575
-669564661
585038825
1544174980
-605465037
-697452749
707355461
-144185465
1800430912
-673895987
-156797808
-156902601
903671854
1268492668
1081493416
1121772779
51115431
-170788578
1480102661
491718589
-1680704074
346804969
-2073922546
1947681097
872811568
868015056
-855054169
2099987891
-994752911
579266859
876006926
-756123665
410566732
1408531606
1452439783
734372412
1053762620
-257648104
-113493356
1863267056
2098670302
-1130668921
-8427574
-975437445
-2048059997
-599987157
1517597793
16834469
-1713856320
-1431389278
-2024933270
2027518746
1100193898
2132094722
1005630086
1503220519
302038335
484577604
-1509565579
428852934
-1888680953
-271942689
-1543840019
-644841769
-131187557
1413551283
987286956
1795274928
-648332252
1673250344
747904208
791033047
-1569020279
-958769769
2043184742
-2142188019
2044187426
1358265320
486137664
-1542718321
-772486991
-420191109
-710150646
-1256207977
1552647313
-658459061
607178655
-1710950616
268435759
797936465
-181545832
268197899
-599281735
-172492250
315474982
1894634516
727865622
2100696555
2057207841
44168361
1523292693
-1568438164
-1082718624
-182528636
1846243048
-664982909
-944559286
1680303543
1912570323
-257999174
1993861549
-1587944208
2078159135
2094543412
797727694
829024510
697270357
-791935028
-184503872
1941354387
-905484120
404803966
983415033
407304267
1326464178
554621957
-345192159
-784399635
1168839523
-294293306
-1185863123
309808623
-367563211
1851740652
-2077669460
-131284673
267554468
-720349997
1669285217
1562177856
-923652387
-1167606103
668322065
-855865838
751145397
-1241954478
-1407775331
-363441386
1306729948
2147018380
158962514
1657135793
-1598556078
-1607217324
1099891071
40401487
-133017063
588463495
-1603859129
2072763050
-1040818901
1028389323
1828288953
710033483
-1634132818
-207112273
1168606493
1635215440
1866171493
-477908464
584472464
-1915052688
-145515670
-328062529
-1616296237
-433188548
1998099993
1646439008
570164063
460064167
-832431281
1636776340
1680474812
162958024
-1189467948
329962586
-298730734
944690397
1183075093
-458236238
1033339903
-962761069
1905531926
-1208784510
-850054997
1947519875
-1783087706
-1089703235
1314961178
-984875264
-1340194093
376210370
790984897
-364406001
-188269408
-2089201151
-504299429
1153629110
806084085
1863140836
286083324
296518265
-475370794
1698630635
1481630310
1529579041
-1452808489
1320064025
8816282
-1867580737
2012296911
848831374
1050604722
-856680977
943729099
1909742709
1475421421
1321497441
630431045
200695840
-739235317
491748757
-1488375658
-14192784
855069659
1658527461
1440365480
863087994
-282171631
664534728
1109720303
-1994266522
1624833629
-1356476588
726020761
-1711108966
1477601464
-2070384892
1389794051
-189782504
1278777600
-220798277
77781103
577377316
710802119
1000696841
-1792257036
-1731701974
1766015079
-627294292
-1398064203
-337018659
-942178727
-1011834792
-1171576747
-1455784285
1011754950
552493498
-1494387286
1496012335
851427422
605558714
-1933280592
1161512047
1950570345
528774656
-1244279617
-234877271
1740382235
435397562
1751187968
1349191136
-445138133
1266648987
-1995725027
-1328522116
1936655782
-2106175450
2030722103
-1822707159
1791262976
-165757909
2122992925
-957941250
-1925666709
-279320687
-1405257543
2128027362
-738343061
1410244694
-2078311475
1693714987
1977230762
914786260
1353700063
1399320711
304126984
1034257477
1916389234
-1620309729
-1242241290
40388233
579959926
1558647545
-1026405884
1386145830
-1406087680
413420701
497047735
-458955377
-384436163
1745863163
369817759
740817064
1836136868
-1261497205
328200361
824416137
-649206678
-1772346954
-905602639
273619842
-298413253
1043934068
-679246757
-208087970
-1449429722
984377141
-1563482077
707300332
1975313624
-1972693243
-654577743
-1509409350
-1605648628
2004521194
1410283121
-1573255389
-2095829950
1661982864
-1469183133
-353463412
-283192914
-308498649
1289997615
318736618
1895800179
801324428
-697437316
1912977542
1556652560
-388514650
921344385
-1113909244
1552594202
539607058
1233952219
1523893921
-1800092373
499451650
1121020833
-1828609349
-1589765350
1609824098
820101301
-595709034
1956051564
986457915
-1912076964
-1640567972
-249670391
-1330669476
-1099167471
-1233255067
1452443186
1144228406
107821205
-1670740807
-371308366
-1618475512
1110548810
-230025518
-1509794733
-242644677
839996865
-1744314715
200248979
1868067342
311101329
-905548829
69999255
149426805
711453290
738943611
593138784
-1179546306
-289262487
482317924
-513289412
47505782
-343748691
-1389453416
-2054647938
-1145780214
705696041
-1260574109
-1232689295
398477232
-785348421
-692221987
40451977
1038557959
-37601666
-910277964
-108908069
912557309
-1122504357
-1054426066
178159822
140349296
-724358426
-1850600083
2143207698
1216851991
-366265241
-661067531
1469558481
-555425885
1090418997
1841207403
1063936549
-1713230047
-485735862
1111437983
1439094473
319244193
-1903446252
887567820
1220721426
724287516
1782325129
-1628524002
-1403405793
-737055342
-1723243651
1759875187
1598797135
965808499
1680876343
1649869157
-2128568077
-2022110657
-1703787199
-1434036088
-767494076
1226041968
-56226434
101177327
-2104689513
-1639507561
611783042
-1742983179
315372494
-1902648380
1372691997
937277241
1425136145
-1905812694
1726374457
1555734250
231357118
-1398951933
-381848859
-1012422844
-1150278499
-788471119
569179313
-1691674535
2116611416
1408168997
326710843
1612186388
-1204242391
154433668
1713924106
198053498
1143469013
2143072263
753868186
-1219341005
-351386664
-1058305502
1522914231
416945993
1292257505
-1292749080
1534769166
-72858578
-1473184640
2073094829
-920171008
11215107
-1108962275
-759253012
26938553
425168663
-1658970324
953852779
445205121
-1978419539
-470526818
-124299620
-1587934895
509286913
1540178842
-469429178
-916293463
585258125
-485237908
-600583324
1380139168
-1046410616
-799703363
-1776180147
91744828
1426902191
1000805892
1145553940
1057224963
188216390
2015647036
73073201
1860143570
-617366687
120662231
1123703904
-661746964
-12249761
758152690
-313461559
1500176725
1097862071
987945417
-513882528
-1915023519
-707419402
2060612716
-621954162
-13356921
-342062072
1448725170
1131350801
-526426502
-1176689227
-1121133714
408354591
1715983226
-1903324562
-1541635104
1011583697
-1600627226
1106437706
-1085362322
1306284479
-2103183082
-1511476918
-1734521197
-1061091865
-264331417
-710907420
662259991
-821739566
1258858902
881753023
-338829440
-1537788679
1996509009
-95224134
-1003212856
1226895460
206707979
700996146
-1064447665
-1821773421
-832933105
323115140
-1206338541
720983458
1146577367
430730960
-1937903843
1259269799
-932481122
2011053312
-1786803650
-796136098
-1299754188
-1821799928
2046971643
-1513488120
-1478946800
-459980690
-1233535803
938086799
431873963
1148006157
-1384301459
844232685
-1037868021
839291413
-2134896938
-962406193
1678483357
1133881429
772600555
-1343748747
1321176648
-286205764
-796805421
1901627099
1986640830
1407331356
827730019
-100419811
1452501780
-244310223
2017269972
1768131863
127148948
-1437396766
824534965
-1554678197
-793987374
878497990
-1626584798
1319443207
981734396
-957607447
-2131674314
-1100887865
-95585162
1574815183
-904962371
-974438697
-1840976474
1024107448
277292846
406235452
-509094901
478109733
-1998678569
1049138644
303913876
-612214630
-1469221798
2013138876
-337448657
543274918
271467095
-1543402255
38193567
-2127473376
868469354
1282314809
-666664558
-699410766
-1995533736
-1292816061
-559076622
251581595
-1699964284
-1906522867
1670470523
852625072
2121343143
-1433956219
1785794701
1417002403
1200183743
-2047925389
940866626
-879940473
-1646373048
507750805
-1071247421
-2006104429
-1332507735
-1909028853
1203984087
897660197
-209411599
-1110774539
2080864444
-613307894
647797954
-382913190
125596218
519606780
-452235123
50351435
-895656716
-169940117
-1191277313
878603848
1130715137
-465910400
1909721530
-658710559
999024058
-1075860642
906455623
347643552
1841877717
1850998698
-1433260725
1993084198
-1249445198
-1514009523
778672889
1045173139
1527676148
58968696
-446265656
-502443733
-844875692
-1487624472
1769666661
318260277
1453694641
1361364586
-286986263
-1176663002
293942890
-448950623
1733081422
-1320572417
1576885488
1595897607
1538294559
1042932466
-1995170154
192767537
1692806255
1930045771
400832427
1295654742
697794059
-1009897586
-775122230
-326073327
-701742350
-1991898661
-806823825
-1294487963
307819525
522256794
-1161108531
-589289726
1883237114
-1714978989
1452683487
972536774
1300123798
-422629667
907777981
-495601018
-1369621989
4899258
681896240
-1769368563
32680446
-748096575
-922402680
-1725813916
847603676
-1678985731
-1468260692
1264866643
1396827055
-364731435
1648796273
-1081390041
-2105698244
-543807892
-2036633041
-965338186
-911630129
-1802835382
-1568462191
-1110357600
1760327210
845515579
-1362598227
1039941079
-815397190
1035508343
811054420
448671584
-1314873844
-1957076221
823725994
1624676698
551833471
-1766715306
-1496210184
-1062110145
256497721
-1715659970
-1489629248
1548218217
1489316958
626008324
172115985
666486488
-1204870273
-1172666162
-2022840547
-239775438
869857360
1511955268
1957203976
-158436854
-1364488290
1840377974
-1334603262
1463196772
-998262145
8148989
-668264553
1885041016
-1183062070
146448223
971142981
1711933366
-1877542711
2138888888
1264351566
294723082
-953733843
-772926571
1054975696
708624225
2086623809
204309027
1346631186
304749162
-687087262
-601901944
-377460705
1058705824
-2046551634
-1608497008
-328963175
538527624
-1982062340
2028149644
2124814534
-2076792009
1957578763
1096684662
893098735
-1999517417
714247677
1099099225
-1951442199
-1625332758
609083141
-350054161
703839987
890968589
1479150175
1506426251
-1609395261
1846483713
-2038258816
822330937
1346466522
1319317799
2007122575
-1100836573
782613023
137110474
844027923
-2006529483
-1884821332
587248995
-1122301972
650665220
1264547042
673825303
863879047
-26959637
865955778
-602455421
-368018611
1092100983
-72513153
-430164292
-832049317
41956612
-766882994
-233849455
-704510088
-734651481
-1195730303
2006047762
402616899
-657452977
316397779
-816400043
1980640172
-1559074266
-1807927803
1044599415
-1790068059
947756092
-207223127
-78451999
1598887448
-1039406745
699020349
-605242164
-1865587430
-1782844828
1032657531
1153805830
-1359737247
1840480833
652502510
413273333
2001324787
-1734853377
1198639048
-788031012
-628379616
1483871346
-1060924686
1731223645
1496212658
1279633260
161060453
-1449974466
700642658
-757928166
-653473608
-2074186641
-1603273588
-1530470739
-967993095
1569676107
-2102849242
678746428
-189400897
807271198
645509358
320283112
975795071
-1857249305
-1067968030
165915200
1653532446
1203795806
415745781
37020391
1540665800
-505052104
56263679
-505646476
464087295
-1736406616
-2045096716
1102050969
807431670
1467329321
1247112280
-2101464186
-132451553
-1712143238
23694578
-1801628273
482559746
-1130840598
683782847
-1356257013
-873367472
-533765931
-2096738519
-703435649
1898817336
-1776062355
-1598167943
-1626431236
-512387080
2110196413
-1819284343
1720319173
-1842324810
575182315
-62720324
-927767500
252976272
-1110131267
-676712142
-539718435
1383036400
-1164163746
21352760
-479809805
1485359653
-1765887648
1184698110
1601595626
-2032432081
816254468
59746443
1341110622
-1541112615
-159885895
-1320673292
294990643
-743754227
1090206690
643246283
-789327876
-1907845277
-1856544804
-1038878506
148309152
59697146
83766335
-1763414015
-1009320902
-831405685
751691362
1238059924
-640344767
-132572997
1607971364
-1463166808
-656851735
-227805521
2006683114
-2138711593
-486267705
1737799653
-1086747933
-2089053134
-1619898693
1837753410
1632093586
-586205321
-1540097271
700707942
753984141
-2142235261
439223497
452565063
-1963519102
1215520005
185145473
-901688579
-1703679878
1865632628
-208981744
1536196570
-605195935
-1097135550
605126349
1954354365
-2082638907
-1214862511
-610329361
-391596633
2085599454
-534644570
844577070
311487886
-2079803442
-1301804196
209686954
1323933809
2029396008
-1798251046
-913150708
-1520170324
935266486
-1457959608
-239767318
-988421747
459392630
-1587200450
693959280
1910073638
-634802202
-1660757826
1966726459
-1137142940
-1859694463
-24047772
-1039553400
-1677558688
1492766856
1504372187
-2101349747
399235061
-698313467
-765711725
2113993254
781198481
989355020
1539020720
-397603148
1974646608
-151561916
676433733
616912450
1509684550
-1745873243
-978196799
-647910936
1327517212
-1562698366
-400394839
-285142924
-333198371
-1927042102
-225485945
3456838
80104465
-1049364086
363409698
759154042
-1638812149
230806197
907581678
918799692
434422399
686065959
410378949
-1254793288
-588634025
-1425440025
23770839
-1212598687
-82492730
-571676500
-1538327585
-1548441677
423265436
-200263518
-235836265
-714364597
-1360311076
1233174893
-548433811
-474520427
-1960710005
1499220334
1208486775
192379318
-1211888182
-1587386812
-1920108125
-719713107
-2054259673
348473492
-506509006
-1917517644
1063218735
1498742797
1567705190
1609369068
638097479
1917615014
503437945
1301110072
1578922171
-759707094
-349567023
-1149405592
885447959
-86024459
-103686798
-856699750
-252518219
-1466147073
-1259941964
846701788
-2147213161
1849047577
1410929717
-60189930
-91991946
-425061257
79701776
935651622
-627974886
759219310
2137386830
-803048372
-52533268
828401789
-931449188
839331016
719382473
-1294804591
867133502
767540162
315130648
1720352132
1787874115
2111044457
-1527089378
-58507802
2142874618
1399838045
-793337712
-2064275712
52570276
1225859921
1596160361
1374581525
-1854565014
-559909396
515612670
-1162017301
-1564103791
336913904
-299615409
-1395680119
199555051
656495517
1309986975
1371288897
206912656
-680806313
-1687265723
547451888
676182478
-1179292026
-1507274812
-772077948
-299330979
124097469
345710361
79252926
264617687
1532291357
-2045528236
438586936
-1905965978
-255011333
687598698
1343106473
-1319001410
614559936
18521160
1582940264
-380719794
879276561
1194806571
-1977750738
-661634127
-212912593
-1918870226
-168370913
1941937514
2033004703
-231991516
-257792501
1852644560
-1518045683
-143277912
-1592464144
255319367
-952450964
1368716657
-167195965
-1609338704
1366397282
1201595370
1994526063
1076330530
1611618019
1478901505
148694813
456934361
-240929253
-1125648066
-31633994
1650591342
1384849553
-1239409384
-1466265947
-1313790136
-858515575
1105417859
155835105
1793282130
2074788265
-191954483
680988458
2069746414
909489886
103469994
-798278510
-1051697112
521741952
-1565233523
636794174
-32862162
562281395
33454392
1784455534
-555881216
-990190575
1951533718
-1580048198
-116820893
1817336965
882540232
940915613
-1417231077
-1802164103
-1932457603
-450287305
845179736
-1402710221
1591646598
208383310
96206960
-172868740
-125836887
-804646251
171577806
-922289790
-719283532
-617970383
2079916842
-588935425
-2107616555
-97660552
-1465425926
-1548306023
-1002152407
-2105029893
48582695
-921608309
-1438663534
386441158
1358701571
-1701945723
-277673780
-766403611
1575889787
584049873
2081670338
1674846506
-984593272
-1119700810
2097911582
1281480494
58854635
1621234209
1859472926
-2109646956
-1410333927
598534784
-492389458
975886996
-2124946829
218490609
1045675698
113551287
-1748724039
-215662436
1632112034
-1687204129
-932437312
-1915334820
-390424996
766373258
-1409272221
1177590436
-870938828
578225239
1402843063
1452709024
-1782360752
-1635868472
-761889918
1480745882
-2060037069
-363667640
-820737812
25910687
852341398
-516945552
608945271
227875425
-1247940482
-738077563
-1042526676
-1513930913
-61332854
760972357
1885691670
760965699
-973039987
2139682274
-1101229580
-1569661558
43167068
-2022254770
-918256855
1791742825
136838632
-1504670023
-912720905
37264111
-200927858
-1265199529
-1703535380
-1480006810
1364683181
878202982
-60605541
-1957438977
512315001
1768462191
335636367
-1306002003
-7207154
-569078069
-588723588
-1951675056
-1543552312
1029207912
-1509992520
450409494
-2065785903
419859661
-1840873752
1917704222
1435953914
1460678235
-557525506
-1402032291
484607182
1298258133
-552866206
1373339333
-2054704156
2076619809
1026148719
1959798691
-1032977291
-816793265
-1025990624
2044192584
1686385965
655275226
1874260490
1275784427
-741088955
-1364612818
-1099100275
1861544397
761083857
-1793632918
147100486
1083309982
371610710
-1272454042
-112623929
-1396592353
1989086367
898697207
-422318454
1466284296
-256686128
-210172815
-244016862
-983766229
2125673147
-777490323
1873644978
-1662483496
-883301006
833727691
-188488285
-1509127805
772820508
-875996934
1141792145
-1721621340
1939043596
-309386
1507854725
31265246
-725455345
1142666898
1089312873
-629960093
1296665349
-762523273
1442765496
631930518
1647682482
-1729315476
2057666676
1761435377
-573339947
-1941915817
1439515229
-1019957464
-269686662
-1367997053
1569253983
-1321554034
-256548468
-279330398
-205328565
-1826527048
-19966803
-1514881258
1185912778
-1726823073
788122698
608768363
21616781
135128714
-1284135447
776140584
-1224515127
1055069676
-2092851515
260517063
-1687973918
-1357776246
-1288563301
1801776128
-1177013402
558101408
232953286
2144475981
-290036676
1146535365
13401993
2025615786
932762652
1049216589
-1112579669
1449300637
573330497
-190656274
1563220041
-145463691
-1269661091
285528997
-616364825
-1427492138
-628240179
-1090638630
1030616007
-1342818444
1764318734
725718978
-169246082
-1788030179
-322810002
1808761604
1561500611
1140552957
-1090542842
-1647596129
-1434461046
-1203315171
530623719
420818442
1347876433
437090092
-270945390
1043679132
-1377475912
-588071294
1366908846
-308563410
1071135831
814027361
-70716684
1566914558
1574457547
-161522819
-255559059
525585877
604815378
1130126270
761753567
2037221740
-598229736
-1544968893
2057141892
455744011
1816544145
-1075544662
556687101
-43210893
1659164425
-531943026
-1661534587
1191328510
-96952520
1420926032
-1573821079
809178883
205354395
-535828454
-1380970313
-2001231745
-1069631425
-2006005215
-1240943819
149405425
-865471009
1130676009
1660260757
2001065604
500680497
-1500771250
-520884762
-1102790541
-1338480260
-1487828992
479802956
-579181144
1259794030
2096656206
41937651
-1928929369
-964750037
1387252584
-1723306176
-2997334
-1057021783
-631624866
708393545
1580825612
1187004218
863024685
-1513284985
-379268118
-1845143702
2021054716
1798668490
-1375135482
-1576448502
-1593567838
801244780
-570525713
322115980
45987180
75342537
1361475166
740767377
1626498076
677725166
-238243869
195252672
891680563
732085903
2101622976
-192267559
989586803
-814593730
-1321350379
-581733111
-1546440034
1711797978
-948886980
930281599
38720388
1361962053
-1242158986
-1081935554
-1741566404
-1532293799
-1588536634
-1992112331
1504090801
504233243
-194787
807082892
-1803712672
1165348145
1014319286
2131322688
-1603918241
94840977
-326965565
920188657
2061764256
-1268628101
-1587906231
548012026
1728003446
-372634968
-1377601464
-231478590
162890841
-1510222909
902240542
-500076975
-2126975259
-772110056
985996844
725242150
1515552040
-871956853
-460096327
993518406
1294405148
1118490058
-998769386
1524532632
1423799922
1952063430
-1759954685
879219312
233095057
-18605730
-420045743
-1603388567
-1767648547
-1187979427
-1228059704
1820602487
1231295804
-968399450
-282454454
-1506925509
504936149
-914063955
-70855624
663224729
-253445350
881842217
-967583469
1448339079
715848968
1462955527
-483107994
-205965272
-1142705235
-1560214367
1270806243
-1881644008
598162154
1744748847
-956191540
1372119817
-2053757830
-815071363
672859796
-1076080498
88266034
-1649287202
-1238352187
-1772442570
-1388236150
397295712
1881314340
1637423069
-951770021
-1997728448
-609998062
-326260931
1912663785
1273582752
-1100013260
-333966133
1828759844
-1049728649
2003285846
-94343232
47207211
1958371784
-962808436
-1574299787
-225554160
1306020886
749170074
688560115
-2082189854
1849587734
-971047019
240729034
394054375
1547931302
-1394031415
-56269023
-1700012247
-474434306
-1586887459
-1311830002
459664179
1814441764
-1757587147
935192616
705119516
185284005
-296721769
-1838609575
-585359164
-782699903
-1200311024
-1062582280
-930596771
2053888358
-1497817576
-512404458
1902246189
-414855391
-1215387404
1606190103
583874705
-1778461615
-1055980197
-372124028
845002052
1653155677
-1611647908
1991010592
-330700575
1581322663
1980473214
-781735112
2101013926
-292563967
-1457717720
-1026367169
957250682
-613652897
-1916818109
2134691225
-810793168
-1409548594
301423901
353407671
459289357
-46165083
-1476707952
613818979
-1153484921
869977337
-473370525
-1418080676
674555215
-1982588587
376912367
2095304229
817093009
2062866858
-141178875
-2111713767
367239546
-1586767740
-1990017265
-713958461
-104148486
1338212478
-1501815435
-2120268948
10246091
1885373944
-2127186623
1394029300
-734313551
886372358
606247941
-349948443
7902978
-476123989
854275324
-1185095996
-2067606424
145308742
-1602799250
-1019006549
-1523099419
-1755840436
1308975961
735552532
1703002391
1129433399
-197091763
1169933814
-1678385475
-1026441283
-570629481
-5380075
1729430137
-1856101051
-901505375
-1645718634
997694934
-1753094250
1392366232
-1199315247
941654413
987708369
-318619057
950479722
-204522492
1692169377
-1743494813
-1186448990
1262181398
344688560
-1622418018
98106602
-1501914087
-713034148
-13964384
110800313
-1083164388
-1337061974
-1406027333
-389114721
-1136395664
-978734726
-1250185953
-1245222248
-1010586263
566896380
688966966
1749019301
1719277925
-2045013406
1700266321
1217423512
-361582579
-224519210
-1162017660
1738965295
-648970789
-639766610
-1536740403
1128216420
81469147
-781283874
-1928553861
1427444483
1971370932
-1601758034
-809574195
-1078389636
-1925164311
503624364
306577624
-1075408390
-949366180
-369964061
24569262
-1651551820
1474151700
-1274454452
238180540
-1109494398
-94201537
596853124
-577052300
877005746
1090110074
1025957311
1725332267
-577480420
-554812337
717641212
245056835
441135219
-773181186
-493117063
-1290497652
-1505432866
-352728961
1389906025
1805645031
-1470638650
1664967623
1837610980
-2051523028
-832427535
-1418868662
-660709089
-312576179
1580589007
377028545
-998303780
28267707
1669133588
-156831700
-791452637
-933906680
857995142
505475098
1009433394
1517363917
392292631
-811082968
1503646641
1032934093
693227830
788032198
1610778922
-2116663206
-947679391
1377163073
-1158151497
-178881033
825148158
-1582365444
-1352003332
1793269822
487316587
793952768
750384983
22835459
-2038125741
-1066674248
1253708886
-146360134
-718340541
1027994868
750067049
-160273899
916006780
-135744457
-1291787816
-611296271
-627475702
1470513710
-1442461450
-407552654
1808734741
672098429
-1903984745
-2074236820
-636248202
1557594305
-831616834
1874228740
1887601037
474682322
-615930470
1292056982
1706310993
1604987208
-644265805
1580664281
404266663
1207929664
406751328
644997185
188529144
1067024992
1433027708
324503204
1652452093
1071173143
-1263504551
593128224
-75993892
-1186407127
-439432717
190843451
-1148231816
216304234
-2059848856
1020395339
28921348
-1453104695
431082407
-1602127081
756976345
1655157136
341397864
150536382
-1815350134
-1406800919
-301972645
-1842180905
932968500
-173925213
1682971811
191269593
-1275271911
2083026742
652698757
1946827965
-896506512
-1410187004
519734620
-1118144287
940126326
1933089761
1052155600
-1069948369
57231816
638252245
1069729607
1777860222
-921411084
1482103584
1829728410
-334966985
-296801204
699220861
-85269492
-2129997765
-1711424002
908753835
877463927
-2030862076
-2113910175
-845655512
79424967
286841866
1655623825
1299756607
-162677588
525361255
1961463357
-526298043
1650729355
-1346203203
-1472377921
1467609630
1292387253
1637618263
1459082604
-349859834
-1651650086
900971406
-1158007251
873877901
1184288959
-1446029203
-1864661170
1443394275
-1963384529
1504110232
482896277
-798962091
799142190
140542313
-2034730090
-1229998569
-744321932
1681742683
861167941
-1981733308
1247100953
-1898813013
561787084
-72379614
390088076
-324164036
1124554911
-1820403799
-1421350711
-1846342726
1867797196
974719045
-836739638
-863326206
-1328563817
-383832614
2030238014
1915461825
-520122042
664546569
129089656
1059415642
1914231608
793271729
-166755158
1686393101
-420297156
-504326472
-1035862702
1867183189
1670123551
1952166411
280401395
-1455590256
1452043398
-2143957790
-541465848
-1939764507
-126548738
691587144
-1361251787
-1759485087
214984273
255708634
-1436358209
-567953053
1440968475
-816063282
-1885033666
-454437318
-1184492644
99853111
1946119569
881481228
1977879246
-892786810
1740538385
-1536174343
-1714243399
-212859309
415217928
2138895999
1617619462
2119649373
-795535004
1969570079
841626834
596513999
383639463
1351678017
-523693371
1495974853
-1111754719
-1881353644
-1112536990
1049761037
2062182497
-2032985799
1606905247
-998994127
1867275240
1760414433
656583608
1840532149
403949600
1799856180
-1279196097
-255480420
1125768076
-568582604
-710199944
1801575217
1660070975
315954530
-917073949
1518984195
1508432274
107361120
-2136256231
-79314384
-861596399
-258110761
9787355
2105232870
-1055865163
35272090
-1981577881
-1377053145
-1421721512
570979595
-72654835
-1759413813
-1271647132
1691677885
313248514
2131745995
-1812896818
603919194
1703077748
-2001930821
-1778862270
525096391
507015902
-771051624
-1976748129
1327327365
-404801891
-524131388
1911069094
549933914
-1742381886
-1945145267
-1895935763
-1361460432
567590440
-704221579
887643673
1113951804
63012297
-1876243090
-365540277
-2048600478
-256473779
-2088970908
1290408410
1889037783
-304826653
-1388947775
-17446845
407134727
-959256492
135039404
197685085
1903153337
-136709291
573694417
-1677250608
569011057
479831836
1119541863
-59518777
412896533
2028455733
968162926
2144883940
-1228208685
1107641237
-982535879
1423635060
877199681
1036051951
560626475
924637924
666020549
-144592826
1079303877
-767982222
3077174
-423130941
247986655
-1805422297
-312532285
1036668615
404911925
-1732865533
1988363795
-1077105340
-160197595
-1104683654
-1986200146
-1057407416
300564150
578595359
1755803803
-1292512294
-1744203812
942397086
-999580855
356645385
-13359623
-441062416
-475146318
624100929
1681138599
1545645769
-1452686403
-976140320
494786228
471192659
120515043
536817160
-817411219
1827393057
806146069
-661883210
1819234335
31121758
519475421
694467347
-153965350
-821035708
-2023464253
-30806774
-1772711048
-177077036
-2105822735
-1870620134
484150237
-133857341
-1804816359
509413228
649879679
472245939
2000584342
-1040352473
1605422888
1435172514
1345410769
1362052867
-1289485830
-1820067929
359683302
1833003036
1099633843
-986103078
1497548934
-1612656632
1246243378
-1033809004
-125358050
-532174037
124442170
870563800
977289785
418003017
-161030283
262763536
1470015778
90244444
-1293509190
-1550848517
-1653058356
-604396121
1601075346
543208165
-70744330
-615238390
1591429624
638416153
-471728758
-1006289768
-1575114400
-1048273772
1823399750
362335334
321938170
1366894331
1542475421
1053613733
1097375543
-843836723
-1775647009
-811182093
-1205698933
1395968476
-1560107113
-1301989139
-1347080844
-1312211207
464163379
-476982008
-1379552069
220050158
-1837924886
-1968823647
1304431098
-1362144080
-2002868774
-2123138991
-1330502563
-1744031531
2005382512
-1449768058
-448980564
-1694620605
-1892952308
441369679
554469256
501597737
1002473699
2133736054
-1786458892
-1364886221
-1863820249
-1904807981
1969018903
1020015609
-1856896410
2114755551
-522154945
-583901001
-1083159249
-727081849
-1629158359
204690499
767558650
-67772350
155726975
1438123067
1023063113
-61219483
1768534689
1810351229
-1696342006
-835114315
866296744
161915868
-951046593
-2098885315
1822365607
2085642255
752648672
458526562
-656714445
-2087050004
-1580918017
1890514228
-106178267
-25916714
967517741
-328031738
-463532387
-345339788
-1525064164
-1739275456
-1955331254
-510571613
-981556347
43734131
2144443369
-806867539
-1772114101
-1618849619
-1533145845
1934046906
1961837280
1420961038
-200369126
837674118
676231912
772946075
-1299977059
2125146196
-1129502693
1687919953
935812538
1471336482
1419530863
-1115865475
-2138948612
633589533
-194819467
1260658762
-1135621289
579213655
222948610
131040411
56061288
1748895414
684784914
-209581798
-915642368
-60919505
-1610893334
43913873
-930803741
425853492
1197213564
-2138236552
1093884876
-169385110
-2017134834
-1481200690
568665012
2123581087
-2086842852
1057306668
-179138477
1492547835
-737774211
-1971063274
971341542
-286952076
-1515582779
-645759084
-817046221
-963499385
-1119697429
1583345665
-1726266934
-1819285724
1176212778
-1142383582
-310360948
-218848535
2064257835
525252473
1243634544
-666233453
-619201693
-1250460965
2131181444
892621233
-262176582
-2082758592
-1259528654
836425369
-539252115
-237811751
-1731781947
1803308448
1312430900
-1139631512
2132796458
-1604032892
1317758630
1386069195
1983734522
670992173
1577277660
1188030680
988070839
-1170783595
440915029
209370992
-1730256555
-1240872189
-1070257639
-740284466
1919898620
456512382
1439518752
731533344
18262028
1240306817
226073075
-1096113320
-1439137439
-871176214
958191507
1294059587
1279373015
-1718243272
1928199834
-1436549671
1215459856
-1812660491
1190248864
1812883671
-618168460
789032561
342604256
770123403
-328959367
776495792
1762002714
426457326
1154708004
19670437
972589498
1258463223
-1532943922
231346847
-127460552
-655084499
1104542251
1116587266
264267970
-1587014018
-1622657400
-1391100358
1297962009
-1535063729
-331120045
-520603923
-1975845192
-339458348
1673982688
1816072047
-1599610054
-909137760
-1459463830
-467610758
-765550340
1508193407
1640509783
-1572502242
-1106289151
1871569539
1329180351
-1262279946
2013455126
-930828196
-1522093778
-664527460
1183897142
263411181
720608937
1490759774
-1965770961
-1402130661
-873239825
479170865
111379076
512650983
1212436224
-588796955
-1535238507
-1007489090
-329124638
-139993958
861599485
-417778417
210246562
1969085810
-521967045
1190883870
-72550503
-618079353
929557907
1584507415
-2088054032
1589208863
-1147663562
1527594342
1652863589
-916212962
389652128
1368356933
-290848178
634509243
-873663679
102889110
-556167202
-1836381066
1505864031
-644812558
340021926
-849343159
1664779578
-1204500735
-2087400866
1075584797
-778269584
1949915915
-2046298907
954034047
591926691
-926477617
-1542381434
795773843
-1734300072
2004521363
-1796071811
1613154888
-1124926686
-220889220
-1119512135
-344652339
236320255
-668732897
-233728542
311259203
695676673
-285783465
-86746468
217632691
-1374162128
1695587160
190729997
2067762497
-621052498
-928911612
-898659939
1205470113
652515100
-1452344451
205002748
741523658
-1824307396
1892359675
205931368
1394519786
655981783
-1577341218
157177136
804935833
-911749151
1566769926
-747921549
-1998930864
-31342118
1380560482
1215483437
-2043452644
-876928906
-1168057401
1432994931
-231035250
1314287231
275893762
-1017542147
2037420533
238450426
-832840145
-1670181659
-214226225
-1097634168
247696204
506798
1892674683
1981171471
-1175818488
-874300537
-254323917
-817686119
1146170337
362004175
983847482
-1140471173
-1505646483
1258471387
465039697
-1256043591
1450257399
1066935287
1356647790
1853628841
-858836915
-163706197
11366576
1648299477
-1903231785
-1321480898
1125365132
-2127756250
2126995179
-1958546817
-1619089076
-1275867587
954536800
1903237826
1164943802
-894500572
2028057952
-524933079
-1881769448
316746021
33179266
-365025500
-557831342
1266241530
1555932184
510835514
727331702
-1339539162
167542212
2099254280
-746553245
-1684328287
514433361
394636938
-885861952
-244865094
1850912703
-556046695
-1230387664
1724832825
-1815703649
458726580
-426571837
-1958947389
-83873631
894137346
-58766417
1892287874
297890923
263613591
1191450943
1078735876
-1900851029
-234693130
113150986
904784227
1050508911
1773213142
-1769765528
957461414
2107198131
751771432
1692205346
-558305433
-1001890757
-1485343399
1119584616
1862006453
-397311325
-781113388
1849542151
-425993669
-1728912716
1102066122
266355418
-1282144095
-1919282184
1276971573
1871251841
-1995143118
-228064369
-1493782503
-1124328879
1924376254
378515524
-2137868532
-544255861
-1037024319
-941878310
-1200416775
-894149169
1829509316
1050332588
-1075721696
1935837394
1909957635
-85040524
1790863456
-858709170
1316985167
-2124143254
556426936
1955523386
-75104971
-573104496
-1568367605
-1374565573
839863904
711623244
434971683
1872604761
-1907465925
-772043210
546758135
-182953227
-614477350
-1156325581
1924926000
743147770
458240026
660772034
1432341993
1752541011
-1407825402
-1655450219
-1117872714
-467860324
-486721412
985893219
1072420071
1730170651
563089935
37837820
1102773518
-684023823
1809016879
220814749
284658109
-371161716
-172559737
-1657416571
-283767660
-1296121505
-1486091098
895751112
649471354
1769647317
-738989599
-1521521822
1065136937
-1226868350
84058998
415401358
440535024
-727531365
-243104524
678479192
594028212
782112168
852835034
-842106255
65621047
1476563063
-1096366210
1142423106
-68204388
-1780055469
1509974576
-385544637
-808948438
-102970762
1418175647
1235679116
1645679183
-1102545477
-1296520582
-1195022421
2019883496
-233384553
967837530
754382520
-99348033
1572117066
1761851102
586137255
1094343253
917732433
-1787270377
-581856291
-644942368
-1243148002
-330113753
1810805509
-1754618986
-334993654
-254082012
1378416675
406727468
1852466314
-291416511
-1406864664
319126681
1194878624
829716527
640248904
-93943777
1314640533
-1980236096
-1644613303
798429835
-121860380
-1850530098
-1803667682
-988476998
1046189945
1031317338
-1141216140
-1225712289
1678123291
-143195657
-1922839542
-1272733692
-564985819
-1252854424
1540785287
-2057309106
-1065138564
816051848
1616988551
-1168438652
100289724
-1689988246
-1877138954
1119728209
-1081042252
1265165504
734218145
-1404844855
-1169661164
-7835264
537455626
-401249623
2049017444
1983719620
-634259845
913834722
2100711736
1146213873
-775352483
1841851736
942238114
-1848200421
-126055223
-2004304410
1619042279
-667026008
-1727720353
-899179611
454006388
-442846926
385091158
-305672082
-279939822
1985318066
-124451372
2125647004
-742909096
894092762
-1158729088
-1517739242
-705264031
344264385
195553108
1198539148
1407933887
-856632891
508695223
749529343
706861999
598525868
936541130
839789191
-635009907
-162837492
473073922
-763040688
1497129354
1185551341
2126535670
1027619557
-836848997
-1321456980
-1292609927
-479794512
232213428
805067041
-1014932245
-485798463
-1551822538
1996249860
1970694604
-344063538
-799979611
-404257140
481117841
1710299770
1606003357
1175833176
506166714
-1800590374
-1038057722
1463166354
2044189220
2133719348
1858802822
862322257
943196059
1788136457
-1771410889
-1795360193
2014259379
406501205
713091737
1118518651
2079290839
1611483924
-707562806
537015232
1046362530
235174920
-695789324
1465796550
223002221
1235796921
-1901042171
-559272728
-1601306328
-1735607107
-617613659
-1529176314
1144143213
-1592934599
-838617244
2055978156
-1818319150
-706526809
-1208799181
588734323
129295230
-851639847
-1594846442
1863194279
884153342
598489660
2112848406
863152170
243709017
-602642591
-376586117
-323863657
1080623713
1722048953
-1577499846
-816737367
-2006936245
295751584
88233132
-2065040930
-573119870
466957212
-1660960895
1352056919
-853840969
-233760027
504771827
1822326274
229290556
325791784
550724157
573663482
-1348433006
1935423111
60844366
97022765
-484267200
23081188
-1634291526
1833372990
-66488858
-739493537
-1820508432
1253815213
-371560047
-1536439012
2070156466
632924725
2039015247
736137289
209074881
-1475835531
-1062827514
535547487
-1762494761
-1358134574
-2114505087
783891111
583392217
-871072101
-17293109
1236710655
-1220368052
-1326876563
-501480768
-1149430051
1327574537
-171131432
-276619296
420105364
60793388
-1731660990
1057960550
-911393066
-1653527470
1444152075
-2011130472
403198073
-126122494
-1266787599
-1370799776
-107514754
862319467
701373366
1277651740
-1250746290
619938383
-945086720
-2025136206
-1898340795
-498219969
1286272895
1941269222
-1734572940
-1845200888
2086293332
-1228152849
-467119198
1524225645
655575217
-945645754
-1514634604
-356878827
356959420
85030337
2007660942
79362759
64533688
521720032
889602585
1541735380
1452136806
-775961497
-2021921019
255856083
210474152
1359596844
461439153
-1457898605
-1345277592
-1054163662
-701937271
190855757
1704478135
-1191355147
-2012539185
605205785
1359352632
-1204662777
-1758027362
1121651619
630065599
603063003
1682246700
178798622
-109129676
1292230624
-1274843313
190337143
758216637
390715857
-595411902
1325493966
-18957028
-2073483957
-1851951448
-2018390751
943488085
-386020449
-292517168
-189534134
1074543251
1280588009
1079297081
-1529823701
-655496629
227612513
1664788569
-51922138
1985498529
-1509356560
-2044544614
-1563874605
1925880587
1434396678
1657300644
1388644332
-1654568909
-621271894
-2060047903
639436684
-1288560862
-1860322606
-388129475
1219959704
-126746214
1762569460
-667515347
-1605293955
2024341186
925717980
-1200349709
-28450277
-1839227128
-1941450560
-569370081
-633469952
-1812297150
932318865
350173528
1976064217
-215487466
1822125203
-1755621284
-1916386012
1351891612
418291759
1896567620
932301098
751977281
10750983
-407816436
1205677612
1002217966
-585379253
2053867347
557568732
1330972264
-1500104630
1165925470
1057409806
881323001
-306827445
1632066914
1690257071
-914249904
1315116702
-483861758
1706816501
1756098213
2134641389
73043478
-871509800
993607712
-786409769
613760685
-1017372736
-2070558085
1853216959
-1309092011
205419391
-1016349723
-1156615712
-999970663
160892544
123935529
-1725771100
-2060984118
1390334273
-492597489
1591621686
1685863426
1870140414
1570813954
405008213
23146597
1060325294
-1591738382
-2114277269
1704467114
377334322
535889019
-1902171939
1944989401
678418892
-977273017
1393837476
-904056491
-1587137587
-1795436368
-153808100
-837796835
-382473582
-1858105176
-1524349412
-1738992562
798820016
1615448540
-224214458
526832620
1741866862
-1618361577
-1701334625
-1462309919
-1552869773
434993892
-1427504799
-1807367612
-1171062080
1193359735
91510800
227832031
-192973089
1696324813
-1235625782
-538089493
323919452
216089362
-1030535197
1193933085
1392225908
-32082110
1431397553
1188499173
-1617033716
-2003205103
1061850275
1295487988
197122276
571019535
-1915290728
294080255
351787532
1699098119
706755949
128530115
1884199318
-1514344280
1474143448
211321416
28281228
-35207065
140565363
916715880
-2127503836
172207267
391307035
-554743406
-704856782
1983219977
196280443
-282172725
-1134989091
-520385479
380548835
1800085750
972394901
348208297
201481566
-1025129132
1014520644
-628131894
-1845482238
648348749
-2119851581
304856936
-77854583
1632807792
1231558799
-288065194
665840928
1225663415
-133439044
126813513
-2104091521
28201999
-1793157079
631688452
829641785
50374680
1225345268
-1538608459
-1227053484
741031721
-1546907600
-1423408738
-1658206436
1834256278
-1987425067
1505510648
25027636
-1978480076
1225891831
67348755
1520326893
-1102419427
1014311739
967035585
1687147482
1011473584
-1216757115
1754405109
1483194787
1784585691
975635702
1513565350
1078530329
-670128996
1520210197
-2012431623
1465951371
1003887556
-1886795701
-1322908258
-1641610153
-1845402883
-1751525996
925134201
-1854789949
406297615
1091365747
2098203525
-801414899
1338656862
-1697452762
-676957195
1303041472
522369718
1560999707
53479323
-465898424
1357799755
-1928430942
-1727105139
14409160
171387898
-261758749
-1656922363
52937515
-542797099
-445650671
203954057
-2026467207
972947678
1063531999
-775541941
1471183211
46376721
283950643
-433976878
1487158080
-1475937369
471405849
2005131992
2124359633
2047240601
1395244282
968149878
1456623075
179041378
1390475788
-1301507714
-705604932
1717228553
-1746282484
-549527257
-114503432
-752071330
-323135701
-276651793
947081372
-538228093
-411503547
1056483261
675359851
1393719213
1989738584
-492490427
-721880968
1678305324
1404861235
849458352
256065020
1108707240
-1816173203
-270335621
-645029783
1967250348
2127805848
1045022366
-2018590786
300472680
-519005001
1477568497
-1674220515
3593138
1332880876
-233355829
-2009137510
-106183346
-1782825611
-156443924
-1004934315
402750318
39664345
-517122916
766959818
1726702715
1569524317
1564117267
-1220802457
1698563861
-1950846531
1007906843
-1993130914
-1905760936
-1609602024
-1631682061
973424316
856281185
638112043
-952065930
1560378810
722661392
-954418238
737603196
-1085124269
1569260302
1729386
-1733543552
1446288918
367958801
513105259
-1217865341
1624299837
-2050664098
909211892
-1048171729
510814717
1171287951
-1772901736
914163774
-657800161
-688396138
-1506690311
-881270244
-692906033
-232194559
111258818
-1154522421
532196019
1502608767
-1180365350
-1156139002
686632511
139231906
-1766086699
269675689
-2127190201
1216940262
-204717138
458552399
602389205
-555017743
-1943440205
-1230222020
355365948
501324828
-316432704
1882610813
-2119378836
397083953
418950063
644147277
-1956259192
323319158
1761944590
1359434939
-833190475
-350814486
-1239310573
-258439544
547909685
-1539531570
1565703628
1422757973
573557683
-1353539738
916530586
-1132491267
1716102879
930189312
391261663
-305311169
-949734339
1179046197
118568182
-470300000
1036266042
1960869742
606392419
1262894479
817336448
1144542633
-53851061
-663894327
194481802
-150889859
1183133222
1523168767
469766010
200956251
-1361596750
1567142837
-1380102358
-180327402
-1900781782
214749292
-1738759040
-768665436
-1840747081
343597571
860822790
1045579558
-1665057497
307745625
-312361543
1967690789
-89701412
-862401993
-1405584096
1497219870
814966278
1677018989
230050464
1547392320
-1365033196
-2061982406
-1458718962
-333100941
1852051047
71473136
1423643269
437600924
-130860216
450663640
744625018
-1742295777
-1450269668
-1698413742
-854172915
1760199845
-155308842
610884673
-533239135
1373757726
451100844
-1243636827
532537006
717912585
-2129511668
-1746163576
1533084373
-562517262
-1562055727
-1122232546
-1621552332
-2085700548
338995889
1953360167
603176699
-2061929440
-1684165126
-552718184
-1873428417
-879348747
592746621
-843007879
-451044082
895952305
-923634998
-1869752304
-230103614
205405615
-1670741091
1222104127
-97126
1531974834
-1449084009
-2061864150
-1862929786
-97788375
-1672566736
1285400092
945579329
1495662260
-967826964
1653501355
295062181
-587790618
475015628
-377529319
-1085496006
688461388
526494215
-729523715
102440463
-1492522322
-627634695
-1070362335
1194123213
-151511148
-2056854181
235905454
-849113336
-1857658357
-572848460
-25328250
495252440
-1659396952
2070603023
984270321
748759208
-347906099
-1137111826
-554768518
-2136186291
-872281558
1031208062
-646107109
459580762
1964275079
1009896203
-152425577
-2008220495
1362308031
-1459792971
-2141547993
822936925
-2083690481
-31795356
73889112
18670495
1574987920
269699577
236836659
2140337478
1714672642
-1685274939
-616689762
-1922443965
-389007414
1940236350
-431905791
1827308668
-78585283
295165679
-2014022357
894421984
1174576414
1007723440
1775789943
1232415675
819268709
1506414871
-1135023830
1387588683
-683887294
1254469678
-2075788513
-146922606
729805152
-850451355
543465381
1852097645
1221153389
719921866
-866331737
-218428699
805190106
1287006327
808154638
887413188
637577439
974234698
1824571746
1963646315
-17855295
774211547
-438682697
584878050
-1318515881
-577539158
-1062125370
770521648
990286794
-1559760232
-1929016743
-366334227
-729630821
1006729368
1419598572
1458305557
-1670049814
-1652811610
-1026871663
-637554146
-1416580364
2110662135
-1004333548
1827739211
689307101
1024537713
-729276322
-979351998
-1443842385
1261841501
-1050905058
-255664420
1695009442
1905943898
1696926629
-23490500
-1814811491
417266836
1805389073
-182419166
1940428796
-769467850
2134599853
-124644479
-1838400621
-674031076
-33875048
410574414
1831244019
-1655911475
9774243
369553562
2010833899
-926532184
-933543553
-986336798
-1055502767
2007320412
-1714890216
-292359259
-528798718
-2050275427
1472052795
953485367
1522617126
-1011431148
1928632702
412676821
1062362296
-790232426
-1391312544
-548731656
1612605765
1592043160
-455523922
560692462
196890099
1495447010
1675578152
90569125
-794393148
626608515
-1680316316
-397682742
916767516
1931315204
-1268376333
-1037120494
-42525312
-560907808
-392768831
31084246
-975186016
-1255952078
1327774145
1015000293
-797638250
458029232
-129663543
584176021
-193758352
-2108129833
701789882
525016603
476126187
485730920
752039651
-769072612
2128871297
-746053358
2018614182
609044867
-1139719258
363893104
-746011556
-873344108
-757747123
-141404363
905745269
438413121
457122225
-271230811
114400740
-1886103364
-1315599279
-1734944698
-695718727
-1342770099
-543218373
1380658647
-1640811249
-1925553563
1968893069
239966849
-280204761
-1638172430
-852391880
-954422196
-1380659755
1200246260
-1856740089
-382409516
-326933734
2044436303
-1392548897
-1067280581
1010427666
-2012716061
349280072
-1384173215
806466576
-1720919591
-239741653
-1222810542
-2037304569
1975100991
-233037603
-404037632
1237090091
-2172457
298922331
-960129487
1530535895
-152965333
-1982752809
569227450
1391393968
617420261
323635827
-140712211
-652021749
1207394141
-2083481781
-1109508529
-630088821
-825581454
-1862810695
-519421298
568419086
455416988
1326111699
1862586545
917811658
-306033087
-1776978376
1821020560
1579675058
-453550008
-1177653236
-725704825
-2020557538
-1983566612
144958784
1224758118
-914783574
873125330
-195565290
-1155765077
715010909
1740720476
-7224604
225183986
1482550030
316229951
-138431721
-1498997076
-410590462
-86325678
1306625146
559378191
-224874790
2080220585
-1147900488
-1674304691
-1544363093
-1772010782
-1069742305
1081968904
690261358
-628538434
-592160602
-1997299196
15931034
-1717858061
111756337
-696681699
-973765105
1766099007
1480052754
1243774588
-569690314
2078522304
139204051
2122724613
-1849462683
83153538
-981542606
386542355
1614642055
885874265
1802898284
-1432818585
845096187
-1358841103
179551934
-80196771
-977681219
2035304995
1885490728
-731879584
307508675
-1894538871
-548094605
572008095
17981353
-1406042796
-648112779
-1577904384
-656853361
-1148875684
-1869168492
-262673836
-786934463
757361016
2135763848
389415372
391157145
1908692495
1672687204
1254341804
-859747551
-413234705
1572012502
1145470526
2010907644
-1326109603
-1569536851
-176120056
-1531382779
-1651029396
1438897563
-529482432
-423334344
1518165650
-695761604
-1445912449
-1367338928
1991130487
-1541512106
-394451787
-424115022
356875280
-125324702
1540218973
-1489305975
-1150180628
153792587
-1503757839
2116277297
835830477
1604049781
750510238
2123488216
-1958789510
-263432960
2139806779
-232755614
-1232478765
254933325
-1310021513
-465292147
-1971749338
1985670080
-2037805230
-775609770
-1932921920
-1740137785
-1958463794
1163019418
856355013
202539035
327128549
-1429060353
-2137586365
605888837
-1074215747
-539113452
2087849093
-1787947932
-1765467110
520030646
1712364453
1717833005
-84912109
-1759224906
101664100
1394488882
1875751432
-144086344
1090111293
624581222
-1947458094
993357149
-877694025
-1752325409
-772975044
1105895844
-1141674501
-1115362082
92390578
172342413
-1316189531
1160117260
-1480306632
2052206591
-1774065186
-1971647226
1801072541
1271032554
-499212630
1472629787
-178529553
1070167984
-264767618
1601500244
660510769
126196928
240598037
1201609396
1883086667
484565892
-2019494781
1397713344
1740441921
97429885
446762377
-404696768
-468713816
1997512619
113536555
-185176505
451860820
1994382385
-1354902912
2146905969
-2122240682
-795680199
-2116223032
-1595344532
2049633573
-614218731
1729930691
1111166904
1686838554
638698406
538739008
398968242
-168965599
150738177
344101875
-279856178
1985623981
1466214222
-1231583860
-1505678045
1669429484
1889277939
-1398832636
1772753196
1314974012
962016242
-860739271
653006284
2108635100
512797583
-244751428
952743314
-580781338
610262070
451424490
-421269954
637861244
1180161178
-566771143
-2141430908
2088484161
-1836058847
369784787
-29902321
1465436939
-1901470082
819565160
-1154017592
1904083670
-1522636641
-2108969408
-42062249
1702088443
-1135211574
639589263
-1631469335
420801184
959371778
1521903628
-366944717
-116435086
-858466641
-1508659772
-411537993
-1366132079
-2043182467
-1830388950
1664120646
848139468
196198788
-1453594509
1937174469
409012750
631734184
1512025632
1892945459
-2129122281
808367938
-1770303269
-62886678
929594478
-1058030081
-1877231993
-257590492
118397333
448986120
-1292732270
-181075263
-152024194
-1739558557
220825484
-913521082
-672242882
1549249944
-1988824067
-1872266456
-1043832320
-2020794985
947384434
300721227
-148956357
1264833496
1404002521
-1346039612
281200167
753479364
681937678
456262374
-1035193748
222953811
190299317
-1799273604
2110264348
1559175669
871365194
-434592430
1563859683
-1533443146
-1014887563
1962392826
638634109
465845660
1721530530
-617164596
-936887705
-954915757
1349733841
-1233763026
760044249
-351610357
-814500182
-1012791020
-2056049422
-123635551
292341715
2057357002
-490264523
1502951932
-211089018
-440476431
363255603
712819385
-450259107
1256285126
1623469450
1751839498
47507824
-628243798
493144333
-396205605
-284648799
781621725
2109182532
-2031950282
-1682784203
671548557
-1157664746
-277097753
-669210969
770799375
-1912012092
-1647064990
-33421384
-313016981
1833736729
-448708379
-1533211190
1236655646
-998450465
-534955303
-1742817170
-166599398
-262813803
-961829507
191919675
1007606545
-158916514
-586452027
-1164638239
1503751410
-1613738437
-1839564417
2060189821
-353826893
689130876
-1621657928
335312686
1687710801
1116162931
-1567689379
-1709130265
1350893588
-1853166741
2043010340
1320563078
-375104233
-1658755368
639558060
651261733
-1020008697
-1507525425
-2136592669
-878134608
1077831722
-840145737
700512167
2120925880
-244319581
1875392577
-1783313745
-28119675
661176819
1050183829
-1386950228
106392433
-1681704765
-1895165235
1512136363
1607486067
2064324320
-334641242
1393060796
-431282438
305009542
1293195892
1354494168
1202230779
717228000
-540751018
1350382591
937270349
-1090505265
-1602412373
-125143135
981780276
690337514
-112344124
1817094974
-485508550
-1789569083
1163244762
-1370946992
1747142213
453206902
-1846605246
-56847000
-592093722
229122900
-419205409
-1315540586
589658862
1708529410
394630103
226146829
1627212103
1999448235
-509376120
-1060126713
378579712
-577347186
1997616061
275264742
294742441
-924327235
1342786844
1557912219
-568579872
-1177999840
311864803
-1204791733
-1811321301
-911488064
-224474669
-328595153
1873203720
-1439860926
155294059
-287894597
1789505091
1518043568
-88972711
