1067321069
-1760118571
1646448519
714870523
1798529300
-58735648
-1676518379
-592115957
-558072242
-117252908
513982667
1335758321
-293035534
-824945733
1498513382
-553134573
1910384511
-273880254
1979618983
1453881169
1091433696
1919588269
2061304629
-1541453551
198528240
-947275509
-867482431
-59520616
1839973951
-558152533
-437175829
1070278299
-1154258410
1798279630
1886585187
999635733
1927102392
158645661
-337723181
-299166117
1395967978
-465380772
-386566660
1541824621
1869163702
-1266721312
-1966262753
-1369821298
-959239829
-278625474
-1186103395
-540335339
-1029509401
-347040827
-504593951
-661792891
-305035241
864832301
1495170941
-1362098213
1663402687
479644431
-1034506605
1287778343
-204283786
-1871130216
1485519734
-1839544994
1530565620
-1803016327
1814319504
-1605609875
-506589552
52394273
-145207675
912730769
1314890243
-1688334546
896893848
1643229413
-1435452815
-767157728
-960747187
1703564604
664482986
-1563982513
259090768
626363953
-498903892
280003870
1207870101
615921787
-1802231700
-1134799759
-1686221889
-2015374459
-727702827
93050204
-599124027
-1468566723
-1113793776
173738268
-919322413
-898532564
-154182650
-1224633526
-1001382547
-626559290
-1088102366
-79971251
-1010015270
-326982910
-757443237
-1508071664
1621344191
1288502573
-985520783
-404640268
1276026377
1854139131
1676131958
-966124792
1575703312
10801119
1313120143
460697463
2046820089
43852700
-2043482629
-553669055
-95693733
1703730714
92657236
1664310830
1205052708
2082688125
-1930412523
-841861378
464509374
1187750771
-605648548
62074340
903886445
1063248589
1219524848
-1719282379
-2134109446
737009233
2142004356
1484473180
-845420395
1283686349
-921348804
-652085999
-251438601
-642476433
431080561
1910578890
-941549113
-1042430124
-320273743
-1135402639
-242461890
927822686
1108970249
-1132063146
553482509
1521788489
1676330629
-366696858
813342333
-657497344
1928922103
486056093
1934474968
22339885
501393399
2136736697
-2003986681
-717910002
-609625813
-247173329
-2023230084
70644367
1120808136
-1327485086
988193873
1532143764
1538660184
427514130
655774129
-548718187
-1204279875
-103372782
-1106699658
-1367968656
-1735376267
2139166013
-425420013
-740525959
-401765601
1214273450
1271245492
-792740906
-1786152387
-1784429282
-968743773
-1166040310
-176068294
1327515074
703816685
643071438
-239620433
-355774699
1132090693
-1811022553
-858661663
-50980317
-2078784729
-906332492
-205658994
1112115447
-1325023168
1605273928
-2097143832
529952589
-1906093044
550106808
-676820511
-1802161524
1903545793
-1521498379
1254991273
1626010866
-1801821845
2012547164
1733286516
-42352624
-8588456
-181747380
-594524288
577004153
-1981991499
484239097
-1041083306
-477760330
-2066383752
1445555583
-1901100721
883439996
-1470076031
1827652922
1543060569
-1815917280
520676091
1045059924
-2065908229
222582858
-1300115960
-804723810
-1407634794
603994600
-677791843
962308515
1280881644
-414032794
1893222825
1833760506
-1354705178
-1388893669
-1018029444
-744003364
-203959919
791991558
455175270
-1346576651
1762098537
-690199111
-1296514145
-1217714818
769112538
-1260894828
1949202022
1559800971
-896666877
991737910
1542364011
758440097
1417138364
1663170609
-2093811087
367851659
-167554598
1666640636
-327752913
1484737645
908515249
-1502175187
-15266185
-1771795943
-1455430182
-77983769
2141973914
-1691919711
1790417461
1065536656
-1297150967
-306688724
-1238884047
1630706631
216164159
-2087380211
-1867601334
-89183595
1526391006
941070609
-741760813
-426749726
-25350376
-1968051688
987442421
-1477797847
-1026625712
354600678
-1083948809
-267454097
-915161344
-1341788358
-2037598530
-1179384208
696811229
902961184
-1731116649
-1645481445
-1962073032
-1281954941
1257781300
630074433
1420803238
-521999098
-1577420044
-789412728
-388921373
1180850195
-1835140505
2068252837
111758323
977619763
223584785
766054858
754206601
193778848
-1748849812
-1413663396
-153524564
1866707992
1401396531
923340008
-541549160
-1381964301
-850560291
-1559426729
-774205982
-1503704201
-1664358297
-1186216607
-325920290
-1669921685
-1784854954
-1387295937
984205892
-1223012887
646711804
-2070543964
-1207424495
1101068920
690411001
-1739246611
1072331946
992663385
845092612
-427005546
1770975815
-1703767263
-689035029
-1475968784
983809678
2144336263
-143046696
1763361040
317830526
805410943
959238613
-1101768950
-1776725362
994255495
1141611665
469234271
1291226645
1454842431
817324900
-1964886861
-1834867476
-1350577345
-129789552
363915459
1464677969
2018260004
2046029001
835990677
-1348576242
282830316
1222435830
-398181648
-939155239
-330584957
1987282489
-1670717426
183433470
-1675058019
-1015585236
2090378639
1561403707
-1938586938
1451289966
-1856581199
-1366226966
-983830601
1663231069
660100542
-1869601691
-1014016534
641085988
-974247995
2000576677
1290974319
-1613555465
-788855924
653162796
1319521024
1642820253
1420674756
-113903835
-678464685
1202565422
-1173824386
202385608
1234582447
-1643075554
1756392414
-1970422781
-662071614
493117817
-1142931955
2064703318
1769354416
2126807919
2030407540
1689259262
1030314351
-1425208813
-444055514
-1705515947
2019181649
-1279633057
571611037
-1595493000
1300888802
1965681531
-77983832
1812112170
1062377715
-314499266
-2040210780
-1374322953
-1638117386
-1110185228
-1349838615
820495260
213905292
-948078750
598274439
-1073327707
-771521188
1413015302
1625424434
582275672
-296267226
2032717218
866114170
-1561795375
323377687
-2132796421
-870287810
-1209501330
-2022758818
-1419279394
72182626
1340604268
-418477057
-77162397
1676394175
2058045650
628067302
1082666613
767530075
-1711912819
-118448066
-89800303
-230805799
-641134884
1434454787
-138551091
790360627
1278519278
-42599979
-596252645
-1112842843
1095549128
-942894321
-869824050
-941805332
496252524
-1574748136
-1770066851
-1409208144
914420535
-1107572488
-1514774425
1433026109
-275399030
-931850962
499708663
-1022380423
693559980
-1682922048
1925537800
-1737405422
-397882129
-162718574
922691915
-140390154
729156624
1899062523
158586151
-2001689848
434917603
-74886763
-1382639104
1911599120
-1015655121
-2121415852
1075116475
1226261746
-1798124330
1237298649
-1001713278
1310465058
-1593391815
-690057976
-2075745852
-513319081
-227797286
1616388055
-844885377
1718718590
218287426
-260539287
-662636607
499420657
-1567184604
-58797734
1064557163
-460577304
-1900535615
2016176220
-2010035912
-673714897
-2036694386
1906884098
1082291709
764890393
1709121045
-1259420965
313647921
-126616396
-1351641320
-1398498877
-1546197584
1027496253
654821115
578840436
-978256197
-1277013546
1731317859
-395180189
-2125442493
-1441605003
-25343719
787659209
1071168870
-565896673
132423220
156835583
528568633
1567869014
-605940105
-1608444914
-1664469560
-1196003888
-2081941769
-402897786
-1359005350
-2143323031
252087809
-1938193010
1539149817
1125085785
-289298374
-1822536132
1805092656
1020951721
-1396952058
598663463
710488598
-243184414
-954575059
-1240007879
337465739
-1101720056
1755806396
-1121051703
-1651376959
-1603672890
1024758057
-667960856
1304481278
1136248554
1867651769
-1016005894
-1968793697
-1005685230
844860454
744668808
1948443999
902724007
838859643
478679893
579325401
489026571
999176003
-189371986
-1953048501
-321745139
67677154
-1586096378
708835996
-1369621595
2095561538
1336868545
-2025589857
990099677
-541627727
255226960
-1423211111
1245648396
-699954424
1821420157
-652651264
-537680822
-1493975280
-1651948537
1041526661
-735442145
1962607650
-1167337103
1304805204
-1074236291
-1170956019
283019286
-1534923110
977142768
-1947558085
-1561469311
-1960476857
440536339
-830459370
-1376077317
-1143661804
1097579845
-1525895001
-953161372
601382855
-10605411
-2122709632
-282154682
-168842314
2014317082
-1187006244
-2114040537
384937609
-113944801
1220671748
1010608670
1805238850
113567261
-34716429
-1471015256
-1091284862
751472785
2465084
793056187
1289078788
-1571661775
572415787
502723355
-1483938194
1028122465
-2006569429
575934189
-339125688
-1796659989
-2033283225
-644389239
2109473100
-551432465
-1634395214
-630541164
-553236769
-1341042408
-658347093
1621709388
1382180575
1499154960
1380524572
639466533
-1069115233
-67734475
1411430562
-1728787563
-1285462481
708109708
1194193555
790755884
-588401696
603708150
-461039077
179257830
-1279181818
-1546616160
1018194856
258338500
-975142145
-205358656
1181176711
1399125400
-678459532
-1668025987
751395279
-209083360
210154206
-1291145426
1224349821
-1758806441
-60305844
1045715911
-1322715168
-1244160762
-1559822494
-769927537
1373859127
852631968
-1009249884
-1768653034
1145341848
1712558927
1175490548
597404262
1316001554
-820397750
-1189907879
-916473992
1644763670
-1548040599
247686145
-738232599
1344773394
974383610
1738859912
-1349789203
-2110492578
160405973
-880160902
1778457731
752375899
423487917
-585893610
946593514
1687591897
713720745
116721493
1589764691
-1668344647
-1677650382
-1683118038
507337943
767436499
-913683698
-1276199414
1199904939
2047525145
-744973395
-656195666
1541067409
1624296700
106796739
1322373142
506235793
-57102322
982870806
-34516271
1501348328
-644693016
872401816
-482606981
-253704895
-59250611
1132101816
-977223801
-174876126
-2015456369
-316458252
-827669186
613359784
-1792670415
2066447026
-13384953
1711567479
-737182003
-983391920
1211442152
-2128106517
-1019762888
-383287431
-279896500
1834128531
1109425123
-1498155846
-1376477690
1908726494
-308382589
-590711724
-1962980714
-2038442218
528596212
-2080996525
1492069801
1042745742
-1535202982
1141801951
1145159142
2041432087
-974731127
-1967758895
1083462119
-2043818312
1106655398
-41421687
-215335035
1120511901
1133453838
1736387070
119483224
-214360497
-2089321354
1419071254
1995459709
1389179429
130777682
-2124936905
544188569
-425968646
-1533446533
-67250915
132156446
-77710561
-2000576501
1245912813
-1523793203
-410223213
-25190261
1752713098
-686402437
1138169713
-1246721968
-472241369
205638167
-1237983831
-1321513695
1641282846
-2060370198
2114050034
1865910045
1617071359
1963508257
887053823
1724422107
-21083926
762891400
-1341107216
761372626
-638414559
1689505432
-884393461
-779557381
73281752
1059068595
1352336299
1903662516
1921126479
-641224787
-2085688968
576517863
-801082334
580626318
-525292841
-1613069205
285236703
1622757013
-468258140
1421903018
-2008161831
-1254414720
-1488923874
1684605059
1489602107
1694521866
1910148386
-645303184
1237712735
-109484875
812324508
-768542741
-367731360
1378939593
-527494086
-617834739
1970798317
-155959908
981285473
91204216
1932975456
955148306
683362660
279574903
78906894
-1489068185
1772755187
757256803
2077250784
-1815542741
637691601
-696072888
128893986
-90226
1925405897
-2018777913
474277274
2019092701
-407961118
257601853
189880540
-1861640372
1820330705
206049828
85119708
-114820107
-1849180754
539427257
699370180
-84901856
-1642472213
828296927
1390813192
-1120083003
-2011705983
906828099
-174174794
2024663118
1900768363
2112416703
-1384055022
-631696480
-1613412521
-430794493
1193580898
174626652
620309659
1517436530
416517893
-818157471
1070548581
587272521
734040010
1635502741
2098148662
-461907450
-1327699330
326948069
-1437737583
1897873927
-491064378
-1971867255
-211952401
1562695536
1110410799
315530892
655219189
1201793874
-620564605
1980494475
-595647512
716156425
1379065694
-1849841220
1728206176
-2139738652
491531008
-301056206
-1961955781
1239030795
-1283687837
1782273630
1187387604
-817398883
1785279119
940505304
-1161818507
2069208856
869937453
1183345759
132566793
1138956286
-1692652198
-1557273314
1947738133
1863220404
1256706494
-2125424592
880019177
-128243540
2077746140
-2094992794
685519378
-1382065466
-246805334
-1710688441
-1552153070
759911923
1948980836
-1499526056
7881042
107964443
-236407908
-1125927780
-2141164713
1088486208
-959437930
731971678
720077620
-683862813
398608338
-1242909395
-903044801
529065894
479919849
-1339395545
-1744601081
-1743299790
-1808607076
1192449146
2069373061
124038746
1505720105
1116528679
-1611661936
-1257793664
-624414239
1096626441
1839104662
-1175877833
1915342070
542554134
24754569
-454168278
-117613927
-246544157
416769046
-2125807813
249796932
1197505389
426112028
-615361809
561472340
1734125077
2130188123
-1047414520
1539245018
413791212
1573964396
1764488051
-1147304783
-451093711
-223795472
663059812
1103251923
-788957161
-142057204
-555651649
-911831576
1077841866
-384194540
-373040199
-1475505121
1735344052
-894247291
-939300417
-529161407
1555160315
-1292214983
-89253226
305470979
1988020302
1598633429
-410790718
1038109851
-142460447
-875911035
2081110060
407481237
805325237
-516898581
-1318344194
-1019751450
-600131556
1776373332
1065466577
-1039577023
21772924
-553800916
1565608714
-1154485335
1189433426
484116404
-1588915839
-1007516345
2022892666
-2052576271
319907938
1534907773
-1527300435
-1822890777
-1799191464
-97284038
820119882
-692154105
-1584629273
-473800561
532442968
339247077
1286714649
1118845314
109745866
-1109518035
-1519728804
347002914
1528036101
-760217897
-2088980566
77058779
-1713869920
-109273447
69796074
2069547531
-1685081238
133686941
160402070
1229295060
843983792
-2108878476
636446621
-1236775629
390643647
-1469268663
-357591159
1197810257
1758930087
2076754521
1727366628
1788579865
-1929688766
-1655538526
756163544
-1500134134
-1683930508
-1079542566
-814450667
426161997
1564161971
-1482435422
-413480713
-1895469558
311497673
-984583685
1063896294
1713572854
1238629848
1939291640
753093888
-843157712
-410919266
-41028939
-508770827
-1464763827
-1348110854
-272376697
435098419
-207529295
969131183
-1173489036
-401039294
-696492000
-2020618650
-1374670363
464264304
1514486164
-259393543
1601800602
1221381296
-409687216
-1153399314
-271278115
1780717502
1731727924
1413152577
-265498630
1925591175
-572241837
1660057701
31177453
-1938029880
995737282
315951757
-187029667
-1236089355
2110775474
1366489895
-1205179191
-1439770021
961221569
-673687640
1738661376
1814156424
-1730025076
-335672946
750380758
1578359530
1932220040
2087298722
-1922510572
-1141720651
-2074541550
-1413250690
1603101872
-1167863542
488506308
-123814322
-1736976579
1109672277
-155999735
-819499046
-103956828
789903862
-1756174861
-1423507261
-2035418348
-1180266973
278075467
-1324389108
1087687735
238220300
2139782121
1086459868
-321944155
1041338943
-963651258
-187758207
961713821
2081701709
2135994191
-2127134280
1203493106
-1344137298
987307387
897927723
368466754
-1282454047
963107615
-1950702278
-74179986
1126127831
-692465664
805123325
1346723397
-1466882927
-836885975
-1727965559
1612492162
1189816583
492621055
1852009843
898206968
1035438923
-343468654
761062289
417562123
-1027691282
1114271797
1432543495
1157754978
1943063970
1137945424
-1045823359
2129992410
-1672109280
-2007403660
310019005
2009001917
878906188
-1857911633
1307888716
288006195
-1752548202
1267539233
1402870936
1842635512
-1700980574
73565391
-854989528
-1218809266
-1482455766
1754971830
-529259998
-2016709323
-397218013
379696931
-999977711
603310042
-1210557410
1565557569
633513704
645814092
-1494766095
1080198643
405986887
-958593931
1191771286
492277219
-2082646532
-1496858041
-834196910
-15646501
-145944629
-1821056203
-252635623
344680531
-1188659342
833636836
777064496
-319556790
2004142567
1397125410
1163162900
979419481
301282531
620986134
-1051225446
1773046532
-1909749085
1572067257
468204375
1794472787
527594989
-1418272124
9677889
2008370849
1860639312
1418458987
-369448810
1940130483
-1757451088
382510857
-844042244
2597899
-74510335
-192490981
2098950889
1647584382
-1510557102
-1315158990
114485572
-1546836220
-529111539
536135076
-465129652
-1358775090
1859834748
162191555
1689652408
-1657860194
692264591
153785937
1062488608
-876915374
-1421644580
654138674
-724682597
-49813312
-1737099290
-915125917
-1565651032
2038209481
1553725345
-1089558997
461686097
-1216112984
-813420235
-1063727217
999179405
176314507
1275407874
919811850
754460134
-1911968412
1639276260
-801603715
1732824667
1554951424
-1561612361
829744228
1423906950
-561244329
1077366557
-443522998
2120281089
-343104986
1076211326
2096121470
-126785786
-963376197
-1978007984
1265386503
-1435664811
-777648369
-1922454888
1761475540
2004367194
-712551143
-1356489809
-313413065
1007542414
-230252704
-2127544503
-135152748
1944579101
-1092622382
12361139
204317269
-1670295352
-838426156
693305179
-461817824
-1851419380
441436314
1077667477
-468777396
607316099
-1246329161
-1829084773
711250320
-1839599733
1158365943
1988819158
1773675773
-678681307
679880300
615300443
-1679550418
-1955334370
-458002490
1691237303
-1777285955
1176502387
729884648
-2020583697
266346232
-692255247
1637551031
711806913
-1396496941
-1830774500
1371193140
221412400
-513958367
1210090833
-346055220
1356821311
-1970418434
-154047698
-37569554
392540412
-888085104
629747249
1074851294
1240463039
1326718446
-408414049
507373512
1745415091
-1517445281
1475729830
2069941016
-1855143531
-1523071545
1770897861
1220261128
1724506556
834429533
1328013675
-1466621318
259057240
-2075855455
-108859938
-1625080569
1530160126
-461368179
462229598
-1355389609
213731171
-2089063158
-332921975
1565626034
1369492327
-1682629211
1413948161
2008301527
114379605
-1061268350
317477195
1170427148
-506235543
1072982416
2037569530
-763715722
-172645998
-361437187
-135944692
1701027242
1449087096
-1715193108
-1525641069
-1053750909
564860607
870707557
114456983
-807770315
-1004701555
203476365
-2026864326
1058947490
2066708809
-627567850
-2012699363
116645868
2035016614
2038876408
-599494142
-1964359605
-2079683105
1786831456
1750248371
-1191482337
-869982653
1407812329
-960950495
1094220104
1012208628
504156681
1727894223
1663290549
-1190979605
-1153494579
-1221015184
1288991291
850123326
-1907757880
1771653839
777428391
-262209627
-1718866104
-650492178
-831870698
-889134278
1723817931
1663936370
235218051
-314560385
-560338255
1270637373
-1559770464
196909477
-138685134
1927669852
-1043042582
1827417611
1488923537
-934166492
500709623
-987687676
1361354385
-1670065769
-599867118
686403805
728237096
-1126308341
-555621879
-1289654755
118468466
-1028434931
1501844548
78168846
-1891314712
1185281154
1840408089
1310663548
-525178927
1530643983
-1551538849
-127800132
1531656696
-275324230
1681624640
1530891759
2037329566
-1476154415
408916819
-486641528
-789391438
-1998368758
-2091379990
-246717173
1259068479
573968363
1256754599
354129942
1230496549
5956715
-5066155
-1823845468
-1352993525
667970521
1029706484
-679800688
-1406301805
-1742913283
-1291217131
910990424
652325840
-339468164
-940359832
1735546660
212476404
2055897216
-1559753069
-2079011322
-1723538355
513703576
904604484
-466930303
1675046770
1049839580
2083557257
1888716879
1401327033
-1007067308
-442443426
1875332702
586101739
-1832229223
881922183
1147621404
1063152954
792087741
1620080032
1471724020
1135825523
-270923928
121351794
-1831701481
775372911
809908802
-232397945
1877062271
-1880964657
-448892776
1589486336
769196336
429580263
260033849
1025285285
-330477376
339611386
1298683041
302943037
259573529
-367580760
365311321
-1332945121
-309110658
381693859
2024321693
-1934492152
1529703627
-1394230359
75666750
117451823
-1539762944
1928815790
680019658
403010198
254973183
534806103
254933737
723981987
1738622356
-223875921
124553993
-2131462417
-1187638602
579665684
-1635129283
-150314660
1566382604
337806962
581715810
-1030932884
-2039730766
-364340557
1668639619
1137798608
1441808188
-1292319882
-814370178
858738751
1396176634
-824215554
107792359
-1451754871
1415183229
855190124
1294475819
-280035861
-220615334
605573680
233418232
520958372
-839558355
547170749
1778600924
-502887992
-1009438240
-604040324
1828324396
1700136787
276983085
-1252861438
1766724903
-655354495
-905802655
-1661452412
-1993130150
-957552549
1684705121
1363972234
1817637957
-2046709611
-210075662
-1914229278
1837648702
1111013527
1905380148
-943701545
-1443897195
795197145
-506384529
1508971682
1304691448
-1563090573
625426961
1304474657
-767044839
311013108
-1924083209
-727260474
1957312909
1766207601
-668554773
-149257775
390321911
752681185
1546024813
916449985
889279077
-1592703576
-1157834314
-270603257
1941547513
838507633
-743252743
567237885
2080795083
-292203968
-1576966677
210140437
-164762354
-197756986
-562998907
2082378325
839781744
792487671
502746376
-573211902
100132039
1774816729
-1121539519
-1240062309
-1403812631
-2059617
1929819150
820783625
-739456550
-971627274
508184352
1117774611
288926252
1585320093
1700901634
-953360617
1777641891
-742496965
-2099566759
-601130762
-1233628649
1703724908
67514732
484565584
388683422
-645447908
202575334
-1296036879
789398761
-795142376
-1842425126
1221403018
1215031534
-650010142
162117128
-976974685
-187709753
-1828456508
1883566942
1510716112
930303705
-449576409
614078401
2072568610
1477161017
1255827492
1835381772
485959392
1021996362
-1648480165
-828654504
-2496137
-1517218134
-1016845309
986453886
-621892690
-66367410
-1506705597
-1295899943
304756253
1107395819
196991679
-760074672
2083651295
280554391
85408372
1072968851
-1290160506
-816069712
-545112632
-2072292445
1849176143
1664019196
-245404452
170772888
-1872356970
1342714385
1083113253
3766686
-735300469
-961867017
-2093877446
-1413661376
630065702
-1595429365
708880366
736069096
-763803816
313667877
475788961
65999526
1186019714
-1842934531
935325395
-994918864
965811754
2027068618
563313401
752462121
846674411
1557734443
-264612205
-808631130
1867901613
1929791307
-888435330
1178271981
1460087062
832135487
757079174
-1530682241
970075456
1226202289
1746044735
1067093848
-1386599764
582546115
-1212057836
-306221452
-114796683
-710773715
1857337248
539042709
-311250232
-1162313560
-857398212
1352721731
-236700013
-441626482
362633944
-421995756
-448618372
638612673
-1372436466
-1795573203
-2078777836
1204891852
61857908
38217224
-347461556
-175516855
-897082575
49469814
-1896814041
1652404353
-703364654
-1970086937
-1120301391
615097177
1335486814
1735345897
-878267857
-220120981
-626317145
-576167954
438284951
1039198067
678682595
-1577186735
-1644440766
1751121644
1647551866
-116533861
250570719
754132474
-2051986400
-512939007
-1280558422
716871818
2055353894
-245799631
996516318
-1937407561
227469837
-1139818163
-813959064
-79292305
-1231201188
863735863
1285189084
92824150
-1154784589
554240271
1204642220
-1948794647
-408288225
-800090631
-1983464042
-1592939290
1167006382
-1204905949
334037854
1480999915
1323760198
-282859514
-1761017411
-958559139
-1604767566
-1504471573
-1100913511
-912092277
-567233795
-1473466704
-2127391627
-6567406
-920056829
-737212213
909941034
-1400225150
-1849204668
-200122993
-1125649449
2014295617
-1642112261
-984665426
1137550357
238384303
-883861394
302929918
43895919
-1320116085
-351247992
-934544001
1499965968
-1507696748
-615265116
-1035491940
-667102274
-1076305805
876713899
-1029015631
-1823149049
209738455
-1818505376
-161368371
678851257
-104763934
114071546
736321720
-38026858
532447427
-766399758
644823351
2132033608
-89650781
-1073652194
-734083698
-1571099758
634511045
1924171775
1287322693
1624001480
1912731112
-832449194
-269046481
1934120577
1748973039
-174300164
-1491540569
-1134282870
1188904643
1745925875
2119357725
-484756195
1136937848
-2121246793
-1062144560
-1574100143
978490030
-1815234342
-1932558884
-567534892
-414660295
-1902170673
-210346889
1176659672
1479125764
718867461
111232887
-472588725
1200533042
-1333769929
-2068013801
-801825718
863126661
727198466
-1188553223
836389847
529682179
1977801655
-1130577041
-1517389112
588490710
1276508274
-165464587
1332324354
800712307
1099000939
-602101758
-1529675545
1888797182
1136143755
-994567937
-934018548
1345762797
1454353986
-1572191081
1185967919
-1314992917
-1631315817
-492912079
-1804511641
1429845502
274507392
616372410
-1287613795
1392281579
1359784819
-284898649
2052423994
903730904
1589846844
472882746
-1542791391
-1307049933
1751374353
-117856765
-1212088096
1625936083
893551075
1780665769
1504631329
3729756
1739147510
1400237802
1568114790
-1395948314
-2028354125
-2000833825
58807541
-1861909024
-628077636
22004612
392585744
-630264526
-822149567
-900001417
-1230604439
604512162
-1548274799
1135489536
-1924881964
886218104
-489882124
-898164399
2037553726
792399971
1609166263
-707939058
588720093
1903940509
29450375
904866574
-149163608
786258510
-89525758
690471011
-1539149047
-1741940691
-1593515637
482716823
654772177
-2062430099
961904989
-2058396360
1326728044
1652190934
2004353762
1406922135
-1841821867
-2113220815
-1819790267
1192548044
-907080501
909252328
-1359084731
156507132
-390933051
-1010531090
680450380
-1698531618
-964609758
-1751589924
-289397569
-1836234630
1205075492
982501980
50897815
-175877581
2058500895
-1291913782
656622384
-1494516984
-370381971
-974157033
621783393
1112352022
-1573949276
1731885553
-1519797556
-1361193120
-156634358
-1953841632
142783094
785006546
1858262344
217078579
-96756071
-1965764221
-753488034
-533402021
1481266873
1161331514
-1461877545
281868950
-1416675596
974811699
-1623643587
-649112817
-1464636258
-2010354397
1157631438
1494108100
2141978637
364817272
-2036377745
1661237353
-566704208
362755300
-571829280
1493266828
1816232038
-402014948
677273392
102791161
-1017755892
-288163876
-692141453
-1487526305
-640872616
86419759
-1571735373
1585955122
121582565
1658844652
1669173028
-429300525
-121146483
-1376274301
-1163914086
-1584500242
-2137919490
-1040392711
1502268479
-806757340
1532297607
1917259568
970626944
2041724649
409138227
-271308180
1965067079
1064819886
-479067624
-70954734
-953228177
-344396735
859381488
595103153
-1277407372
706926708
1523935464
-1484237242
2139584362
-311077379
-959098184
-1547014469
2144342064
-1964608612
-1224484109
-1745096783
261738469
-608892798
-1931516769
-1755286145
-1446966375
1854481649
558695688
1970715513
1345317703
-182949601
-338535727
256190324
-1669437181
1937663584
1470972491
-404420215
1127649135
-1621660029
1086454537
1276875801
-965104781
1152284027
-523398477
-264515566
-681941716
1152706881
768846106
-579006097
-234163164
-800742407
-627318387
-1398427643
121496260
1017273427
1921291626
-1549662085
671814918
1038956596
-533357577
-1097070183
-1064171922
1456891284
-1676199054
-341323322
-1012042950
-233841239
-1591830682
2120097995
2124144856
1318565445
-1916653505
-687496739
-1849443945
1040950652
1224624160
1668829657
-1427050591
-1572955255
2038055156
-16611888
819288873
-1217161487
-1000519741
-1907534394
-1502328864
154081000
1668407622
-851546185
1790240172
-1832726540
1142762428
718509786
-740388709
147687120
-1280841218
1386238760
-344120299
-937216622
514108369
2029557023
475712849
-147857649
-1440766085
2117816771
-1927278326
992588926
1392122008
-1554228507
771881073
277705051
-1013172179
1979512743
1777441125
-1733684851
2135302653
827785534
591359456
581912010
1039743771
2067171321
198717108
537152058
293137856
-847625085
1499997560
-1209859238
-193278370
894654820
1494034876
395150627
-703889931
1308698829
-66142845
-1724749718
-1112613468
1968063124
1385626866
1039569545
-837326974
1759489660
836654404
-169782465
1304019118
-2068310342
1407661824
617741524
1665063076
1097111220
-419022994
2088000128
1630022098
-614387189
1179014470
43755789
-1524699286
161429467
-394242901
935458235
-1650432903
-1493690815
636970583
887359331
960913464
1174102557
1656524310
282080734
655156130
-399567080
1245543544
1568723879
199912518
-574270488
-579153983
1820396990
1629102174
154867410
481095716
-1075485233
-1663817697
126336624
2111699760
2052008595
-1239300014
-1178774860
1332900490
1174704758
-113241565
1282791980
-1358847524
1872583802
-2049098696
-1939193977
762966029
1583225690
279574789
1381206871
1352437682
425365234
-1887871394
1258255896
1386169027
-1223053347
398406221
-678586768
846865809
-470003360
1139126565
895135672
-179129097
-1269727866
435232982
1366549690
-220953648
-1206784117
1853408643
1757663932
-296004696
1643008125
-1352529071
-389556035
1289323701
-806217184
-1958479486
2092699390
-694087417
-1950923758
170279617
621851331
-2082175234
-112910545
-206534978
-85718438
-433539331
-1737030858
856922365
1936196956
-550041508
-1955745108
-1019223829
-1211425486
-1163155037
-1084712704
1536763698
-642762278
423235572
-1173207313
-141990835
985243371
-814384697
819843369
-1621531554
-1821956906
1016228061
-783747788
-674278337
1388855918
997279598
-686741360
1837140950
159820457
-1466848092
1462236700
566569389
-1344896345
1032909900
1658146232
387011521
-1826262028
-573694518
79473194
-765382247
-701358327
989341262
1987326277
-1398672486
-1328958952
1122718276
111882823
-1563198567
201435145
362093072
-540039549
1799584434
10482623
1222487547
-67594177
2063341655
-272360545
756106600
-19557409
1972205227
-33027759
892513610
-1212053694
737847312
1064800712
-280770087
-1491487893
2064116222
-1154877056
1613234051
-522218396
-1095681770
-130483962
-1735411936
95871838
1030591094
663029181
-476352150
683611933
-2091616690
1584325342
-1479008852
1457129106
-1736409165
581615296
-1893881928
-119041591
-664590925
-1362010023
-1795952355
-2137492219
-831850072
-1902630652
1957800345
620276264
1352595153
820047492
-1949582644
-84673448
1608955678
-782307000
-1996276946
1696444895
2027987274
597586672
1233853507
-953257901
-1532730321
-1173311217
-1591867380
456769270
-2010283
-2053748686
-1131404864
-1697723553
-1381140277
-1994505439
-1896899140
726553689
1800630330
160455268
-1291688777
-856039670
-1195745482
-258136056
1025390137
2111740503
-689660201
-1586015326
-1220805043
117478535
-1598625144
1025833620
1912492661
424748838
1929586718
-381101938
879643102
860208427
1156521260
2083976279
1353786580
-1651353764
-1702845035
1679873229
556562295
-1478659343
-711049375
1633780266
-961164370
1400452727
1600913364
-307112056
-1194987940
344459511
1373259196
-544085850
-747152430
-273615017
1622981898
-88309780
1067089796
1307216895
1209370532
-398067540
-22955266
-1624703809
-1817600135
1129839018
1775396888
-1440296209
397460949
-2037394466
1632062056
-246582825
1824822262
975014263
-1088150536
1161109329
-2024308514
-1742880477
1562468664
-1165331795
2117464170
1133062541
1100091445
765545940
-2128568413
-1162342105
2088081163
400278703
833684051
-115263959
-1337336424
747476681
716006875
-1595469096
-60170638
1382752050
-1107563197
-466146805
-82848998
-1776492890
1556134546
-458024982
852586353
-2139159569
-651896480
72575737
-572530582
1369872007
-1291272535
-1682929324
1471971840
1731995520
-239177245
631121468
665747562
324414632
169128785
1674185681
978638989
1325099496
-356666471
-2083046111
-495752270
-1827140372
1186017428
1551545441
265362041
842424072
1859324773
1991197049
1843927820
1727410521
-1356551220
-2073408315
-628556138
-313759957
-245840708
-325877223
-1583080970
155599514
-200913366
1067296774
-562805329
-610117765
1546700839
1228875611
914434339
2102085756
1135156016
1588397806
933135617
-1663126903
992717253
-710713445
175190266
-148051343
1750427447
-609055603
-296107846
-1824231223
-288159802
1324915644
1294992406
-429506544
-20275734
-1511865674
-734407039
175003923
296827121
1259002785
1199239620
-1005702766
1203984585
1090596479
203601901
-605230812
-999273697
403901107
968370312
278620247
-193608280
-1306331963
1593013516
-712454629
107631037
1991208033
-1036523368
-16396449
-1823843027
795971237
1704466142
455863548
-1719335858
214767772
1450804831
1701290962
-280827563
1289719300
546064856
1018362672
829598951
-1198225321
-1642185476
-1384114823
-909386769
-335449591
-870786974
-1104566525
-676174159
-89443827
-378285888
-1447463102
-739117793
159157149
-1613367975
1597198373
2129243243
-2023999942
-1866399308
1704263615
-1321846307
-1631718926
-1355000178
-2069737430
-1183762714
-1367729183
-994193904
1117657512
460995188
854296313
1347362628
-981478646
1747921799
-1307861755
1004635333
-179878828
-188831485
1648430058
1151900342
-1023000671
1612488
1410695984
863021044
1062372420
816726015
-1756674624
1618200207
558903344
-1242280266
-602696721
1853136757
-1750637671
86964399
1840460218
-1843614352
-1396835622
2033772917
-1796043437
939998034
1236828825
-1099722321
-1165276708
-54423187
1985202728
673207224
1285370481
-241433016
-119883730
-397974162
38852972
1320085136
-141408890
-800425143
-1368496157
1630627917
-567295386
999198895
957571445
-1670374059
478923203
545874311
1780113478
-963405564
-1979283724
-466327284
91491655
-801161940
1765290389
1773173219
-119482182
-1172610486
1808982958
1090667374
1668232949
752701179
1296641555
-1384032158
2065327461
-91049298
-434172147
874023574
1881275349
2048759705
536948537
1141878814
-1737306640
-1691811856
1041795248
2013537688
1543364868
816685652
734977127
-1858690619
-2057143800
1973516681
1218091481
850013787
-48461856
1642339180
-1481696030
486103576
1354296798
1613040419
1356359150
746846234
1067807372
664828566
2056761426
585695341
1682593448
1768042269
1460177657
-1478138395
-1099442065
528842105
728520515
1441396014
-1273878754
1222938888
1874088489
-783838943
579504821
-736595404
1849723812
653418584
1868350461
1154383916
-1098092465
651280388
-2085361460
-40939050
1441253706
1453068285
667566215
157168132
1105548898
43691034
-372513559
861383397
1326868078
-89938238
1245457154
1374213309
1715278331
-1470359357
962205825
-23045160
-1332413397
1773083234
1979738421
-835358276
594329049
-728581710
1262610640
1030757789
-632791295
-1326087639
-1228200722
1650565141
929530463
-800822929
-1424049323
1829953044
-1827657899
1352807801
-430847874
-1162213612
-324458991
2045161430
2084715092
-1041765743
-1816278545
-49464760
-2103899334
808497336
-1128911333
-1994418026
1367779667
-371529122
-207208326
203621280
373820924
626732083
156208842
-1873094220
1483164061
-166614729
2039497223
127238175
-393050207
1461878891
423357456
-462599675
336645826
798536140
-1442772086
-1783596939
176947593
395243132
2143840772
-1614764105
157016853
-1978091454
-903235492
-1947517464
-646118
207193140
409144672
1807855304
686013484
-18950990
-185128265
-2020497198
836506429
-701661546
-906974206
-1735753843
2024456036
1505856937
-838433731
-635541726
294443743
-121406376
1472228715
1342395693
2063545947
-391335257
1417686642
-266298665
1388768114
2000715876
-1606493373
1593019428
345117556
232654496
-702844099
-1698248567
-333011351
-612187045
-875920941
599587009
1072809558
-333661570
147629419
-848751136
-1658193217
-901358835
407642249
-1346663000
-1327816595
1131788188
-538978004
1907152922
-1856302735
-649354494
544500344
226710096
-1508751000
474397260
-947770220
-300191095
1483999743
401180916
-1212066091
-344544891
-1934244935
228736083
-1879334885
-599358189
-745683217
-1649042861
-1230175877
-1620121625
-1002602216
-1017761944
2015067934
886270641
-408171958
2116806592
1554520936
-1787741590
-963115263
-417364040
1956206684
-385349648
-1103683042
-1283410030
1069673278
-1062609707
873964337
-1210804635
141330041
2058545523
473588986
-301594540
471850435
-1826119613
-954093524
1754280962
-1067693954
-1534545298
-512704907
-1194400955
933668449
1444004260
-3020358
-651707623
-1437963689
-1907303635
276433831
259686102
2021060518
2035421245
1812189542
1484116645
-285573804
1501282187
-641333331
1414607152
-1088447547
-1762827228
-864804098
-398194536
190292136
201063803
50890794
-1860357461
-1884842732
1938056389
-68396778
-371377066
75160045
8201091
-1387738687
275329112
-1764675956
985046880
1772765573
831707448
1475607966
206679868
-337785700
-1475432839
590943308
-1822298744
745906661
1052696843
1477912476
2092063700
-689323800
-2126628093
1009962006
-319280219
806743063
-1123236210
441500586
-433536885
-1004108970
-982814685
-1702574639
-1805303949
-1021705539
-2095900681
465708529
-2109784263
420817308
1522976438
1768291333
-1270911359
-685503041
-108529297
1185461117
-2133835065
-1176330510
-969983793
1616847970
1631323315
-1708433721
899313553
290560701
1133432241
1888702614
1539683381
2029088825
958548673
-1419352636
406485487
94116871
-207464309
-934811064
579624162
1025826049
-407450443
315536747
1935277453
508322321
1114636409
-1062395186
851156869
1851790548
442036337
1316034481
-1922007196
229698169
1877673397
1843959921
-508095487
-1909727505
139254823
1023128146
1523298016
-1352892865
-502883828
294960511
-1043582996
-1530650571
-1158959905
1765555022
1802944611
-1661552058
-1306329247
2040386759
1462028561
2073586605
-1372324620
1048591718
-608004160
476391382
-1768950231
2047999520
1721198574
1679696640
930396823
-100045661
-1934048576
1674503453
2004777966
657871586
-297833929
-1919539460
1561087563
-1039660336
-1996274783
2117918121
-805578291
225645163
721876305
-559409133
1870008679
650992635
-1038931055
-237464849
-1261436169
82370203
-1987266345
1106585308
-1054862185
1999121144
1083180343
-1492421432
-61258957
1723926616
68124953
1459909777
1338193500
-1122148898
2052722475
1979763183
-1950401190
1519053835
977901976
-2094333040
255297927
-328295800
-1079425415
776743044
1058486746
-1439146462
-2090467444
1884370907
-889254974
-928974060
-1743568605
-491356532
995345716
193669004
1434018910
565700504
1090563079
1282789992
2004998300
-1049384338
-1172726145
369463872
-1591148498
-383845487
757965094
-385384280
1784980557
-951934089
-1999374878
749733302
728314958
-1326473292
2064322628
-956540991
933708819
708457047
-2052981987
2068165484
-2105672252
1112277908
-1218837673
1350668258
-29984065
1866742178
1576516609
-962964638
-425248820
1747364582
693612459
-1358935043
-2095179627
-1148613039
-1274260749
944435358
1646440020
314789381
-1336931233
-1816220085
1015657934
424697918
-1720752786
2114700713
1466826879
-381466001
-1619216151
-1763771195
-1523434218
370094763
-27266434
-1926944495
-896221
153068358
1466577806
-1267804756
-1962785266
1438016700
1321103685
452037093
-1333537974
229806544
1230856171
-210209791
-621068341
1970424312
-155959431
1668185148
1012861109
-600660488
1718836591
256377869
-475698347
-563621172
-227909660
657642926
2056124500
448886474
-1183470114
257361883
647276073
-147995384
-580286237
-497296935
-992012593
-1418730758
261925839
378522553
-1731459912
2030339168
796754664
507737821
1121454848
-27664034
565858607
1457187515
-1593164570
-1945212180
1983239928
1745981921
-162643849
-1875123856
-1534636611
36234040
977854603
-1274367576
1667091758
-428186740
-896579083
1965276109
67923339
1181334347
1610115061
-2058032907
2047195958
-1053039476
1514345457
1629434552
1398951811
-568019629
1354959972
-1876229866
-50879789
-1926477293
-1150163178
990511767
658598880
-2086529933
1138782861
-293870924
-2102321063
-1209298348
1683503811
-404913547
-1491309903
-1596395245
-465296104
1723897691
1010608435
2122981643
653416329
-1490824065
499042905
-359457443
1144053538
614597114
-1920722338
1387686898
1416219057
191932039
-1213606382
830020033
49981116
-1637013657
251041516
-1304185011
1422828468
1409385092
-357962651
-1745348239
234993513
1553467097
1906030211
1562108511
1657180353
-1360548080
928912819
-2009852187
-1120912220
-19332500
133039067
-2047982606
-1508133062
-1252155415
-1834227024
964163673
176479320
143841184
-417936572
304977620
-1688900809
1177155184
-900085022
1356186698
1265897830
-1265162277
-1385875171
1043265108
-1849380607
-1137569235
-1521917146
753460733
573199907
1317114082
-65353634
41675465
212766616
1637757257
1426883628
-1192459784
1408835287
1445811556
-1679359729
1739163147
-8506578
-365879022
198068470
932698759
-780622785
497007
346851023
-1907978248
807985066
-1313505669
785026397
1383253048
-2077721077
2067797753
979990350
-1867332879
-2043825370
1973585561
-1429359476
-560715169
1687752033
-988111272
-765650733
-1930356646
-1344587662
1130002215
1702281091
872194963
-211306664
-1226647862
-54208330
348595485
1388628366
1587838723
-1556761707
-1459677649
1855451006
1782893295
-2134205977
-88373720
-275660237
-163299666
2134921450
-1083609902
68358739
101444937
1904104294
-221946646
-1131380149
-1764697904
1073158398
-715171105
-782692405
-2088062781
-470483256
-977347622
-38322059
1848480435
1735697696
-1206308610
-1213471280
53260583
-1746479431
-420683024
-872633214
-1673132861
-582923020
1257816473
-348132674
-722113626
-2056854156
321760298
-785227269
-1058028
1936006386
-1851370144
-1422202906
1877837653
999154509
1101039625
952838808
689186268
1448221924
-802705466
-1081342965
834710954
-583899864
-1780962799
-113831734
1535261172
-1402935700
539173761
820411879
-435293437
1376279294
871171404
-1530969550
-670162597
-958821509
-826231026
778647207
-1020473569
-205398433
-822658872
604750376
-203646029
-876426021
316365098
1002245227
-1066883678
-1744088853
-1965847532
398257205
-536957246
-1393450841
796140890
-1850473272
-403382634
1501350616
1379138503
566412953
1707001587
-1777137458
-493242268
313739077
-1927573787
-354756241
307779065
39593158
1178691538
-1196803693
355833044
1399973857
493400288
-1858040433
1711105736
1206360546
1583049876
-2109927409
477206392
-2719349
-1714164549
453827113
425014485
1274035017
700438668
-701966162
-2119730204
1392353449
-1557466866
1252868802
-1726329404
1528836873
-1025034313
-640064082
839676143
1890778514
1799248725
899668468
-821026112
822288997
122851121
1063024035
730512692
770148116
-896323471
155619309
646083828
1673679955
436985278
-1081382410
947614610
1022246126
815457574
-2140811026
1939198483
-146489346
411446338
-1572516511
271726509
-1047930281
582219419
359166925
1081811153
308075332
2017406537
-931976588
1049432682
135614582
-2072702243
-1497171853
-1814545049
-1142014664
767849088
-1462717932
-1996859785
2052133095
-234565285
-737143201
-1678268909
-1724575583
1878926138
364065270
598119617
-207673284
192936811
-742352094
-896452715
-510044550
-1528736020
1867045672
-305880837
1169696890
-1364171580
-495413023
-717358668
532150384
-957615951
453662857
404858398
371385240
-1030335486
-1233918762
-1092027465
-494163097
1561071814
-1235700404
225921763
1006171651
1720089382
-1836325425
-2033237779
887071221
-254470897
2139198329
808314443
1824661789
215908371
-1380404562
1507900709
-1938419994
-920376943
-576474516
92324888
1450210745
1200755986
-1524137753
731144502
-443779146
-1852413706
-986856108
-1305052847
1002917537
-753753777
-1740610811
1803630457
-358099174
-2123199220
-202270283
1096763586
-944301295
-1168934567
1597331237
625905738
1540525943
-2031603898
-1526362649
164337529
326629689
1156360102
99919225
952974986
1672883561
-171534023
1777227668
-1423150774
-898817858
-1096923891
1452838598
-2142510048
742062654
990717216
1271601726
-2012209844
-300212935
230056266
-944878874
-1418178957
-812163463
553070169
880659895
1445773914
-71640906
2082175869
-1813096633
1298129650
-1241967537
1097175526
-452332378
1521163156
473134647
217942699
440407403
476126092
-1959646675
1590148845
1805886217
744701147
-1769669585
930059836
-433931930
-1423961288
991155504
2112247608
556324014
1648191320
-202518776
-462692741
-371881885
-238017937
-832498773
-986619978
-1291906120
1747512821
609549213
486839578
-2066127073
-681276499
-1786568795
1483997432
-1550880992
-782554654
2026066368
-339532373
-358238100
-1971701773
-915820200
-1576020043
-119881422
-490176750
2029342389
-1837625817
1588235184
-502496440
-1371467341
-1121856186
-2048899572
-1123454789
1884280757
1543325547
-2080760989
776411443
1323826393
-30232534
1490059810
-2128755238
230802541
-5423690
-1338795115
-637083325
458183840
-363535228
1564899517
130006445
-1722009220
-1030727379
-896968603
-35914873
254649107
1188185240
788607607
1194939447
296473336
1082332760
-1057217397
-1918972650
-1984926479
1305155922
1859621824
1340970687
-98787606
232173218
119936975
434773129
-1441442773
2120798910
-1461681316
-603453359
-1024268339
808341724
-483484273
923549308
-665515414
-242857839
614627
-888924613
2057490195
-1013257798
-2034117827
2067878417
474616710
-1779463521
1620364096
-2046911342
-409946208
-13140908
321205983
-1370976916
150820880
966476130
-264521933
906197675
1082425421
851970727
-1329355378
883333688
1292011465
-813719942
-806693425
-372688990
2035912294
1159532050
-741692937
-114884064
1812876329
-203104984
139873020
1150072534
-2135578579
-1321369639
-1598874915
393128791
-1053799719
1264014033
-1478642698
335477866
-623861931
-23498330
617548181
1387357457
-1403324359
-90501247
-1384481332
930546118
-1130968185
919025155
-1070137208
-203652089
-1188873765
541265509
1504873442
-1764124139
699421920
-376629023
-1347382860
46698231
-1612588794
-355600816
-473354641
-2081855803
-1623765391
-432429036
510145836
-297534686
1033946420
-1603638729
1588095232
-990847991
-2077843266
-276001836
-2003273837
-1626801971
41821844
-1346049611
-834893581
-1275570854
-271858624
1437724477
-2122811227
-1578086464
-512802680
-1417592440
188484605
1375353330
1438993379
-1877837616
537639343
-1913435190
2139956264
-465466350
412472997
-372821681
1314406280
-1493576976
1873624082
181319994
1012216510
794608088
-83903802
-494114889
19285636
2069218406
1114632132
-447155864
-1350078392
1252448775
-127971823
-1372724562
-1349606881
-1055926050
-1397853746
1859974954
1686939130
938244842
1644630153
1407640961
2068051991
-826042009
1113856719
-49503393
-292662087
-586925451
-1308499195
-203266626
-857674470
1003705591
-399942281
-1067720344
-341149792
798453437
-790180431
-994209862
-1383755953
-1541572379
-1427278579
1322711978
820844159
906268286
-823191923
2015779594
-37252914
-824936083
-1698208790
835057677
603564119
821895572
944285676
-1475858678
-1283501533
-465876432
376979964
2091844736
982402527
1405174146
1910425335
-369584295
792444111
1414031025
1316543300
-192285838
-1286951934
-1961186834
957553192
1792411739
1231482311
-1905169703
128753240
-1774794661
-563802529
-176596702
1981874127
-2134199370
-295325709
-1323222157
-820782366
1535726641
-1204373048
-657211251
237319312
1982164181
3917488
-442843471
-518565858
-159653389
717915843
355239232
1191430627
-340091544
-1149302705
860497061
4655968
-631573726
114760716
1289736306
-1666814829
-1782625822
212027540
868663241
1487312524
1392249923
-1479605999
1041903613
-1672676544
-1034934790
434705207
923233656
1440773788
-1705930402
1106280565
320538334
2011851997
219593002
-981911962
361467506
66779678
-722619774
209672845
-1054569032
-2000156878
-541158605
309796161
612011868
728258483
-1639552961
-711833626
-398761134
-437721765
-483618665
655620701
2113667389
-628351854
1439465514
270420925
135769365
-2014851513
1370107678
485278274
373965315
2014309122
-1373128356
405395077
1223280527
826891066
779547218
-264440339
-465455876
-895383325
405401843
1011988581
-1999337742
2004643403
-1015949310
-1515176625
-1167160483
-1678492122
-2092212592
386524087
-650180715
-704448281
1775033539
769446347
1272650943
-1105231024
-1782456104
-448528501
425725554
-1434643892
-1896050582
-1531922244
1042337692
1135935484
-293250573
-748303839
-442173017
1435524623
458603155
1247530477
410882519
-1406674602
1003691024
-1397142669
-1512685323
-2115648874
-603255010
-92234209
1441784113
-1621143392
-251501089
-188688471
505120324
-1078497377
1451029164
-172617338
-560241707
-1802587728
784068373
890823074
-1992215011
950613176
1997360934
-2002524596
-1292365619
1772917104
15107308
902929778
-320751570
1021650884
-504793033
2068052749
-1584535414
-2111611811
1843050144
-378899746
173289418
-810116228
1216094157
974285146
1983855968
2090153225
-223374861
282673122
159566950
656238059
175725212
1513517110
811830279
-254991718
-256741463
-12096725
-1123374563
1192457969
-1783188326
1894657692
1932846107
-264794296
1079758861
1886307998
692535853
2122235586
1816221060
902245879
-1840127843
880547554
-1772927125
398475727
-903124104
-1861655452
1952724312
-1905410905
1381380209
17999178
-1487635820
1774087307
-301339900
-967160780
982540505
1914509443
-1278497058
-1108482828
469853
607504718
1571787899
-328733086
425283087
-1980077742
-453637103
982842732
1444697375
1161621453
1953561260
-1746961040
-805879612
316967761
-985987686
1514578381
-1337829063
1948680046
-1123176440
-1831183177
-335429881
-863852112
992554732
-1560318134
583154570
1523507659
579540774
2002511585
-1890314835
-1331975916
-60864031
-897737816
114814711
284155187
-966212801
-397310864
-2024936245
-989830633
1289105205
-442764350
-2095599125
-2040269015
-1747949390
-1190194634
1591864381
-1718441020
-1454422266
1335765508
-210601262
-863787293
-643605118
-1736337445
287600675
-348965349
1189712219
-1203211023
1068201117
973494220
-544757293
-2104340901
1179405663
1939879059
-803258726
148667806
2001767233
-1475265534
1817618544
1332999813
-1856526824
630118547
-844244977
-111829452
445122615
1918758616
1183790920
903118717
-121188807
-209085449
-1205143444
1082028145
1329938174
2007164758
-911378451
-97714886
824131570
-950183023
-985164733
1119464488
-491370091
312982196
1971986451
-760615159
1411948598
2132754854
570675854
77092284
1593627905
-407949597
-1088202217
-1134176760
-1944726724
-1676312467
1901425960
-275301207
-1383858739
1830886660
-1334758026
468720556
504111359
-821240684
352506194
-1466054148
-1232782203
1235100654
925345617
140134459
2075814334
-1260058694
-55289809
-786948394
781083194
-51959124
1552423664
-1924822701
-2014156164
-446838026
1971236679
214336236
1260037377
-868044035
44339771
-2052421535
108401025
-311492273
-1167632120
261890826
1737538676
-1773536301
766924355
1851101483
1131078359
-306879935
-727323328
-934862965
-1137177041
88601556
1382692791
-1269757881
1529179341
1555962942
-1331437147
-180622621
687270484
-1835795492
-1673240721
-1866976863
792644728
-600096981
721216077
-1822558186
-1108617208
-258836103
-1585598747
2024556281
36061741
661321439
1057077814
-1633699522
473166323
-1136314002
-2080591689
-2056921502
-425667063
-532965977
1853868991
-1909199352
24138436
-896163280
290199847
-40066875
-1394013079
1744203461
-254863059
-819314121
1356632491
12760684
229693083
1455378524
-1151292814
-8683284
896064807
1100037152
-1257746723
1788667775
2025959965
-1716117705
1292274314
576188614
-863456453
1702329133
-2054828012
746174460
1143111643
338253242
-467500835
1866552174
-694529961
1986414170
-199250676
34156074
-1488658520
-1534703331
1540968409
2009057526
-1317680304
758082235
-1519940601
913774212
-179270278
-1136877077
-409293646
-2146375965
-1196657314
1093167604
-1062212022
1703024183
-1667939862
1760424579
2073777119
-1886555476
-1805106530
187496639
868420766
-529363545
-1054334281
1384750491
-1915933285
823913534
-1063271793
-570241686
1592312784
1159416554
-1232157885
-1584460616
-620264859
-361109381
-1398757226
-1057440170
-1643278031
-1337062325
1989784852
770717366
-531546240
-1067041866
288547962
987443321
740073238
-127020343
365996116
743339590
75451252
351663160
-506049816
-996682275
-1377902247
-2012674923
538057810
-863260565
43575947
-862051137
-1948463632
1277869087
1240547798
-1012572265
-1169645569
-504771844
28586837
-306413830
207832454
-374428943
-1817977617
1629993962
1616355954
-1171098842
-348351708
-576143858
-999634942
-1985293672
-1227600375
-1165910436
413258597
-1096731673
-53124464
-174530284
-661351776
-654849426
1125452813
-259089681
13308853
1451875476
1196067317
1759655320
1480753665
802545505
-1397500440
-1504999589
697824741
-923453612
-935250448
1566650907
1579031208
-1827753358
443625227
936476041
-770912612
-2018635870
278567910
-1508761453
-632807042
591144760
1593502699
-1816220135
875451682
1668843726
-172306819
-953902874
-1129135025
2072945242
226217602
1224147677
1074123751
-1502755715
-1608146399
-904672398
-999796149
-1834182631
1892823756
-303656612
-741676803
-155854555
1713611136
-275932280
1321239686
-1450874173
-851457205
-1045439152
978638489
823793810
1163989519
2083686892
533091960
-1255040703
-1130074748
1257237288
-80387178
539600484
2058946690
-1267175593
1129344637
2050637194
-1516900736
-1023270265
1377782769
300572302
-1415672489
-1690695947
-728885675
1088543533
1172770636
1340997827
-176537266
-749728807
1356190028
767379688
-1341471835
-1555530292
158300537
1785240423
776371057
-2047611297
-1771081243
-1489333053
-764792715
2005215131
1848036252
1351873201
-1515071290
432443920
-1321742872
-852579313
1818166193
1091473381
115652047
291902484
-1224700197
-239733456
-1106482720
1694596297
-2103572056
-435342969
-967301586
-1881011016
-2035586336
1602354903
-1681300323
-1161053214
1188035728
-1636783757
470254940
-661869579
-1714052562
809059696
-725550159
-1874505794
885251328
870475055
359400187
1187452380
729559741
2014848314
-1729159179
-500790602
1701042803
-1292918444
628748855
1123624366
117494700
700720842
-27583998
-1316604522
1999555532
-1627080689
1831351868
-709517214
1106408893
-904022649
962150073
1711172127
-499632179
-1810645086
1606991547
-415090909
-919252010
-1088281043
1117696956
1822571910
-1947144802
33585380
1715737706
-970106416
1475122049
1301810507
1834566642
1863203571
-180736691
1462472125
-1266027135
2061228411
415724908
1451222469
-1011006457
-585257469
1803903048
-2135482452
-590806467
-2127013141
-460057110
1250101074
-1665431831
-1961968313
1006789092
543073857
-868255392
-1125213926
-885408399
-1764037378
-1043242420
-719366973
102651866
956046754
-977861457
-539199562
1451016474
74107818
-1473985753
283959407
-254469436
1544848650
-1644325517
94561700
-1070730460
520452231
-1268886987
337696442
-1265160539
-1811567290
-152219399
-92237959
665297778
-1072062561
1022601333
1060377346
566643550
1605326646
1976929554
2128634367
-1397084152
1161710156
47420331
-900530147
168457530
363962962
-94970733
-599401289
946480529
-799427137
614886108
162304723
956409187
-291845342
-1425789994
1266758737
-1507725348
744257914
622097110
-38398879
1997275754
-962709051
1163586872
-11188939
-231138726
-1765081642
2026132134
-886194953
1731635395
1622073451
2128893337
569988605
217260194
-1148239234
889427999
-1511645637
1871119174
-1776883237
1838262495
-1222596103
-212349202
-1513294606
-464827302
1352949189
-1054297168
1726396398
-576350605
527557545
-1182322021
1169282822
974297136
-1818542175
71306016
1356149266
868001218
-308791481
1147869869
1887204704
1537308866
-229834544
560140954
-1419025464
-104418627
-665293509
-1964496824
-315412995
-1210743822
2027815366
553329543
160787237
2114157145
-665602908
1492152120
902137516
-200622873
-1339932435
521211955
-906840235
-78366960
-345881130
-1189501334
294769553
1218082957
-1494244063
-532292530
276797204
-1703654049
-1968188202
1536747633
327757220
-1012772333
-2038491085
-1426455188
1567758131
1005258822
-1677470752
-1949957118
1399568688
1292185451
1457942886
-1511695483
-698076903
1657300427
-1981839902
-2021106568
1859599444
-220703283
1878339573
597780853
539314495
-931204233
962322686
1448041041
-64879227
-106000844
-1845623413
-253203075
1489829299
443333335
-940490484
-1887933522
507257354
1752390111
-917032759
-242556480
1525236886
568671740
1452468757
-633039657
-703536001
1271412434
245082051
375231687
-203302242
533627900
-1429710119
1405063349
52607827
-1189743534
217518723
-56471042
552272277
1965241711
430862154
1899659607
-1034201271
-1379657875
-1761176187
1437407796
-1222537513
-907294478
67785487
1748775022
-11918853
1128812400
437808186
-1949832161
346704344
-998195289
634930178
-1626808368
-1723136942
1426061934
-824945787
-141091626
-1712416100
187167155
520103090
723757560
1934589199
-1593460288
2107032641
1602240597
-1286567875
-1168184641
-434512158
-311725436
574883654
-1586162048
1812528568
1758831100
753928041
-1302047112
1231787528
1840604854
-1286876962
-674351604
1891622957
415780113
1666947298
517111055
1032563151
839323124
810336530
141270665
954963796
-2124241607
-1522124804
1667026874
2085652629
-271455671
512085746
-264500386
-2090724139
1024298755
-1013147358
688031025
-503819794
-1613584159
808036323
1395806645
1938709196
1768040541
1586739281
-1622653390
162679071
796254865
-952654309
-568503043
638490188
1749684509
-141903974
625666557
-436987996
1155820620
-1257433306
987368298
1611336151
-860863623
819596709
1992114904
1950670762
1293498287
-680996252
-502164877
-1987065881
2118417551
-303430615
690158220
929570453
-710753418
-790945912
-1443540140
577977705
1309881566
925533813
-1109754138
-703438980
99752964
534506778
-844417142
-2003596227
-336320309
-557432853
-842531273
395427240
-430347296
1157715702
760999257
896841143
1796305182
-466941313
-608996395
2064922393
85728306
2115009739
-753583031
-1870031583
1242114946
2109844796
715900056
-780808447
-198015670
-656234339
1559390629
313633335
1097577224
-2123437377
-1912542371
-1799323578
212021018
106480964
-918770437
-1095388247
-241669980
-1648894022
-2002307705
868745220
-560750153
1658266859
1165341855
-506652260
-415560785
1990439282
974491513
730550281
-1217215013
520329105
226376231
-1502205911
1407951459
1119128642
-2031034083
-1824120488
-1310796442
1354748299
474654448
1126898141
1186132578
-174984682
-1542030752
-1285814618
-718742567
-107339264
1809303704
1975382584
645237040
1597921521
-1428713549
1518827232
-459815207
-1121027732
-967731838
-1956304850
-1366862668
-403564185
628606604
-403267677
-1597176142
389136414
-1231158955
1824727209
-1276523589
-1175081693
-1824468509
1816135619
1743568593
1579252921
-88219267
74610948
-2013878667
1008024931
-1145233739
-698809915
1399555657
-992884041
-155852375
-572448367
-478599434
-1199079049
1223397509
-587731356
748927055
-632053535
183601227
159664149
-478678602
-312349371
-2004988458
940330767
-745253698
-1125292072
1565674267
716116551
-953059822
217329608
1685494962
-919164823
-43290476
1377820816
-1738755180
311830612
-854792503
1705312652
-1682976986
-2056637239
-2101463437
1525766863
1614123894
1934233438
-1031683457
-2111159500
53166019
1294100152
-812615903
687422387
-1050588862
78795768
-1724388291
339110901
556752415
1674984309
1770899976
233165865
-1451813695
-321682260
-1713220625
1693796376
-1014248622
-493658764
-350863945
1551271799
-1908769922
1542061173
-1684656411
1475479419
1251247738
1424692954
1140889695
-148618829
-1009992377
337870149
-56573870
1178639377
1118185783
-1432677373
-1959516074
-168673719
-1494722384
67213952
-132271664
419719262
-1908067281
-878971395
779887768
-501145992
-1403478129
833549183
1506802650
330186235
-752194677
1736422666
-667509439
1673416662
-1692443775
-187613681
2147442257
-1349800936
349062008
206164770
-188679148
38388424
-1292205468
-475914001
291268856
-1014915595
1732598952
741039726
1539577079
-957615861
1161558747
-413606315
-886238216
-200521368
1837109454
2093794254
1136772725
603337774
1378185422
-1557213590
1380182109
283012442
-432074971
101675348
1350969914
-2102957035
289028583
-1199003191
-8144746
-1766203318
-481359638
1232160967
1063146907
1030681976
-415675883
2047779844
921823481
89878216
1725787613
645653025
1849076236
-1708658591
816920589
1321031199
-157726660
445909499
184039621
-2081841646
1023587751
-1928931662
1952469444
1564047635
-255887363
1290356252
126536681
1349159034
319857580
-1439472995
80920822
384856141
-1288772292
290924793
1667882391
556993266
-1540735749
-1320630998
-722419806
-506485716
328683740
-1861400461
1564505248
-1883345084
-341477220
-1959383884
1198447756
1855761542
1464264741
1967208704
560985306
2070884847
902208567
1748605804
223498170
1094208291
1388178757
1483754537
-1305134179
2130125988
2048257180
-386986539
-1141154056
-1890175423
199159754
1034592013
2141506631
1018257611
998960701
-491916986
-1620585900
-512511217
1069389097
666990813
-1924133704
-1604843009
498021807
1554967147
1906276514
-787021774
-1957826245
-1955399330
732271062
-675290994
1612367917
-659297340
209501177
-694054846
-596218181
-521332886
996047883
-1887198214
2079067157
-684942299
-549239245
1480528974
1061570505
172093295
-1450515518
-204913286
824002920
-871297739
-306793103
314267220
290623082
-1649974802
1393513965
277539450
1809431118
1726792175
1654874261
-2075597878
595313925
1671168509
-962240382
1879949078
-1942738032
634651939
1275800519
948078616
1486751463
-2108992570
1823551225
1097898147
-991875812
-1472360458
-345477903
-1271818469
-571621184
-523543802
1954428624
-461608921
2010567301
469401694
548986947
1185089444
805501220
1175288206
-2034961401
1931508956
-1309408383
1808179111
-616387409
898981367
-1110103796
-1734566458
-1524910683
-1002137935
689003625
-1943340816
658864238
-1878432179
556377170
1837285669
-806061519
1859832009
1780326076
1621933999
1678347641
1937751890
-1841917384
-974145862
25812025
-2024068103
925348252
948078121
1778322960
-1234357081
1920759266
1954236838
-792916274
756244814
1870148175
-817249285
-320915145
-1175459487
-1994897705
605858720
-1817777658
2146690181
1042060479
326544532
838975284
-1676717432
-787474044
1680946031
731776889
1120218770
-1249520645
-1317513800
1196959251
588317081
-2007214151
1848404852
-1137447227
1089382426
1897706164
-2016727554
1136737826
-2119418107
-2068870870
-1832161251
1861964299
-1975948296
1340967873
-1250704557
-1113151883
-2094631760
-1321292817
1575329395
237591151
-1170679365
-573721957
-375662218
-1860804253
-979212174
-15983356
-1993043315
-1335622501
-868026330
-1969462303
-129249159
1120565511
1747732121
-8974134
-944933350
-397439684
1881319344
1635861974
2105170758
-909069376
-112427931
-686711932
1279631068
-357765756
1861068034
-1941276450
-2064873960
1304713393
-2111085941
889145819
-1338213081
-434411609
1923636091
-1857275899
-1029698306
1942750273
1099937715
-2124527269
-2042307994
1473192798
1856079791
-463206025
-457571749
684559517
155314938
-2088951565
2032625559
-2133927321
-105928220
369196809
-315374232
1938421297
933115505
1457453433
1303944138
1066046722
649742483
-1521056081
1321224369
-1114408909
-161511012
-1538230748
-2126781787
2044556917
-885456147
1024543492
-1113347948
776966424
-1091746829
-1165026032
-2037507357
-204695158
-1366133932
-331242555
1115099589
662121245
599113572
1346719678
-709794608
-409666292
-796597795
-1085532586
571668429
-1362702145
-2057327921
1868354449
445923535
-203784115
-805124395
-150182341
-1692820602
-1798246077
-1445186423
1206512209
-785515052
-49680477
2133663033
-24529504
1323032993
1965307183
581174490
1865480876
-2041939989
1866473703
-598375108
702428626
1754429728
1077404367
245958783
1569245360
-979425617
-431480844
-80595259
993290180
992301532
-607104335
197593896
-736412077
1996717011
-1585288402
-458374162
-1526993781
452682496
-1966246871
448602619
835109867
233214365
1372012536
385657734
-2101877278
-1366507124
966091214
-805706225
-1532876618
2002528614
-1080690884
451066768
1275651751
-844036397
-2138241541
1791262450
-1813701804
609942043
-2145160728
-1772993598
1473540956
1290012413
709939023
1401716004
-1808321977
-419017025
1880724843
1607407623
1605112487
-1090857082
1335850285
292193434
-1230535558
-1692601113
-216410052
1497326333
1440083410
1292051901
-1490498499
-31733956
147771831
-1159234756
123002452
1142179960
177799500
1095163206
2075306729
-553496730
-1428276433
322945021
348726702
1408522237
1336859941
-944890216
-683287071
284433003
-157512713
-1031024774
-343346
5361480
-2097351274
-1292270208
-699061097
602080013
-795602555
-1882844518
1882598711
2023140551
-1409842313
-879837283
-1039110716
-1700299769
1660093495
1877790038
1773149172
701534748
-1588595513
1238463201
-2057983007
41425539
803241932
-1049432773
1410626064
-133794146
-19862231
-1555925994
1274173871
-1126698844
-1622668312
1586243564
1180056350
681716185
227137121
-1092661929
-1608083792
-1509574658
-362957675
678324638
-120408143
2123867657
581697754
-92531566
647791531
959826969
-1923304771
383947675
253327845
-1271647581
1673221155
672240141
759539500
-215943951
910337201
683576000
-2098490923
1371494093
1358204781
-818301218
-1647287807
2058486137
2106152613
-886925826
-633091550
-615015455
-250930673
-1940626574
-2002291778
-2032389613
-1809769679
1855196380
2054812787
1941250030
-73374717
1544453639
1772982074
-1880853735
2016261073
172971507
-623688209
1555822647
-367602074
-12232399
2082930448
430401368
810010982
1063990641
-1861106748
839410610
1755468795
1753246297
-276604385
-878296432
54850740
-1498977385
852803492
1423887753
1001933225
1367035961
-1829156853
-1696304139
-1597483294
-1795120325
-824417213
-1003905123
1346457337
-1401280159
-1708763719
14688433
-1256340995
1281601607
1367495130
-2039552770
1462654617
-1570620746
1898240471
-1708167585
1898017140
521805368
2147044007
-555238284
-11309349
869328365
852093265
-1903387246
624317085
-2050355553
1445326699
-1037853959
-1700130250
1621815316
939351005
-749013940
747429167
-1994168412
2065861610
1642159677
-1101199420
-287434742
1667096689
-1326548857
205290438
697586302
817886063
856174369
926929859
-2041643774
1084432839
-232752464
-672037789
-1600189956
-1701483195
-2081803204
2123610132
-584231676
-881853728
-855969754
-1540243223
1890253055
2037494079
-1808067495
-1254341441
489190252
-1249461378
-494625344
209291169
963324157
-2143357903
593774839
231045229
2134777705
1351711912
-1426582972
-1716296777
808714368
934020212
-1792982840
2011001068
1495120511
-739211990
1122988273
600591802
-321236571
-30640538
529355314
1378069423
2086254342
-1824473582
-716239882
526808096
-185223010
304210152
-250774063
-512764340
-723427672
-561236172
-856109320
653038528
278940208
-1136645666
-541064973
1324494588
-1451431705
-1319715929
-1869448816
-192421802
-49442250
-1602297166
-10766310
-120621794
-1102716523
167278150
-907499061
1891269890
-2104303076
-198593326
1839812990
-216372812
-564797607
-1091000784
565753512
1872790729
1291513700
-673063378
-1056944247
-1320362012
-14317007
-329620663
-404006243
890872595
641647141
1554169275
-948839591
-224240264
1163260395
-1626508617
1468673555
-564315093
1560146823
-887394318
-1333041343
905333599
-1344392022
955591525
83489253
1572545987
827341896
-1662026927
1322983752
738702890
332887399
607611523
-1941722651
-880087187
466244410
934317273
-643811928
-649814385
1616978542
-792356860
-998865064
1837873954
-1546642494
-509393778
2052120912
1518262762
-682128419
-1554924770
-1804819595
-63527489
1133388891
-1734274565
-52407197
-1976794441
81185320
1898028750
75270633
1539686275
-1993050863
1806246059
753820855
370538777
-993790824
1618085457
1340183381
888247443
1045212679
-1208855375
-984936361
-275549353
-1831426105
-1990463060
-2015031346
-1750645385
-549095951
848320289
1517801473
1656495705
-1227039707
2137911846
-770555555
406400922
378353818
-134368620
1410382249
-1960260049
-1674376074
7048905
1778329213
-1513347635
1071002976
-216203352
-599297292
1328299658
-928338862
1625602276
1450448032
-1358743356
828235187
-847044226
-1478888514
-2069699775
1951985316
-208187253
821830314
137105303
-1437498471
1125945914
-1674635115
1690061006
-1190667220
-1798522603
1982358388
1819136067
-827697107
595574663
-1534917317
-27261745
-1388070403
-1222279778
-1810894774
1639749671
169523740
-2088863984
2051888935
-384813435
-2076262401
-880474749
1406583662
-1114405752
-1931029466
-1580702968
-1068816379
342595416
-117104786
-1576052504
1246061203
112675597
1455590307
-911173981
-1831411662
850467664
-524592807
1852503349
-1296344734
1988321859
1829682939
258484891
-1686644415
-421060194
-1126111964
1840820628
1996915704
1787017754
1796199469
423618988
-925642632
-1853344495
-1949227258
-923552907
770255206
-1386412954
334993225
1237519639
124528979
1356291234
-486754676
850096907
-1990662608
474320223
-270767882
-2034431709
-1160708096
-1942094872
-1818954476
-347484211
79718095
-728718303
1173863661
-1988335209
1110707170
743785380
-1213991853
1264006390
-1563561425
1125028653
-138024837
484752962
-2038083057
1937584695
181054672
-1351692796
832095281
625158374
-639549181
-299788428
1803790290
1159930919
-551582618
-1512780996
-618186710
-894119915
682789498
-1660120446
7013673
-1944456034
-739826490
-1981762011
-1080048797
-1428801434
-1605323286
-1986496955
2016061255
1520807403
-1323195918
1303238153
-173097065
-1303605527
-1876299793
1943232411
1145897747
1360841214
1881534660
247702647
-1796536969
-2137766255
-61866179
1683095013
687572904
-767491344
-2033865371
917000643
1564694313
759591096
2139222808
2065031048
-1010290477
-1900956807
-5033514
1418680709
633248453
310420889
709698010
859885164
-903419496
-82196616
-937165718
-1852430570
2082006231
-2010022699
215971696
1646738560
935378606
1459305583
-538352054
-1656698346
-972598560
1917556207
1919226845
-1198276556
-1073028866
70922757
-965105168
875084521
-1003702827
35729616
369834422
-716332803
432764968
298420866
-1801242196
-284184779
-1912009570
292181571
-1023243099
137655252
645285117
102439766
-1343986142
-590840219
-43135336
196579450
-501571609
-1115502665
-1970596858
674590098
-375302966
-2052581847
121701908
1901278087
1892734157
688513575
123731964
-1064235411
699549295
1534099188
-1365689642
-1663879708
-1091794625
829983657
-905870258
220164032
2030316977
1156051069
377236630
-1696753428
419599924
-872485819
-300785762
-300066677
1581618563
-393349570
-1245028990
-1847500449
930750011
-253659126
-1495972284
-1550654098
64608173
-1776245768
-668898118
1841700834
-487805963
298642312
-607492919
1302534448
-1953717429
853793325
1707032787
1104415101
-1074028392
-2097325996
-1987399058
1141701948
1237308236
1490852517
1672479317
425107483
-1644891538
-1735769720
-490007645
-1015000545
1594725620
-311268118
-1127160259
-1111758067
-186565804
1365887040
11619472
-509095924
1285086810
-802630965
-1418606468
1328693127
2027231035
1241311262
-320552049
856356696
-1400490773
-429732643
-1969252747
1795594530
-912272725
1479984070
-217771089
271151357
760660965
-1251840267
-312374909
21332568
1328638267
-1548680861
1919971123
-244187365
1277149917
-269056849
-1720503951
-379548404
1146213402
1144993568
-595340783
-336134797
249048121
-645380630
1782927104
-1143317761
-897341303
1909680048
650052724
-217943574
758563767
612047690
810516069
1966814812
-1557395873
415600327
-1149866693
619425036
-1411748636
-32476491
1476178376
-321897939
-749087100
902839711
-553864073
332429959
-357117530
1312924630
-2101576763
938937059
147216758
-1252767884
-1838270991
-1391205973
-1929422669
-834542434
1141058031
-1460134190
266929607
-1313505784
948454305
482637297
1846176791
2090487229
-482169016
917608114
205043356
-723354080
-1539950536
-867420303
199692210
571600685
1529241291
-1063999969
1827940912
1364823044
-1010935401
1712063338
1839122360
248771752
-845449757
-793277414
-905195441
1597800451
-826766506
-1715170114
-1872900305
-209331667
1265661681
872291207
-301537061
1782956781
-1204235970
938415219
-738484620
-1103122305
496325577
-23407699
1392374347
632314519
-1445486129
476527155
-1264729674
-1348963930
-1253677003
1500154041
1107585063
-1956313509
2005010619
1258880205
1550778234
1882744172
128730225
-1024680901
-1784950387
1677618069
1329305961
-1826368846
1034211093
-878471712
1622820781
1155122598
-653647953
1433817639
1664889203
149258872
-229826763
-651275305
-1470756209
2107337428
531455059
-1634864906
-267154648
-1507949733
345926745
-934425754
-1408132690
1126533249
2024187986
-1790752150
-876830709
1845620151
-1614534828
968271977
1057128472
318057163
1417054745
-1226467086
-1647649966
-2117928049
-1369347122
184273664
-394288692
2033546681
-1956344789
-1734685826
-65332121
-1372448503
423888579
-1096872948
1775232577
390938033
-187946084
1332220419
-357398165
482051312
-1912484606
918950326
-1709985058
-128503809
-1465313641
-149980677
-1464520274
-60194511
846873007
1292186601
-151833217
1883671381
368884442
-682321182
1201569848
701240158
-814314303
-302878509
-807698697
-658872251
300360757
1199198906
1160085060
384324910
-907951739
-1015910040
550792584
482447817
-460510449
-670330232
1131865535
1989235963
-413960935
619814367
154756972
722529724
572912353
2067872468
112133069
2026669634
-135879438
-117751245
1239344464
342783327
-808863560
1553401901
297626437
-1205616089
77000022
1877000867
1567542484
-766329387
-321130057
-664694877
-1742964944
1376180206
-1902243869
56811570
-1929012468
1879249062
-81086061
-1938338997
-49898162
111062403
-1047803386
-208728793
-631611646
-1767500736
-1994551019
-885082433
-1005350768
-1498157069
923925381
-1925000817
-1208253391
1259668593
311258268
-759989349
-1436077153
-2004134927
280960246
-486064202
1332374795
40598255
-970976616
154447361
-1696834732
920217170
-1189018043
1161197746
-2078286475
278382544
-566179312
707664150
1389715774
254798993
-1828059854
-1298317096
-104647354
-630334958
1175476509
-1125213309
-660830689
260494668
988955600
-1358257084
589200075
587118612
870732653
1748866036
1467884655
-1530742588
-1011908856
1769974614
-963037882
1110870043
1010677953
-1249813092
-1861831976
-430249631
-2063790828
-537845968
1950619498
285419726
556196719
-1635197776
-703686984
1300304940
-1483852796
-1160946119
549419489
-578463301
1268303584
-783672601
1702741666
-1603505836
-1750806468
-289914724
2005312966
-938576944
1832615443
-316148735
569457885
2091549866
-328840460
-819000118
2120871723
2146218466
1116088856
496030269
-894682653
-1516802524
526966967
554073076
-750674027
1967655209
-834002794
1577614049
1199527652
-27276707
-1523370012
-403386734
606318715
999395778
-1325045177
1676602037
579823680
-517070061
-1800911056
513405150
-2119805494
105348908
1872138614
-1567210872
-31051759
1466298280
278498338
1152888665
-772188060
-535844660
-1775517560
511296426
-1342775137
-1861343837
335122838
-1282671802
-85966692
2053808745
-1517866896
-861414288
-1367314711
-607299284
375965243
-192987350
1339510971
981558448
-1577916616
196166836
-1468549853
1142517139
1008116501
-359087277
1894600575
1976534449
-327301505
1538206291
1902339378
-42150455
1764827643
2070618701
236724887
-1481899680
-933500426
-617452115
-371995854
-1458346779
-1638104038
-2006266514
-232113880
-957181419
-1887152670
925756967
752902129
-1818186080
2028824688
1977655627
1331611211
-917530356
585495965
-1406277972
399846257
249690073
-1897975214
820677185
-2020422772
-806316314
-1815221739
1869503016
876214121
469612307
-1547649050
-1573111571
-1872170131
1872442406
1566124108
1453494284
664621509
-1221417742
1628532906
-1080957260
-1548338207
74242485
-972331050
-578838323
265117474
925392066
1372093419
-100193732
593850577
130341215
719675742
-1201925531
-1654096557
1552125168
1577097039
-1681662991
2002744986
-316987820
110386465
-76118831
1374664159
-526403698
-385749684
-1011807615
859989133
549821864
-2137714319
2125819537
29687936
-1936686381
19162030
304611168
15822702
1642979027
828625203
-1913525974
-1648405083
600611225
-968609259
-976399547
-1538808842
-684084175
-1844180382
639602087
1396609265
-1205593122
1220724852
-66448725
-344493743
-337114238
1055462538
-136093420
1156129722
1323605827
-1471281772
81064529
-2032073823
962887275
-842379443
678154498
2038273930
424460176
652721551
1035834299
-1838584199
2140367604
2058129634
1369161735
560062626
-458146002
971477077
-1268000338
295479138
-195519479
1430971537
-1831165382
-19234702
-789203029
1609633834
-452637512
-1088139175
18514425
-322397896
-1675908677
-1877772254
-835003846
-1474807770
1160417189
1465733711
-616301830
-1357471799
2095973161
-1788540147
-589021136
1672360628
-260119541
-183089240
1124510627
1396062665
-1448598998
-1317121728
-1923626104
1903194131
-1209286977
784381629
434104176
-1364002861
419438055
744462848
-954689696
-300675880
152202334
1637817434
1889675585
1206781971
-1801249396
1431215681
1897887866
-613971862
-1617050170
-4602304
587537371
-803941172
1469961421
-1691450577
798166460
2089077637
-1234832231
-995852892
352203365
1893528274
-576188324
904244393
222388400
-1160937800
2056800193
1818165678
-1402744595
-2090901487
1453675124
649813953
-1854073339
-458510106
-682289178
-421899781
798819553
-693300732
-1980989615
1758934333
1967140364
2085670345
1282784250
166512924
1214238102
636933182
354982325
1716280345
-457812677
-1712528278
1735167406
1925121813
130020549
-1084066075
-622555291
693808131
-57621330
-1709687381
-1586430470
-1627673633
1863350025
-1511568078
622073258
1288669150
-54152543
1852392125
-630605415
1162600934
-1353089950
-1446249486
2016122321
1638961215
2090685175
-344935510
1682365834
-1679116149
124051636
211785736
1402546603
1536828915
-970037322
-594137652
-1765917808
-1957081437
1721977929
1187517672
615557134
-1736721289
1638687113
2072969812
798731955
-1031942922
-1049895861
1845494558
-2124627630
1134296190
-1020719043
644439236
1477935038
1085747393
1364745035
-1923244347
1478962132
655275631
-5512380
-731530891
65329598
833611316
-759166531
-121819631
594141302
2047255781
1757461045
-686248942
-2098573687
-436653323
781383289
1185460165
1438344989
-575865043
-270514870
-359729637
-1965659339
1253666972
-434641092
622254525
635974450
-2056725557
1028912608
1953361251
-1308468068
-2114513099
72274213
-1365547162
-1727328222
2059428597
2021097210
390738579
1364501471
608868289
1324998968
1055045697
697736670
138268950
-646322753
1823389605
118872800
1140917940
-275835682
110280292
-1302209188
-1711126195
1056973304
-846326167
-1595307834
-2131126663
-762027421
-940884744
1426705684
-839878676
743132819
-1911015677
123537021
1539826153
-1977061001
918509244
-348514941
10028281
-960206302
-147962261
-507612365
2112161496
-1766202450
1872915584
850314667
1599264432
-1542477987
-1796277012
221100253
-604401527
-1758515968
-614315093
1275142033
1797858302
2080984476
655701157
-1374052176
1854550580
134282313
-1658278730
1418818750
-477538552
474884445
-1658662901
-1751451736
-1131327097
-418827318
1524498863
-601877825
1121632162
1295092932
227668069
6275844
-1697685214
-938970714
-928541513
-1226358875
1382684121
-1304240106
-2071561137
18384071
1373375258
-1541134234
-509938044
893929094
-564999062
314884669
-608569801
614043705
-733861002
-186693770
553696480
442340346
1028666184
-524830393
-1969511709
1713532517
-852452683
2035250085
1623232808
-1023155554
866150938
1197109991
-2099314710
1451053720
394905671
1519439785
986746574
-819169387
-1285348678
-2076076813
-1158510026
-991387928
-1671682801
1119507609
-322833961
1200254722
538850231
-798417436
-48704376
888961195
-1358078488
1607776881
-976939683
-1444079473
106035924
-1461627559
-283251212
-1627493125
-1128110564
982904978
415154702
2128176105
-1421373561
-654750572
199432288
1951737145
-1949412882
-1092409793
-2058826581
456416577
1954727291
1107881723
1966788362
-1509020793
1462894866
-765762784
733480074
-116344372
-377356530
-12803432
433003775
2007482189
-914974416
1533849539
159478293
-1561234364
-38416429
772044954
-1475591259
1016117684
963432548
-1447703018
1285088585
-2062321306
1675259666
1443425746
743026994
-1156546002
-1835333695
-961117713
-442313672
412116082
-417531325
633813815
95110962
-745991444
40121801
1410361732
34834823
-999535698
699828119
-80267678
309653765
927272294
-634281737
1121609203
1620419312
-2132763421
-1276704657
2048705043
-1848997282
1849941719
371812917
-574057541
-1554915390
-1049228834
-243663902
1139199658
1041634757
666236095
-1623464090
1445647169
-588103844
1790936304
-1757482692
-1086461266
-1869724906
-719650465
-1366176291
1107550541
-1770360907
-1597485713
-316679559
-1079745718
-208189952
-600551360
-1348129564
1069219722
1968147415
193399859
-1530974514
-943065909
-419955577
1077750444
-1651558345
1110060297
2047421023
-957874150
935845153
-1821045981
-1105369725
2132495412
525656710
-569708866
-1981432833
-1807730044
1146687116
-1876716951
-1377409249
-2089195736
-1774434314
1342416898
-1778632195
188476375
20429022
-305834153
1420944730
-117589726
-394991455
-656964849
1015358641
2023342076
-1364197095
-80611381
-995546999
68071292
295482129
2071652743
836030987
-783988000
-598708747
-1807981754
1568707539
1524079572
1777065673
521047278
400624650
-1599961868
1994975836
-2121929872
1881713588
25131151
605132476
-1794965717
-1402208442
555505582
-713582612
-864885614
-1138135941
2009316692
-1190431788
166124299
1596881255
-1102562810
1726837112
870503962
1403121867
-93764723
-662583444
-173966146
1922791339
405855482
905231751
546192155
1478912030
-1758119191
-76368425
-1239659944
-1021901468
1067051018
857952468
-1305750838
1341545789
912272861
-432660265
-1650684847
834300536
1263453628
423796940
-1061191422
-2008724279
1756698142
1042571814
1682953734
2030021087
-1764851687
-896031213
-139149631
378506166
-1110539992
-697707023
-1697841610
-487698391
-219763410
961842943
-2103010647
-1875542582
-1574714182
2127639895
-242505851
-240938506
-787518580
1218331163
502745472
2094472227
1222132568
-292634386
-409708292
-1940931973
-90542391
-1764773722
-1080473936
-584463442
-243351352
-598328513
-1192548729
-1409095165
-1257825283
-857409262
1990984903
-582843471
-297613675
1950724933
863431030
-723311508
1292744262
-499623547
-1831981576
-292666303
724179088
594484978
1869023484
-509235290
-499934396
-1090850213
-1639484263
317906125
-1688192695
537576875
1180291763
-932855240
-184905827
-887924574
946598819
399639185
-574751078
748452551
-893033705
154304955
-1443030150
1112275100
1742413621
-588728540
-1644218851
-745166829
-278585850
1743671644
-326502647
-1711585215
-1904458479
-2008744213
-1269278287
-1069668272
78493510
1817800798
-1685027079
-544224838
-1017471714
-1244928093
-916564999
-387059276
-1333146881
-463345514
-1276090111
-1163272729
-121443868
1175051995
1349670108
-169766811
-1964964291
1309854957
-75624359
-1465030950
-12277485
1833392247
-14436858
-1355583231
-1750343825
-1615018014
139358782
452278874
679007228
152814895
-2076577946
1136917273
1838538475
1580333573
-1608793485
1544709217
112209942
267966733
626564014
-367363150
-160401560
1378822269
1406484411
-2084488802
-1997852805
594026995
376409303
-1282875454
1559785090
2001484675
-341045152
1283340788
2092786024
-353047021
-764874598
1763458745
-374352583
-267514651
-1339085137
1357169401
1375630017
-486768011
2026341623
-249285387
1187942514
-470579580
-582457990
306287224
-697647478
-1210146444
942070962
190516812
-510955148
764940502
-1809032044
755177711
-2120913297
457728321
433042385
687390855
-448799123
-1471852187
1905243480
1257348114
-741463235
1049842271
382882847
-986008095
-1691874581
-1114752691
-2051852509
-1235670714
1021074790
-1032653275
995690925
-366319732
-809385885
-1932696638
-870773802
-326150105
-105775742
-110459585
-1054562484
2091698220
1024177838
-1482636152
1760889941
830397698
1517810888
-809171411
1986337555
-2111537574
-551060345
-407067015
-492167926
-249369764
-325710439
-1995852861
2053116639
-785322206
-2027950066
1404041731
1172740706
-1357092759
379089910
-936987736
1436004558
-2041309051
-170506424
1634988967
-1557015218
1607134613
-837499387
80485591
-1218228285
612973560
1196927132
652278395
-1661165628
1234410239
837858448
-1515106784
-1356048410
-2129241885
2099073879
828565161
-846796484
-130041351
-39046267
1958646952
197206817
2032301859
-2080810967
-813264914
-1540592844
1604136842
-57591177
123019876
-1485835868
-153435767
682746278
-1875203044
-102079059
97173228
-571796197
36656290
-874779039
-80711591
210570439
-1663173224
87059371
-254141426
229065676
-711767423
-2067905648
947487692
-783330970
1551159772
-2058469448
514969106
2130832392
-1412314251
-1392165075
1233014414
1651407557
2141179894
-166674335
-2124881456
-1457530639
-917799484
-1107064971
-1212297152
2004561928
774772488
1549788344
-719950766
1337461709
-1971950325
-324968595
-755834889
704842934
-1872450362
-990918448
688840022
338615431
-2120359751
-322831525
-752605509
-1083356868
1465203707
-564737467
-1639374385
902081067
-212434286
-951130806
-574035447
-1785466006
954082052
807056561
-1270507932
1505368941
367056173
-1952747125
1305257554
1998305012
-1926376877
1351024184
1972423152
-1366560989
83098231
1225933615
226195834
2060203506
1558412013
593368061
-100921344
1067998407
1353370158
-1436622707
-392077991
-143986336
942083309
-1682458966
-10099880
-650115850
1804417127
-1081780286
2087072318
64668063
542279167
-1281464595
-851699602
1846833651
15731721
10089260
-776955545
1904336626
-1492742171
1279123957
841080813
-1956239323
1780802896
1460338159
-1105617015
758675970
650407670
1907666425
778279220
157566612
238326858
128882800
-558155954
2034361435
-1570291558
232437425
-920488747
-792742032
1964883805
-1408852772
1600357330
-2129508116
1779861967
1838086619
-1587419370
1078194314
1020385727
91001762
-940117210
1575154827
495719847
475939767
123791987
2006402009
-345347587
1494726645
-1190450994
-1051251089
80159688
-2104165492
-840363494
-1903902729
-816799627
808389707
-670779326
565420212
25618154
1645084705
-1904382867
-1972264798
-1152303653
-883327264
708947824
1902792923
-1926868131
-967797692
-829213308
-1243590853
1909901752
1434328628
-971312840
570239047
1337146752
1020222279
1329486248
-668798134
-3925786
-442081911
264658927
1886981312
-564475829
844785022
-738474023
-1382051080
480846870
-1405851290
-1352411171
-1072985868
411378630
588664002
-662465462
-347618413
-481546678
1004506134
213842367
359990513
1815780239
-494247695
13429471
170256910
-624870565
-1154964950
1687143749
-1671852371
61601113
-1583881109
-1985097290
304221054
1435096692
-281501965
2051277717
2108830334
2130190183
-2140383081
-1547650149
-1654641250
-1586026347
2103124233
-2137292346
887153570
1720266517
1791023708
1836706450
1473922892
1615355665
1955010247
312548198
-14093127
-207442096
-1258778968
882287185
1360511242
-1505795568
749171404
-37055243
-141680571
637222680
1894784749
-1034933565
-1876654723
690346766
-845811589
759776872
-279174863
1585152005
-1181727329
-1191402874
2083103218
-545485990
1543104636
1037407655
433642311
-528722752
1148545719
1963434350
-699828524
-321981800
-25348807
545210639
803410872
-1407291515
1631473715
1986833152
866220087
-1654307521
1242113890
-1169393168
-964707943
496316584
777244307
320696568
546537041
-2133937380
-939685271
-1649291505
832028256
-1635855092
859545950
368960963
1488496123
1744698829
-1785480953
-768809178
1919450731
2141451437
-1060617317
-111141115
-920665804
686972743
-270548555
495717216
1600698745
-1028108008
1874320472
-1624635371
1689868190
-1893285807
-1138648268
1772913117
1772362542
888599534
-694928601
-1005656964
756233983
-851362041
-1604818683
-1330005964
567235476
-1129079451
400942236
-293166470
868586434
431818071
206163954
1362574828
-443105387
624657094
973876944
1164770689
-1020020365
-578261113
-1485874557
-899707135
-337010302
94330096
1380740577
-1921879880
1333939015
13730477
-193204854
-1465799066
1027860879
-1740585260
1827287151
-2016872071
1256526994
1870312245
-1620357992
-649621379
54038100
2050812919
-1000698847
263629267
2057726286
-470680736
-682774907
-1282452064
12481870
1393460979
1239710238
-1611134200
-192276838
1684292031
1229021676
-993962852
-217978021
1442918389
-1170193515
1545359376
2121130809
-1551429700
-833846868
-737348303
280800578
1750072129
2030566965
1430607893
-1538678769
-1552771055
-1576486552
-1573496173
-598310871
2013882282
906696885
-2064285451
2062600360
-1908011698
72555016
-1604395540
55597597
957521178
-271124658
-472561212
-1338526799
-1248835497
2087845430
947017944
331094670
249821968
1057398843
362464583
996037501
246857444
-1872560414
1224949735
1724043983
1658386205
-164923328
1585241209
-1159559551
1339345408
-1488783425
631213342
-1115971942
137186150
174133024
-102997751
1327232984
97336459
-100525117
-1008174474
-1282077557
-1744734939
1759378470
1963782107
-1958506561
-1719121480
-371844693
-1124660132
1502811808
-520060120
-703346019
1684513667
-389516262
1066908559
-803450764
1909943343
-22828353
-1618922416
858781272
-1542351155
51681518
985364844
1604195299
-249228602
1884013360
-1271110124
-1894778837
1495283512
-1004347163
-1358930306
-77004545
856802023
-1133572321
-118304004
939156079
319121269
-1802973747
-2139922359
-72523119
-530492463
-797693157
-1550048986
-1683026558
-1066569235
-1814707943
1570964773
-1252743765
539249587
646408602
-503758653
597709893
-1510421703
-664155042
594094780
1027726878
-683980238
272509811
-123463013
1667719324
679191719
-1205464617
1018633360
1282300674
1542275815
337430626
-1175023995
-540702734
128798396
630764770
2120088178
1582582578
-551909409
1103169415
-1704803856
1824831410
-1720620115
1065769601
1141731084
525955533
-1277778919
1454581735
18267742
-1580666417
-1322978844
1257454042
1090696793
-2060719433
762512908
203389162
-1257938973
715446589
563674753
1913502904
-1943931865
2000879381
54819358
-335904037
1873712042
-855421323
866482134
-862146553
-327951716
-1040840235
145585454
-1705918612
-1337923984
-776463371
-25329686
1758659675
1346478254
719023140
-1892208885
-1781865937
-487693561
566866622
1244641016
1168842346
-1505146711
-513699339
-138179334
278114589
-779173675
-817498412
-2013508115
1915467661
96745134
852756097
-819864524
-1455133421
468247122
-231466046
2003495149
-818393532
792336174
1564383426
1368415333
2037828176
658350989
-1170894573
1112166862
1137649327
-178645646
-1730113546
1475648047
638810361
-1913784152
1437073114
889453211
-1915299051
173302295
-199102430
-2133550683
1536703894
-1722393512
-681946581
-1142075374
1004371041
57543050
1782369933
-564473648
1725471122
-1187410330
-1809393249
-108995545
-966049120
566827664
-1324566976
-1846611411
1761280958
1028956720
-1979420204
480852095
835374468
-1801773887
-1766450035
-2060613843
-72044338
-822715096
1113637355
-1719152394
459863268
1984681736
1813505413
-548906316
-117052454
1236526420
1238730761
-1973324263
-1741805254
-1154062811
-449251200
-317082725
2147024607
-1684750387
-947194410
-912605267
-747412445
-1509514453
220456089
-244031697
1042656060
1179656000
-153543423
-923910362
-260790045
451729922
1726125360
-1166373969
2080059958
-193625488
1174039481
-985234896
1248007390
1478610918
428611174
-402296111
1746070900
1452974769
-1528743627
-1176115926
-780632032
796203494
295070116
-2040015811
-1542621309
636007023
528638510
1623602598
-307319338
-639646874
1440639508
1392657
599549011
-1163727963
925300064
-1587927829
33295571
-480951139
1796718886
1878536539
94013880
511733351
-1902710771
169511539
1698170892
2051852568
-2070484211
226556066
701814762
-470585512
1697581689
1418294893
1745413916
-1547909579
1839680320
-1028164002
-211435003
1421325876
221484143
2123699260
-914538815
1904402857
-1965076231
-69622405
-855296374
-1153274808
32661946
-1216062218
-835522211
1584539643
254061497
1733359067
-1041291300
-1544733963
-2105162067
970430949
137215861
1619104518
-2074964030
-1408731439
-1195203388
-201934288
-1639275364
784774922
-1077974986
383049851
330566299
325964198
-1527021330
-1649266939
1885046369
-481860203
-668771861
-1231439780
-1899731056
-1012460521
1372097898
-1971283440
-542978856
-372961682
-55577976
-17620094
350725168
1841777365
1061183787
208475650
-1722422430
1056216240
-574664669
-1989324263
1460466893
1124854788
1765192075
-897153502
602649702
728623144
1186050421
1102295583
-429041409
-1687350852
-1254868283
-1538222903
-656427572
1727358938
-525638051
-1400678936
-1344782302
-150305653
861091962
2045116901
1272227200
-174123908
-2014293923
-351032675
-1052754477
-348154383
1409445421
530989431
635952629
1379242746
872346395
359628472
-1149645194
459786979
-1292845113
92826133
-1001919841
-1131479312
-1798499103
-1686611831
-564253773
-1801562551
497244691
1131246440
-111139720
-306606797
-1312297186
-644997964
1908682997
-1023253631
175663939
-854866769
673930876
120192585
158985955
-216726351
1778470890
-1102434087
-887592087
-1991371973
-1853906387
1297473771
-352844441
1381229899
-1964731130
-626066920
1670903039
-364932879
325385231
560178314
75008132
-496712414
-128074753
1115402998
365702496
1809803979
-892774355
-1193641016
1823843127
892453673
407000146
-607612513
1586740556
292919127
2322066
1165758203
-1090693597
1287146792
-454888003
-450008780
1494636904
-1841105610
-2015969327
-1699610963
1007749135
-1408457157
1415742659
-2089495479
977066684
1738979742
1198170494
-516344290
1144432228
-1445479087
1157728043
-241553560
-589043917
1477652185
-521774413
-1795879488
-383953488
-1152822355
1926203521
597451661
629877278
1802224324
-1645981556
-602653254
-931679707
-1816628375
1467256468
1945075881
1518542001
1856398673
-1808907605
1106354279
-630349798
-2106837522
2030345718
1654073376
1809538693
1305097989
-1510697036
56280276
1632087177
1833359998
-1727050112
-2076981430
-1936482795
-1801091206
1878178258
1697009989
-1309278832
609037483
1767731147
2123145717
1825640769
1473586143
1880261425
21247408
525652720
-1891353892
-401687113
1465953505
-619020851
-1594428045
-1352615294
-1850626496
-330262895
1675582671
1225368808
1770534979
-1864576541
975302669
40148858
-2080696877
-884245252
-1472689647
1592727364
196176451
1958366349
1576882327
-2094233774
-1959425923
459716063
1116536968
-905678730
1396803966
-1419364804
1662069646
1084328264
2040157699
-963564403
1014512362
-809145746
1696929668
1712269636
-232109180
1056193309
-433175455
1568528507
757544771
-1576001057
1972943707
2073684573
-1192534113
-852197994
-2044812731
-790389308
1933446515
152906432
-281740294
-2144415452
-756712937
-463054596
-1396823663
-240599642
-2073438802
-675957556
952552143
1021034647
1423040187
-1129977445
407613916
-1277438205
-1646731526
1297727490
952032826
525119389
2126979437
86793286
216838898
178026209
-1911343692
-1907859163
71425039
2010956156
461608097
877132497
-1031432368
357906667
636320267
-1516497348
522408984
578940513
2082932706
882460822
1431953065
1089042413
462423684
434973459
1364560529
-2058011684
1358288462
1294413553
-1130491805
-239563173
-808688012
-114545223
1570247338
