-1581987164
576931135
-764018790
-1081437372
-1144775644
163212928
-1190939988
-627017701
-238053000
1797539416
-744317118
-1595443691
1225559778
1595413217
-385801921
852088631
267977265
1416626906
-1948699660
-1225671830
-1127631274
1088924587
162771413
1083633685
-277064649
1324737446
1500732270
1239424520
-492647230
1626569871
672455063
-1014074981
-1984280507
-1869307298
2133864166
1962483990
103888637
366142018
1218137188
1204843859
1382373100
-2050875927
-1672168060
1752578210
1830535919
1890250494
-52912304
1211346924
-1383964913
594099955
-1989060891
1483964954
-1997851113
-894036225
-1858553055
933769655
493329509
-873468822
-1684691558
1475218643
-2140001275
-1234899704
-414376239
1593947947
-1405882885
1582764034
-16934489
2098377350
300041439
673836763
1951265295
1049332065
1232628911
849783474
830546692
1381990350
401122272
1531077060
1723525053
-318247272
1913541046
991426869
-1538212833
-967201621
762035669
1863204623
-1455034253
-1073927502
2102603030
1034922122
868795480
-2116410111
79984542
-104255347
1416740091
1668419510
1480944685
507124341
1936042628
-885874406
143430835
-709452524
596512979
1769741900
1278947368
2094774779
-1021122709
-491958752
-983796324
1041417468
-1392778066
1145124420
-1406307187
-2119737366
-1026635702
321455780
1829906040
-379916638
1893947635
-1890658545
-388921934
-1980971185
-14874286
-2016142566
2105261431
784245480
1288009788
-2023165884
-1728395453
-1875832323
-1551744985
1447537242
897517920
1825307059
-2053912103
-1842200035
2029963968
-1811718899
-1826482591
310741537
219713548
-676792724
1698149451
-1051701769
1091941884
-81828520
-1973791730
-1332035698
-708059927
-1922304896
1538502601
1324144342
2012281247
-510641153
-776685010
1843955621
-2107695240
1332028384
-1354217282
733409758
335697829
-1832580380
-1706447562
-95031345
-704898610
-2023025278
172421705
-658135333
-752010786
-238425810
1390260110
535559768
1678794519
1350326238
-1602443077
-235003718
-1378068372
1796653001
608414739
-1247909136
1535566351
306717553
962487325
-2134514
-1347047353
648429027
1255018646
-1069357269
-1858808953
-546302147
660691623
1641402764
-848901700
-1790517903
836286554
1123612417
513003750
781518151
405345098
1685561999
71519978
542635944
230008474
1719949646
-1289526619
-1233072360
-1267382233
-514998892
766505540
-1218123388
797348097
1297875027
1745603282
771707453
972658966
403276991
1972610322
860899396
1976384048
544184883
2128356238
1882744007
-1802957280
-884314027
1346969071
184624619
196910139
-1629116041
-176304753
245162444
-12621307
223686464
566931276
-1580964415
546628396
-1051447925
1119301279
-1447508508
-510505801
-1822533746
-2062389780
-1949032239
1603549055
-818554049
-539508710
-2105779284
1869882845
-666196238
1206429542
-2118706583
-1203349340
-1684150970
2103930228
-1781630905
-1896679599
-771304638
-1130714969
1600799900
1983711105
2087474362
-504151375
1014613976
-1459820637
2128145143
-128723859
2022069443
-1099218707
-175836778
2068933355
-1178129911
1446290579
441271728
-233633332
-1093441544
1209878582
-3491013
-1678344496
1532436103
1275041178
1537279151
997612205
-1258506343
-1928887908
1239544044
926294818
-854834813
-1992827294
-1177803942
970396234
-346661429
-1096409901
-822433199
-1333201099
202954802
-2060701366
1401755579
1534069684
-790156811
-2113433723
-1507459080
-80620684
-192844466
249000419
-1005059327
-1048029107
-148339392
-707010610
-84425777
-656648228
-1129939564
-1652938891
-548703747
1037841998
-2094110946
-1943880002
-1233729108
2131675774
-760794044
251641723
176991654
1321097026
1797872064
1888645851
2107490245
1284064770
2007971748
869900322
-1448240235
-89426295
1265929886
-1946053988
1357813560
-2132002785
629245309
322570959
-511824246
155860951
312607476
-195195153
1188723844
440414244
1121083292
-2049388906
-1007982875
487687602
-2143898561
1073221044
-1862246386
356056435
-347977645
-1599354173
-741481683
-1643198473
1980294339
37033023
981733022
1313742336
-1744040203
1815953749
-1328938867
998705749
1752330248
-1360789030
-738207265
721583318
1186458717
-1870005890
-1511814318
124517072
-842453159
-523412928
-1882009374
66420882
1399172968
-258919900
-945356946
-740333504
1238330948
1195335716
667781275
26700262
-1669334666
-1409260445
1225414904
-2009134897
1980657436
1839431592
1132426339
-1097137641
-1377137939
-1599810039
-1335397206
-1737322369
-1806893190
661031142
-56177036
-1937860224
-1577214026
1351416857
-1607335838
-1502210142
747904184
-1447183765
-1920659344
-1480174067
518020030
84127049
-112526431
-1688546976
-1804359563
1142070199
723123163
46256577
1460946806
567223427
924043279
842535476
-1585894124
924821438
-1954073956
-1896412880
1011080276
-547499160
128109045
80127599
1426764348
1644676970
-1625399424
378313221
598090064
231408840
1287362753
-1499432780
605528409
1542626326
-1864634697
-934456962
-209103000
367349547
-462635130
1096714362
-1722697190
402102804
961566293
-1843459349
-1848199652
681629515
-764080775
1896820878
1960842993
1617031977
-851841326
1191632434
-1281280014
1889493656
-1512933771
-708919922
415121814
1301762316
-1219404917
1460969038
1578202867
616053171
1075610488
-334736274
87644036
1546346474
990544703
-1865439285
1631623468
-1918248205
1988907812
1141188855
1698512507
-320198427
-1270081390
-50397364
-707506897
1818197219
1590962751
448791619
778299644
-924631920
106934925
1726398470
778950287
-1317773119
2083034163
-1334633661
620276432
-1161843340
312243484
-1940596158
-1103222169
568259841
1797067662
1912485177
677485954
1844238991
-577877617
1108812255
-1370416172
1475200969
490103427
841163326
-2002709280
-1956247088
1604036377
313830605
996251766
-1962915470
794051432
1004962237
-907992194
2066141852
-596907180
-24870509
-1102514957
-1415225587
1750393142
-53290762
658190130
1217419340
43008700
226203081
1901807989
-1391868708
-141311988
1662515580
1512936857
-414493523
53551407
1414274207
490921511
1205878996
-1658438227
-792676425
-1468964719
2104554110
1203915379
-407886507
-668162117
506307874
2146935293
-1300696733
-31323459
1728346101
1778346672
-101086783
-900213785
-358440285
405192583
1570628624
-429304828
1577566523
-1733083406
138489036
2069521891
1366125418
1044849658
-695020640
-1994316270
-1850438933
-1576317528
-1915778827
-2085821716
-72538818
577231015
-2053898037
1880983766
2124713111
1920610088
764972748
-1638986043
-504288231
-1476283643
-1383993442
-1156536574
150102851
-177576407
-1562061960
-23611343
225322154
1714369838
-1386283529
-1791303025
-1331868696
-347879353
327290674
2122421626
-1563238700
1439694431
-1300674037
878246198
-1212568078
1988458114
-1894454328
-1308151571
-1125709779
158976892
-2038765343
1686255863
-1187482173
-671717953
-1603919077
744482140
2019405440
626591625
-1847956267
-1461140330
2119122734
271480646
-691737183
1278208666
-1786408373
-1352471502
6667286
1169025049
-674541572
-486923966
383303907
-1275235837
1069631810
-1166331324
853620519
456949068
-539401622
123381572
1400659456
746377969
-571395894
-512798158
1307914081
400252989
1342980009
623174337
142356521
243648328
1245261950
15291537
-1008489104
678032320
-2035537315
-1618961521
1917975331
2059646955
1925991598
-1581501796
734037970
-42420757
1838749983
298479724
121100744
-1787619004
816318683
-1892956496
-1775908516
-1372592997
-1270234885
-761639049
657230982
-1262626880
342465085
655510737
-727816268
1052127726
-1246662669
-957317451
1371740126
-259468207
78047805
201683748
-700364329
1409910983
-233392262
1305162893
1909961446
-893095702
-864720645
64813683
1362534037
-344202930
1009051385
312918092
-125565496
-1215156985
604549065
-147003732
1847690000
-1069144723
-1748871603
598360738
-1846757311
617697826
1351807917
956645218
262666561
635643220
1349877831
-1098713564
935481378
1088729151
869353443
1992908874
-1651298701
-2111529995
-60625621
-449837112
1183801299
683895393
-2031243175
-172959296
-264105530
1043612552
-131207887
-230621333
70124747
1436996370
127992882
157540672
375929517
-101516791
1732649736
306755662
-1224821223
451369183
-1849778108
82137581
877862768
157808053
-345252274
-1098454635
112878302
-992312614
2056513945
1065106701
-1456497749
-936244847
360007193
319438535
-520494895
1908669719
113614834
705628810
-66468147
455932387
144593777
550305873
-2066961735
237745455
2123694143
-611178125
-813622630
-1933778761
-387081261
713968643
-1443303689
-164952384
934721320
-311668615
1080748458
-864968101
1954016176
292150673
-239145479
-1652361238
-416963705
-84783502
-1596119576
-17534493
-1769164565
342910739
-264656696
1217234387
-1331992340
-1721996582
1985705747
930178470
-619367073
1824684421
649518971
1348206884
-1265053160
668423757
-14638784
-1477502018
1739630935
1039138120
950034369
-1533773173
1361576834
1771219726
1203649366
-1840877940
-2024341996
-929154401
2110825308
1038106423
-457015851
1978596740
126662032
-945014477
-460550069
-877235661
-697516384
-67279521
-1509625744
757955767
262516735
-1862325224
1165009572
-2036398704
1302175480
-87725893
236641252
172171991
358785286
776712552
-63920068
-582930522
-1446864542
-1044719863
1728840826
-592349770
110742492
-1204297326
1168793380
-1260565176
-2114500370
-772797302
1247130795
-1350117559
-485259507
306808777
2135341791
-1091586640
-771310270
-27721598
1064947622
-454531542
1274139385
-919062909
1951899368
-1918360839
1327888665
-1428545093
896381901
1472687641
-1761329068
750611452
42101034
-71980380
-250625857
-2035924222
1158868280
665086070
960636581
-1332427084
-67023738
-1486273004
1012643991
-1765959767
103004208
-1400795959
-924505401
-1533130259
2110094161
2138106641
-601173098
1839185924
-1019391051
-211357381
-1394731670
-1605062098
-423353901
632108105
42144197
1031988716
82977785
236600090
-862062190
-1844848189
1022898377
987994570
-671838526
178383167
1057858787
1928060761
946711319
1050357050
333641699
2085566858
-60694465
-1552704419
-428594035
-1547963635
-808614620
579874791
-141193145
-95277089
-1140472702
752685229
-649560633
1436060657
1620541625
299176033
-158525684
-1781956601
621813988
11596566
-834590063
1553445091
-1763861719
-1484567293
602650560
1606782114
-1686876078
1426978950
1935132324
-1311843739
1522437276
-1821742996
-757561629
1839800371
-507330097
-1553048977
-12850710
59376413
-425013618
390770175
-619697047
837879202
-819468560
242901829
1010041602
1646544981
-170659250
-1846278556
1844469308
1881551036
334131806
368052993
2119563709
-970712453
-406829184
-893723643
-494392648
1891399346
2130896472
-1070488671
-1975410268
1585249698
-1690512740
-873132142
1719079726
803198614
816214830
21861797
751238255
-803677696
271029101
2138111101
-1331366303
-529378847
115287495
-1886311276
656559247
-771040146
-1798562926
-333935233
-1440953589
1119638768
1519085084
-2047315083
515372965
-603068693
1624012032
-399351535
-2137773479
-57561214
-731986501
755835222
1920612616
-282029799
80763006
1341324788
-1117148565
1458380092
-1161945532
50763209
862102596
-623855426
57979943
1414535082
-886830891
-2092671451
-1701773329
-1539512990
11106198
-1035427259
1026916844
1112007418
-893639391
-787030230
-1771933691
-2059340230
866434673
300919099
-1773408752
923695728
-1187263669
175698587
-127207581
-2010403729
-1703328773
-2075098926
1656409514
-1848421670
-1384427965
-2070046548
-581041926
1458972322
-66628208
1387725921
-1308400346
-1743732788
1695019631
1335941109
-283867055
351079031
-1027779266
779589601
-1992524092
-1382578147
1853696038
1460970995
795809793
1771102488
2000297032
714217586
2005258520
-1245148568
-19229130
856842117
-989259720
527795123
652815780
1334992084
-1240353400
-1347522164
-425659298
-539831953
-1802015433
-1846372361
1845672061
768624110
843001553
1659468076
717206997
-1878077222
856450516
-323543909
-1617335631
1685151563
1971208067
-6340048
2090697666
1420452818
1708849657
-795736616
1906316115
-1110569064
1543016576
-404703422
734365633
1651276231
-135046877
1224862186
-1508829910
874273064
-264738943
1966604626
855869028
1422210060
592627939
509459858
1705093425
-343790992
-1891111535
1901104147
-1309095504
-354107813
809554785
2024317079
1672147221
-252625269
-1375550064
619387515
2071190428
1654962000
882099668
2002958912
1848826298
1466863030
898888369
1418718023
1611993237
-1023006487
244743947
-622254629
-1069625930
531058133
1918504700
1051782517
-2079727107
507908364
-798388761
473362234
1205483477
804618989
-39071283
-1288829753
1575557287
298482177
-772169762
1478041393
343594387
-2060050520
-533273005
-1469227449
-201734307
-1872092428
-1998241926
1126684697
1303173541
-1357728300
1743983122
1182389438
-1938877093
1372633205
384557784
-199851440
1697701488
-1667189020
-773608607
1020880187
1281546449
402758903
952125994
-1305671497
-1292523376
-1200077715
-182362131
1544401810
815333732
1513832788
-531091915
503063858
1285011795
1436848298
-1847178444
-672096550
1649791661
-893579961
1326661332
-90260180
-1253002948
2031079161
-996778741
1281287662
701558456
-1691232272
-179080845
-1776660976
-159350144
491566172
1644040217
-1713185811
-1492176761
1505816660
-1235181676
1336961489
-868584564
685737977
-1354665895
-196006725
153966221
-1090013733
1890678094
53691235
-729812611
1902691227
-46829156
160018814
862289204
-880951088
-739004471
816794431
454242982
1347634222
740136453
-87141087
-1638307497
554015461
-1620202557
-1879319581
-284448498
2145913414
34071691
-10352428
-882138424
-1683224660
1553155086
1610937936
-1432992529
837388953
-1958662278
-345913206
-818848053
-891822817
-1964507121
702549642
-125073608
-1827107200
1906027250
-2113294471
1330068121
309095448
-74935743
-537008100
784688140
960799867
1417794407
1859656862
-820853281
-375359270
-873093456
973832849
-2023819967
1271537834
-1324375009
-46078154
1312480572
-477379706
150602111
-296479236
1581776098
-1868583596
-693363273
719496006
182506694
-340975449
-2084180638
-239722639
467023790
-363500700
-1176691553
2087712277
-1327205754
1726685607
-862324188
930971018
540966806
1034396391
877625241
297728685
1589426423
-1211019945
-1751446749
-2102092573
-685785533
663159695
1716362814
-776948131
-1347452533
-83105685
162117071
-1161907043
361344909
1723364659
2065567609
719494457
1785849638
-1352380932
-1940459474
-582151457
136934405
1584298061
117751817
-765712744
-1971617631
1656739844
-783282341
402749776
1116074860
-1585572230
-1830790909
497709461
429288264
1810061285
-1629743613
-867202657
-210366662
135357182
-1365379505
303823248
-1233771171
788340451
-666610970
1081033212
-566581992
1811516221
285027622
118381226
-1268828013
1765250725
-163426468
-2005759588
2061918566
-905808061
-530685286
-981457332
1999221907
-2049545800
-858976819
-1026568904
-1946328650
820640317
1033204238
1666762656
237533562
228604940
215980088
468953998
-1971935409
-1730374914
-1896176710
-1256687594
398414425
-677973131
1779621549
749449695
-2071373397
2023341179
-684461272
350372833
-1498292300
-1069510613
-1390090797
796665967
1861212409
-1348350385
-1737448006
1779572344
963990020
1392678218
1170687331
959639305
1938464923
655322424
1645293857
-791607531
-753994699
-11402925
525268650
424241528
2072836521
1560185752
737505767
-44483271
-330725848
700044969
-1793101045
-957907953
245202285
-391972363
267071975
2061272358
1129015090
-1493552107
1693131387
1201248290
-1550555163
-412055687
-956891441
842955876
-2032693093
-171836093
1713576452
-854861685
-1430144443
771142258
-1921953627
957677117
2042847265
-641395901
-1624233406
1599876646
-320524942
156362963
-1238237121
-979331008
1919627890
-785310456
172965353
-908747691
1430385799
1481922738
1111756233
1219432129
154127797
1002627052
-47511491
-1473870468
-528986284
-976727864
1205581635
446296407
1615240194
-251779030
-1349713000
1650722694
890170586
-143773452
-796336383
-590135458
-1369000475
1900691811
-826294297
-1637062562
1574313424
-1751651656
467649065
-1380836237
-1659061025
-738918630
1685881133
763007607
965662497
964956602
-518914248
-1871604485
-1697675803
308172088
-1719783937
-990076603
1988068460
987397189
1060236414
-141331813
2009043935
1456373896
85167623
-503349822
1541450371
-286493755
-1994768739
874062017
-2071240150
-2085044420
1279973506
247565034
910907884
-1835371185
-13369586
-1471897318
-268271849
1047304550
-862940479
1648255551
-141332125
-1040088554
-694889828
13864986
1364293226
1719122304
-287588692
2042994757
2109190230
1800536055
-1573941274
1676032375
584092635
154817765
-1983817414
1559150855
-3040921
-2072892946
1343301089
2030353582
1895777688
-1888476075
1778985210
-1266938736
1395598574
458100895
1910755924
1777615229
678872769
414182517
-1298277235
2097058675
369116021
-1292424498
1966254171
-2142356377
1021114859
-1222404531
1173518633
-431146172
1346515002
1106605543
-987273499
-804535500
1512213406
-2080712760
-734586600
1629543197
-959278160
-1871960457
-1933795530
1937174893
-258624297
1398434871
2063006263
-194549734
265582078
653519024
-174183578
959732964
865326471
617209039
469359736
-736087587
1926300030
2035069161
1295119583
1230412330
300146449
1264703782
-1300058016
-606916853
-1036118721
2051611676
1854081762
850252056
1174638288
-1354948678
-146434679
-17475124
-1487624316
1351966823
755566851
96821575
1542551695
2012083818
-1800459999
-104063921
1281423427
1983630731
1099287977
-1623091561
-247602929
-436587782
106374250
-1918775996
-319384665
654892400
1735622799
126840236
-2090047356
530568084
-4699336
1532836960
-1766710129
-1540303713
-289609402
-635934612
-672103144
996419394
-544757130
-3256612
1349719821
2111369926
45749681
-93556094
1749994855
-516979083
1178936993
1833020407
-248050969
-983157960
1286295687
2048120286
1143804674
1895275393
1608473163
-1641186961
721491481
-978084502
1697408980
1979399987
-1973728020
-1137034466
-779828071
-1526126580
-1317611696
-1601034888
-1118157960
-559164808
-249605600
97176809
-2047064122
-845000682
-283289487
-80470882
1168427942
-1832824984
-716348408
699679713
-1004603490
-58679847
1868546320
-1251593794
495394663
-279951870
-285767417
-2060343574
340604931
-1188377048
-20326151
-2118647328
77601557
-30516471
431863537
1962879309
2063149932
1482603224
-2044699989
385235118
451227360
-1236362108
-1777807986
109433654
2007003489
-1953597632
-801040936
-1650966284
-1159101108
1453581887
-944086757
-962348491
147797248
859077823
-1108024857
-301759194
-562857551
-1069853111
-1105505080
1863502270
-1358525573
-1311709386
-434282382
784744410
-1965400390
-662646411
-1072478918
-1850729559
161489560
631357834
1139314632
1680596041
937858278
1759483865
-1359822069
1193664690
839466800
-546807260
1609837932
-1932728621
19788043
-1523521199
1364876613
1421465850
1794050992
617469808
1418389652
-117666440
-1222217010
2125117949
2131262443
859987076
305542811
-851942303
677733547
-1523208097
-1838593237
759199422
-1248327055
-545000519
98033925
-1876685589
1050217423
-2115403181
1625305843
-441984579
-713428418
1652129764
-721560295
-330288504
94286163
-1118717632
-2116611767
-2039230747
-1514969807
-1907821641
670579861
1733574836
-1566899137
1445482171
-349441499
586639460
1143666713
-2098816059
-1025102007
-2056427151
290640331
2020003960
-1088992047
-1226644690
-678523588
732493573
1747726748
1100444100
343218152
1735344337
-1354327442
-104023174
-1357115695
223289173
-1458468089
-29192650
1562699703
54560582
-2025636752
1041813827
2077686150
1782301173
1679760535
-549957805
-2081613809
1217949943
-1117801698
-2098225976
1978971898
-119101432
1243185007
1031904814
-930625541
-2044378836
-693820397
1698132748
277465156
650563351
1135637316
1851771100
287551802
1663619534
-1082445632
1740757590
1421983850
674697613
-79848225
1722457844
1292978878
1043284971
-133948185
522120882
489426667
-468230341
523015327
-601514474
838974253
-591708107
-1738062559
701027951
820484662
539788758
719734004
1721642593
1178704739
-553007228
-1098652326
-2120661344
-1380505039
830507380
-1520854811
-890966278
1301907694
-313552048
-339333296
-1615128677
1195942579
-632976109
-847545717
166990476
2042529937
504497719
924365079
545909116
-1590096375
-318944494
-1638391404
114609091
847001793
-1484936067
-64222313
286382243
1889498997
-1025040970
-309349951
-1776956976
-452799445
-2015605625
-561055476
-736017870
556307882
-1846110297
676866408
-1847278360
218301484
1938589535
-1940872314
-1726048112
1896695122
886353008
-597778446
505223877
-1786674345
18680115
-1457042585
-1290516504
-697445496
95250690
-886975394
-1612874973
-1030975501
-1100133930
-1336590873
-1163613525
-2015618978
46939185
-1080030276
209101892
272445051
-1812603586
1757813651
1238896138
-1323409064
-1840722122
-1083031628
465907565
-693224420
-1650830332
-1138856246
1291241084
-1267389456
-532255189
2041486589
-1706529433
231952698
1789307879
1589088831
1474384958
1475194896
25690258
120345061
-1886891265
1062826987
1759137865
-1144920198
731420622
1703623322
-1168469553
688041168
765228422
-1879336326
413313712
101145943
-1679288720
-1806608412
135817641
861768369
-2031741103
-856359451
-1964555449
587744901
1365528233
-2022126028
1371976909
-1140779630
-682671046
-1787085728
-1828097702
1668055047
2016353478
1348036681
1922022731
-183053550
-962527715
191515600
167353309
-1593645129
1211379542
651333586
-1491356905
1444807394
1774352732
-242467759
2038696422
1741234878
2010090412
-79906828
-989199223
-702984889
-252483236
-1054422351
-1992867025
1152758814
370156126
472750024
168642269
-2091662949
-514630394
196657906
-1870266219
842949416
-33000503
1771648218
1047244468
-1235802932
1883777862
1896952524
-1006195557
1607791110
283067530
1981398443
-588900206
1995280348
395669391
-1926599640
-1913490456
1054090290
-1466801658
-2039991248
1883742558
-347578785
-1053354410
-2072848474
-1002052156
-728296195
1100838627
-1773148078
1562365668
-760845056
-95356525
1080923928
-1725619041
-827007479
771157901
1772536428
-597079978
504604668
1959103811
30734341
1415947915
-1147499057
1075113650
924081616
35593927
-1290016347
-1085957144
-1465338329
526353853
385707547
-1058254394
-1447955646
1224910255
1166747872
-2081746169
-170783251
1852334352
-1897948534
-1340357248
-842198149
1125374826
-23791704
-844046423
357015290
-577123199
52487955
1102375515
-61394521
-1132568135
1492996489
-849749285
-220520796
-1463463500
1188435579
-917141226
-3408408
-721615297
857520677
1452852782
924506742
1085800558
-1746902817
-964503755
2090373073
1375066884
-1730565197
-695510985
1290865326
-500199655
377440814
-1837577347
508387563
-1311711498
821122427
-723887856
2078995647
2099448643
1138149549
1138721403
707073843
1464546915
-1976980901
688967381
-162406959
-1388242401
-1281115279
-1189563650
-559276134
2043212673
-1102659771
-302237144
-1249915588
-20592382
-1432833816
1578578585
2005211268
1709666023
31291838
-450370898
572137233
1024060903
1478294865
787647010
-1010955190
-3002351
-1050833311
1824863120
-786700655
309204972
-1217912513
-1398236618
-67470408
1729914335
-588460198
1653811195
299507891
-746385453
-382500838
-172011598
-310232945
304148246
1844300524
1318504352
-1536444766
-376313726
75261597
-122132421
-1642786812
-1255476514
1112259051
-122244300
-1289793475
-219832445
-233807527
-1031190856
1138443583
-806811326
-488260029
478920945
350811798
1501056388
-471997647
1065932754
-872752163
-907217997
-1951174289
1190701332
-235829644
-756685095
1581464540
1636140667
832287343
490333573
-176372990
156942941
514978512
-154760203
-1764368793
-2114633628
-1771803399
740514929
842999586
-1771712878
-448506021
-623744524
559675312
57772677
1689923443
100567314
647632136
-1929586948
2144656119
1852910357
-2131602196
-1443781223
-1018353588
-1939323032
1541199233
765073640
979132986
563541816
949525025
-579550561
1220274914
555853656
-7364240
1998062119
219091438
1024525412
1671284909
252594010
760715786
1120208169
-426635190
-1343406706
-2077711980
883144516
-1280895555
-997842222
810738319
1154855432
1395185304
-1322397833
-184517156
631002020
-280293161
1660891601
82167211
-1645466491
244634744
-521977282
1401928494
-1497875207
-1317332399
-1386892441
1664103311
486598932
537752605
697164486
1993529380
142853847
926230999
254266727
-941263391
-1256740211
205019211
1692470514
1035030541
663917944
2117592297
968499432
-2062915015
1959619245
293100251
-1609791445
-782959252
-63730116
-726465190
1277849284
89164963
-1383411053
1185798973
1478816736
890981496
629299235
1059983314
-1130214372
181916192
1146962755
-616407823
1300055042
1871330714
-940020651
-954246579
2088494802
1096897316
-1531417050
-124160499
-721203836
-621594639
970962586
-638754150
1569380877
-1287862759
-744325752
-297726534
-1628347679
-1750225967
575194595
1565816030
-1829039431
-1887778341
-1341338343
1668999863
-1033437035
-1391229633
-513372993
57319950
1148699652
925761595
-2091175315
1106874837
2109376931
564751991
1399960038
-1245968776
-1903399966
-1228605316
-1554262660
-286624648
-2087316466
907862631
1098215602
-1539743685
-143530102
-1480136231
221354274
816279325
-583973536
-100528335
497551777
-1577912886
1404671992
-159564291
-1896672352
-794191922
1647984422
-1535407955
-80690475
-19280787
1384683113
777251721
1275074329
-1567138641
-2025874575
1983236836
192772243
-83808577
1834285281
-1090871151
642763286
445117045
-877823658
1835043990
1300872648
1159365425
-1017698648
596688159
-583446525
97915626
1622120815
-1081089611
-2051437441
-1289391482
2099330248
-194634321
-2139553360
1260129131
-1165325735
-525390360
120161900
-1987158443
-1324449135
-1290095182
745813456
-818734230
-1640110796
-646977783
1368835428
842344331
1702686230
-1876493813
-486696579
-1102044436
-444491226
-757192793
155204578
974537958
973256878
-2145969260
-1172563790
-2120769269
-1552921384
134549893
1482925444
-913299078
1964114803
-1241312870
-2003413296
-1698495883
-1938767625
-1043529703
1547175820
-1870726352
-1346597946
881757
-1371228390
2024882155
-2077206860
-1669494002
-645414559
1286117698
495546313
-1846335598
-1804864200
419220675
-54487227
428693698
390868235
-1506610495
2056192739
-2131372832
144854456
-202320537
1646907746
1806287049
1743572922
454995215
-29183424
-1817495962
-1560201592
1098370516
637846984
2116042344
-1677452737
402659941
1303443791
259731764
-22698114
517820444
518874041
1947448090
1405860240
695238734
1276077634
-589905971
-1446972720
2122140388
-673147525
1059551503
-426608823
1727114794
-723865967
-1301173077
1488727452
330989542
467082453
2022327720
1641916966
-717364308
-554511497
-150397765
372254817
-1630121359
-2110816363
1519049725
-199739765
-2093086883
1147623028
-1333728803
-541853820
360965604
12125196
-1809805481
-252633348
-1843385065
1860533705
643943781
1573129165
642812982
-1871594097
-1290693194
2144052388
776498314
1962584319
-721266019
725867239
2117829745
-1035360008
211888715
-287115310
-1139406918
-929254048
-303773375
1868306403
152504626
-1183000284
1609531391
-1744603016
548856191
1940550268
-384593919
1656191925
512536363
1633071987
-394951701
1039894187
478364675
55977638
-1702441214
-1218437706
786371490
-596624309
977694686
-869932250
563869512
-1347673227
-706966947
-1061200864
197319407
465269653
218180827
1806671814
-289101920
10971716
-370297697
-1484630891
1525219074
1139654974
228296087
-193224689
2075434035
780558513
621414728
-345707367
420769242
136016312
-361682689
-641357403
1901575548
-1085172447
568637260
-215651821
1440020495
1754677878
272661680
-723057452
2109336524
1875284795
-730080363
1898093520
2034339657
1432419955
-100712578
-1159811830
1352050118
1243138153
763677566
-244936192
1984681158
-1949685076
-2001667090
461312343
-221839647
-382044070
-1306054823
-65018185
1166473176
-1493187935
-1817621829
-2090638092
2013783530
1268760963
-1794052885
-708077971
-444865435
-1012005672
-991697580
2081324985
-1076708481
1152233881
-1255349781
210856063
-421215899
1190874970
-530806692
-1344975196
390215828
-1874367976
1703308934
-1332418644
1013563240
1366494261
-930044375
-378088359
322807026
-936684353
153341918
1262283416
-1632028914
649178616
-309008057
25409949
-412852813
-15570926
1558268550
1739828300
1461000076
1524874298
1466468082
771190234
-747394104
-1849459753
-1063836408
-987663180
-1414552275
-412487661
661676447
-1834690657
-31397261
-762532455
-267095457
425972000
2054260687
1614045344
1078197107
1666749725
966917581
-1881877208
1673047165
-1589420860
-939316894
1671872388
-1103742774
1657982123
-1151461055
448203031
-4841786
-1721099977
708011117
118990178
239334066
200969538
-981412337
1591358269
-800644973
563894008
-32144759
1916595812
-1135453843
1022148353
-1637246518
-789138123
1348476849
-101306908
1265666787
337061559
-2065225997
-842488918
-147764006
1975262430
531135199
3114433
274325694
-600963316
-775642771
391898915
264265979
118024411
465841235
1361620663
1897214447
-1422917351
-1944883781
269500407
2083465148
1235639571
-2009578442
2034338258
-241978017
-1102652394
436482543
1337761747
1818917121
-101030094
1333015331
742211969
1865202061
817062209
1897072592
-46402551
-1135171198
1382126375
1858725036
-1816882662
174686986
-813557670
1633075032
1659598352
-538259126
304287652
1314826709
1633198676
-1845593350
1667961895
-1585057481
-1452110847
-201432520
405848738
492762007
2022206411
1229696409
1160695537
-1365515955
41302300
-641528191
421883354
1241439583
821736319
369006772
-1996351738
1162293555
1595547201
1210384172
-1271733428
-737048692
-360803755
967789100
1306200885
378299059
-1468986760
730552981
787630524
-2008989196
-401306219
-1114452361
-978245803
1548102220
1379867497
-2118968598
1816686896
691177055
786579306
-1617105121
1543659710
493719983
179269093
480130225
1188050803
723239691
1942130533
-1582612160
-131116338
1163127364
1004494427
1557204288
1400700054
-308546266
-126584069
1418953742
-1182762139
741904294
241260899
5783876
895952745
1322914647
-1750438398
-1708175539
-1293514903
-756778461
-1642513353
-1722762437
401914374
171395126
628894520
1656689111
482848579
-566910659
487867701
468457977
-1731201465
-1809974064
-1208138564
-616669158
728507232
1388588587
-1304521634
959145767
1734218315
196588324
1643783315
-1685876073
953911474
738950745
-65520678
-389407297
598211829
1788063912
1746773284
-1539001244
960333101
767620579
1103880306
-1709997934
-1830342035
1367898308
-16696900
643547563
-2129699766
-1186815458
-2025264619
10240194
338206877
-1319495851
787064587
501495337
-1128227961
71805968
-347913133
1461351496
1538759604
351222572
-1875752026
-989074512
-1719085340
-918775053
-264589595
1070980207
-532487513
-2111889267
833157251
-1011791707
126383463
1828021942
-1813275101
527072343
284013483
-1117631567
542923135
-903299454
763792793
-1600169349
1657514892
-338198669
1606348989
1005589316
-1231098405
-154953643
517853704
-1172519142
125015618
-283873269
1746949146
923990759
239112379
-17688256
610962883
1479837085
806933387
-374948421
-44059449
582868399
-1337945690
-1776620809
-242503455
1799309762
108572497
1458672626
-1184605430
1085008036
-495297271
-176038843
1854467322
1715258493
-522781533
1379532916
-1207278354
680879427
-1039223628
-1177030777
-638590548
796563059
1156732466
-1063687719
-2016003388
-448572419
-1349814181
-2075215569
-491103977
1664553599
-804262187
-245869044
-51244131
-1249126730
1880358422
-297202110
89101410
-1645621200
427880965
-613711668
2141686224
-1753126074
-854852895
1745027803
-441276364
-820244919
792949858
2081243694
-1547223174
-2090928645
1778842397
-1949615962
-1720719045
150660417
-559877076
-1616034535
1387303673
-1560634347
-16880883
1218936165
-736401240
-603108927
-1796445750
-1951363640
-1779735696
-506892727
588263258
142522735
-1317896015
297262888
1187113031
-1799630772
478537031
-390208705
1514655120
-1625149908
1752330510
-2089248246
1986645456
-1434315000
-374831448
-125099500
657728671
1624245402
-1963586691
-536595795
608273463
1196538163
923919363
471276761
2001450330
940125131
-1783861185
1789880202
776720755
-19291815
2053950602
-601523438
-547259653
-204175515
2088426136
617484242
1716172830
484500442
-1464707402
-192588745
-1012116579
1355378208
-1885635246
1542585831
1879369717
1642767722
1191838912
-1974748618
-1255999295
1887139916
-1911853253
1261679070
1268301404
-251637361
-1797654231
166007791
70158282
-1943953848
-98981982
1492048900
1241437912
-283369177
519650099
587679671
-956982655
-1332566260
-852948258
2107420502
203303826
703459551
1479936869
1338947030
1472327569
988866208
2012710599
-1951005689
387171803
1492412348
1738688522
-208665847
-1639800053
-1633727325
-1258537157
1674004990
2056257186
824470934
962060723
1697166080
1286403812
-1235631419
313445019
-1692382379
7032576
-1869024872
44523441
668504801
-1744983181
-2088051892
1137278539
-1094074661
1590997165
2097479874
-689802084
753791939
-656611341
-935800941
869845813
665496211
-256143737
-1931334553
-1640717618
936293684
-253316345
1495518855
-1767265721
1208456755
-1973992174
-1735049041
-1136922391
1697128372
1180302129
1592761128
694753520
1975881126
435041011
1040403222
-128733619
1699712824
-1502597287
-26051826
612804007
2015032202
-415344268
-699338517
-977057885
824044967
1692362572
159610082
1839991908
-1969740877
1848216836
-87681582
-566023339
-540017312
-1656153029
1793187552
-245636315
447866278
59192756
-1693461949
1032437267
-877300813
-1852346056
-116376228
738809451
1077391135
-1388470342
-195380727
-254648497
1656284003
-1098183748
1027371321
1387984314
-731924853
-653992974
1845457603
-644842046
-687179989
1710980132
-2070989197
