965321934
-1523842590
231179760
113288442
-1753858362
461643679
1851314507
-1614498388
-103124584
1735179848
695713882
1788147084
-1946415302
1318345946
922394637
2139283235
-57839409
-1395321245
1677380026
-1242328540
578107379
644049604
1171273373
-1494756400
1430278488
-149270600
-59877761
-581357156
-652669807
-1182216684
556473779
-864802286
1618435374
1340452688
1377074761
-1043234828
-1939105528
-128843963
730316926
1196366758
-257538083
-1122277832
620850801
1464540877
-1217079266
-583295210
-1840003300
1560940082
-317436665
-110981631
450686081
1413166572
1714960880
179092235
-600489693
-199447618
1689624291
-1308609216
1751230647
-822963267
-1540982163
-702144023
404529179
-1281651914
-2141969223
-615023601
730095751
-1756996146
-310130726
-715667394
-844398078
1726703849
279021927
-979320694
-714288874
-1922150065
1341929804
1573797078
-1766175802
-764219635
-1374905889
2074729299
-22382144
-1321561191
1944098097
204090695
-1190751282
76353080
-2123107418
-1649316849
592391826
654512804
-1127913528
1410595431
777280626
-1807882776
-703593641
1521432039
265910992
-101550705
226388388
1314741456
1217142398
762068221
-2043784418
1654361096
991482737
-175203045
-2135935443
1996691811
-2036358221
1084328506
764946750
-1400386013
-462055010
-1969179600
-1804447202
-788478526
1044361542
-1433236281
-843155829
-1281755922
-1857622729
1440665688
-591691256
-232219436
1974239840
-1376619342
956634353
1581067936
1864388429
-1996938689
1301442766
-848207036
-1473572196
-1470981271
734483947
454658937
876680361
686601785
-1824741849
-1368630269
921254027
-2129605567
1928323340
-542852552
1385146436
-826424132
-1142567648
-1126871870
-145059789
-275374861
-516038022
-1671572317
-1261789747
1509659361
-1418114409
-1955687815
-1487391348
1550341657
496077165
1795570691
-925264858
-827333913
1873290177
-1449441821
244141826
1322249142
-2049321291
862553509
1298655207
1788605616
-1890241372
-345411585
1006266358
253003179
2071837490
-1014597798
875771354
-672852413
-572410210
536759953
-1650877635
1670518851
1868203609
1613435895
-306729603
1167246408
806622940
982952094
-1485992545
354978984
-323902282
-1554663466
-1641794685
411064975
-1919738652
-2037566732
1585789017
902297963
-1281380764
367871316
247485523
-643541879
523198732
1528366240
1673429916
-98866432
-1393113705
1386373457
-1439824248
13573581
661984000
-407495819
156348683
1435778111
580273426
-1475625037
1966161263
1027830421
-935325632
510259340
-1787849151
1851260645
815382193
542080995
-1058583668
-406171586
894192287
1968577726
326936393
1825764369
-721860127
-1930716850
1184371989
1545893324
956071621
894111020
-55389916
552670407
1551180323
-1250994203
2022380149
301692003
-1647232338
1330431928
-1875631033
1967106672
753309069
272099485
378151627
1874087887
608842793
1060880265
-371699942
-1367771304
374358856
2088891888
2147233384
2076552957
707522395
1444133259
-968955782
71266095
1699195411
1298289755
-792618667
-1015833472
224638265
-495795988
1777371703
905969545
-359528770
-1787314466
-1858304566
135452429
-1576805871
307899297
1352186775
1565452382
219054768
191341439
-1523652936
-2043301377
-938322942
358330079
547531729
1697621130
-1001934238
259522503
811098689
-194738732
1260626302
-89881694
-557663085
1007968846
189162466
1389907267
1526596666
-1455181651
-1157890097
43555625
-2076779395
210996173
-192955055
1634434564
1002815664
-1287051566
-642715248
-1611668617
-372788828
-2028609648
150514533
-685438689
-1349532064
241406764
-1861937872
814193620
1892979728
-1929438973
100179944
1514866478
-1825070787
-1909127222
502811507
-1973831349
-218867650
1544759541
1575329847
-1943052594
-1503187731
-2050802084
1187393008
-716416214
1207232926
-1357251044
438543299
36831519
1508202317
-1346410309
-53684845
-825536636
558085398
654564751
-586071404
18757191
-284511511
1556582751
-1055526627
-2141345870
285795197
-1240446134
-864308287
624228847
-1723475580
2000915431
2138844063
-1498850098
1384080417
-1262910803
505682937
1500932036
-975593834
2126476693
1504109315
-2104032202
1347667778
-1100579075
-651154435
-2130954249
1228870089
921028047
139865731
-1836608497
-183244652
1915065314
547360547
-42513474
-187346564
1752886944
247018800
-1110558784
-1996920383
-1175349784
69446101
-836613679
46738752
-1124299468
-121056148
-790612878
1066990821
1229165310
1709778960
1522223853
-648112035
1875257951
1122014832
-991109737
-1623163120
-1712121095
-46212122
508991061
-502928306
1239255831
1443887303
835688800
-1693588793
-861464558
-551392260
1310486092
-1813578944
533238006
970851025
1972237637
-1878463868
2019112804
1058492940
1212411036
1556869784
-754013511
964242497
-1865168255
1422504753
-1565662865
1272883556
266137362
-963244694
-1421355837
-1081240672
1948218004
846597809
-786251112
619335014
1513821183
312874754
-1260705381
423331016
2106592191
-316690856
1633018790
-425375738
-1156331847
-2015183521
-1244724631
-1511501975
864537995
-120775315
484921927
-1259630513
1285643288
-616123469
860661629
920874375
-594252477
-1749578833
1270307209
2085296350
-916635911
1847633125
-189165367
119142905
1901040245
-444110899
1568885345
-605540763
1831021758
-1737558514
1804088930
-1068337428
-1993778316
-1030108691
-1574775769
1260332586
466584013
-654223105
1763864834
2024465503
1330573785
697871910
1843916056
389897349
1001035277
-1874186566
-1768985975
1884497573
1092562686
-1192231163
1977830099
1189839718
1781737836
-569787915
867638903
-1665286938
1944014978
552169484
638544605
-903659316
-1306927013
1430069659
-1100649868
-1144993891
1671544008
-1233573842
832842525
-1630921393
830459984
2096841546
1131327177
-1100914917
-644819081
-1576715179
-1542131104
-1152662889
801774659
-2144774699
1184366308
-666682877
1276110331
11663837
1199270102
-1580365342
2057085233
20011971
1613029848
1710662604
929301507
-704839402
1265680531
2010471042
-2117225828
-1037802034
-382950694
698270530
1373054977
-625922107
-1248358897
1602082909
308602634
-1259166362
1377382853
313143558
713504685
226319267
1264070823
-1735269781
-1057557374
312692524
150049687
-493363703
-1236063102
1756880093
1385286425
-1591123652
200318226
1270238583
659677938
-2046670315
-1969731520
1209591954
-1119761396
648111471
-22893749
-15088942
2050154652
-429192636
162617704
-663372967
308545158
420058684
-1507787069
-1470276484
-672984065
1317052295
-1855320125
1657181112
-1400022412
-1671368725
-112809838
1628271846
584285098
936942880
-807903012
1661041838
-1258099419
-465841573
-311355435
-463468999
-904278578
2119704360
-1085408127
580118570
-1739591217
1068326780
1371821615
-6460211
315246785
-2101047030
1850986822
-41608815
-1885601271
-1131533867
-1291168701
-1125189197
-141880449
-1154038778
-1528717055
-1869914052
1078199887
-763743489
-92322245
-511879891
-167563740
-1922411089
-1404852913
-845274633
1635233410
1998600743
-1306718140
-888622800
-1274613133
337864301
-77577202
1540273540
-841123227
-692299120
-650657008
1415891945
10757202
-1641766916
1297077217
-1234039530
1702842913
-1395131889
-58906542
729989685
1466929740
1248824299
-1267175249
920989910
-1434341694
-492238963
-727097531
-286084569
-1229568499
583612958
-1868570588
-1820948126
291984055
-1448441463
125995302
2080845190
1265911018
2059220813
-358250961
1698560585
-1813802410
-1035436909
-957512267
302283852
808640598
647549827
-1663669886
-168964976
863841365
-4652590
-231882824
1376104232
1043371630
1394129055
-619886570
-303666896
-1081888174
1667030399
228723065
-1367244291
-1166769554
1673711830
571521956
2048320405
1612284237
1531004264
-577730237
-1869017503
2058313018
1126595887
1373728300
678712352
508840489
-929235090
-1328302616
1419398687
-133427754
-42132474
-1159045518
152175270
-541709778
1952632839
1887068990
1113615797
-1471034898
1399119753
843396220
-1725669136
293688202
-2126300995
1504501405
-780407081
-537278897
800060478
-712727018
-1669802695
-1901574709
1001883308
-546759837
-598959382
1914337132
-1870530693
45542222
1361859763
559715942
1643131144
-1847070864
-529054327
1028284890
-2127184403
764560120
1487588866
1602111796
-1631549547
297623466
241262340
-690193708
935684626
-1493334230
1212244927
-2022852368
2078388525
84278394
-1264822564
-1877469001
1169085118
543609281
315455222
1895960506
-2128152002
-1120711090
-2023043511
592343943
294533530
-1332072229
1683128744
-1666822249
-1887603895
-1136045547
1607047860
1894757737
2078888352
1678404443
-1753169590
-388044050
-942612636
-1868626490
1353095229
-687760601
-1494968927
-289548951
611758405
2092559628
1999631033
-1904999207
1546603574
-677796689
1440542399
-363776785
1195857268
65778337
-1832263419
-957532980
-1503570011
-180562540
1059039987
650294813
604984488
1872376385
1201617946
1011515807
-1119438394
-431553140
-147143800
-118034459
-576527577
219731173
50340445
-1150834088
1921507975
-2101624592
-761302114
506067071
-350323415
-367600025
573685064
-220586623
-851602165
438483263
932257448
-1078031897
2011459930
738354697
685051881
1480451493
-835937752
827442587
1603962606
1595749978
-1060029605
916578031
-152496798
746825174
466961128
38171466
1963152396
-174740259
816885313
1009135776
-125685913
2018616874
788577036
2054235702
1308617073
1618218422
1966993172
389504905
-1299127101
701100089
1136012164
-569128594
-996832031
1169968881
-449298606
498976122
1632759763
-1790477407
633449720
-1449783389
-814949132
-96620324
1465292649
-244721114
-1774084855
2061789826
-348714430
-1007598676
218929044
-1779416437
-115076800
826051496
-458458774
1524323843
-761638158
-1751799550
1748414595
1338930773
-871423313
1435641593
-1254665967
1393928907
-979878455
829123652
-647907373
1855768148
775268354
-294530949
1241021866
-126282360
1954044734
399582133
243830892
-1739495191
1001897594
-232551311
-704871177
-1631191188
-1716316164
632938425
-271944055
235803959
-459575604
-934357116
1280313167
1243159210
-1202352286
1481427803
-1936370117
1860032419
1250633632
1143197504
870907418
358743806
-1826804222
665345226
-95129115
-274139558
1492715539
-833557868
1594444374
828429858
-1384831966
-1247078952
316496062
-1827609141
-1854866891
-1782103466
-571174123
-1073932198
1656727614
-672934790
-837472942
-802796247
-1255957108
-1131451971
-434932739
-1207478039
-2087384700
-1005866166
663239681
1126898410
1274282384
472962789
-1344406586
-1380441446
-203255210
-257197560
502129023
2010294602
143798316
1802361678
2133293760
-729947080
2014526156
-1915838955
1607647570
-1733168439
-1335064508
1163275357
581280074
-823399147
-1163121873
-739912970
-1511830440
-741222743
2105665577
-806224934
952954460
-371426937
-1761145217
1228614359
-1869572290
-1869255311
-413226970
-2029543311
1901882878
806866790
-518769426
144295685
470384905
661024109
1607361783
-37892559
-734869554
1544710800
894338659
101390451
1656891793
-1478910165
-687039923
1075601168
-817455745
227817830
-682933000
1221308470
1946400769
1581081087
-897708725
-609375388
1859926356
-782571188
1217372029
333029385
2034135385
902054016
943523596
2093118059
-1403876183
2030650156
211162098
12479178
1108877036
-927099639
285368091
2082099908
824278635
-101345292
36545041
578192635
-1804548894
-326222279
-1456122376
-1359817996
1155762586
-1985397485
-711143999
1620600130
1255647415
-883203213
959201178
1237252579
-561730610
-148694784
1379037604
1562191081
1630185402
697911647
-1276641816
-1408665764
-101669968
1345273779
-986816118
1634512990
-1940267633
1240479335
450120511
2051234960
1692041084
-1167745238
925621500
26183604
-544630098
-30841029
-61418257
-2139003756
779582341
128039910
-59256398
1588072225
1309453025
-669641907
-97049154
2003422430
-951635791
-167412373
-201187
873820030
-1896813622
430080342
204038243
-355156532
-1488776455
1004079811
934249438
618792650
68694875
-142136369
-1308243444
803291933
34553835
2010756860
-459064755
291465383
-870873508
-28707463
1886856409
-1904159627
-1442407128
-557187675
-1674276621
-1760432420
324443880
-310284842
-1037444514
-2135200290
-1002682650
122982229
-1695534576
1062066641
237617904
697050541
516290085
808335426
1489784430
-2053870043
-1927146218
1260912918
-1025512778
-131198070
-667029462
679920114
471189663
533994033
-868847317
2107380700
-268486828
415631419
1446791005
-1946368222
112733290
1180028442
190218155
-1089836678
-399918797
-317901996
-1497764829
-183727510
1936589140
540461958
-1863643484
-143695383
845448852
1402124204
1913092822
-1762411194
-2095129097
-272648289
1710154585
116807241
448471563
-1989849122
533939776
481491095
2026026624
-927725680
1463479488
1456085338
611922174
-459472183
1643524644
1016448289
-1745847501
-1821213428
1077298692
373622788
2088010282
-38344688
1762745781
-192728053
-768473373
536392391
-644609789
-622679601
522282015
-369820517
-1102668259
-375847070
947346810
-1675904774
839446736
60088683
1667976127
2100561684
479578360
1943235221
-1220330889
411550179
170052658
-228676310
9161411
636062827
-1415000362
1958951674
493547371
-396829117
-2018787292
-380209279
1918490166
-633613229
-1390893636
915726408
-830238085
-1889613346
407067219
443676555
-724869897
-1184498238
74777507
921285915
-883524383
-1554135042
-434670685
1136501126
-324850116
2027561845
26798328
-280625292
-336127637
2094960625
-186195285
65120083
411381770
1892913258
2081815323
1662351670
1079247610
-731952762
-659030476
-317290246
1391125950
541787235
-1648316704
2038982826
-1923255547
1895274900
-85135427
1055601956
1118979719
1283393642
-1314438383
-271890180
-971309037
-574505356
-1918904838
427735455
-1790909463
1954698056
-335705367
-27589957
826977348
-1281704830
-1603225775
-284195874
-2106236869
763510284
1724352666
-1569213347
-1520221239
1695259295
1160725595
-217960073
1742812458
548882570
2118965192
-621278535
-434893976
-1569870158
1443523177
1203892387
-570111436
-802050599
1335814157
234826123
-1214529799
1553725986
976205309
-1222872895
-2021139666
-67893036
1522272115
995566579
-1383014421
616797790
-117144244
-755277101
531115711
2098071706
823737597
-1787689738
334844864
673526101
123931331
1990035967
-94855966
-1331088113
-1466109154
-1722587140
-1834003828
1322883582
2105876351
-1028563953
1036674408
423215961
1112830527
-1008426672
1421976954
350969042
-813242925
-655150607
-1705322892
-1337623965
1399728958
-1854572893
-1914882745
-1923649459
-1247069242
-835647431
723469053
2138220381
105042410
-1972672630
841345221
-1631129232
-1395917422
-2083139686
1988708687
2077303354
2021083016
-1100904965
-1790651558
-233574334
1520441382
1549684081
1004366218
1250910768
310465873
893050580
1864479614
988499018
750873509
140086330
-680137695
-1970429380
-1273415951
-1947635116
1977467200
2065539351
-1130594843
-69805032
-1928587171
2055280027
2019685642
686537888
1441385666
-1586412871
-575406863
1986224977
-192824616
1469656146
-1546481745
851627584
1381084345
1829194309
-1092480632
1777942224
451214338
-1663506520
-987105047
-1193085793
1083636974
-828001708
847348123
-142462302
-1498904928
1603681958
838328118
1306587790
-457888577
427328388
78160595
-1445991815
1934229063
1641124510
-830191611
-1478637375
-349643362
891031798
1105206536
304859692
-1511995931
391590817
-2145387973
-1166864816
-535522927
-1425914674
1946123467
-337621451
827266617
-958597881
-1071138640
597809464
-1948472911
-645595977
639210973
1985870897
504325206
613274091
-2059121485
-1283049768
248820907
-818448804
1940043190
1205724004
-1361569756
1068868013
531718274
1288778868
-287830718
1363725296
37398015
1956883763
-1466985761
1635703918
-1265292845
1514895286
182962378
1477017767
-2000388328
-1992213081
-1723169386
-2030801001
-1145904050
-1679661272
304608687
-588899013
-239711597
-2139233295
-145844307
1958322770
1107434513
469885626
-1395250708
761846888
969569719
-1883039008
1448303964
-14022129
-1158363093
-1271100350
-15507052
387213167
1736250366
1597036908
-1099194835
97750785
-646564575
-1501257737
-1902432947
673817239
1526657431
79393583
1707142018
-847478625
1089257323
1987534070
-574476080
-240481881
-1048021532
-470480665
-1446279412
-668485085
-574071304
1551695294
1062596971
-1356063634
708204029
1717864694
762354005
382261006
1550318758
1656701107
-2143816577
-112633028
366614316
1519140834
1783674936
1419409314
-2074106165
2050523294
80621057
801723238
-563584657
-1442711339
-598688413
138974567
896106927
-1671602901
-509427971
415906757
2112823802
20622877
702999772
1264641958
1653315343
1545794409
1204618255
-897343177
-1875018318
-169096787
1366715257
-1799661583
-1354993764
526624334
1459483624
1433510685
1705481138
857994651
-248314522
-154368359
1099988346
-1746634959
139054543
-855949348
-1601171510
880639136
877085859
252993334
-205891903
-109253042
1846089757
1021686108
-1566470917
604781211
-852043900
-2011513564
1315422208
-651979962
-160764224
-769205876
31574012
-2132206322
-1430829265
195829760
-1664776523
-1763641956
-1215127111
-35078436
1493737912
1316828063
-1049035231
-951554002
-97244202
-1293204167
224043934
-1580197695
163901902
-1360113511
1520082602
821416790
1895259723
1953266408
-99170280
1691872308
-220649200
-179357335
-742348436
-1897295645
543835505
-692776741
-856698266
676608051
-1355168764
1853187873
-1559530528
-524745085
-394093672
-941798620
-1984801831
887992895
-1365799578
1503024888
-1100648752
755281066
1202493574
1645678653
1865079382
531141341
1526706340
-871470393
988003550
-489739506
-280384525
-281915007
-1033277737
-1756859883
-1971610527
-2047649395
372447484
-235766484
308021259
873857968
-1232706582
1117991926
-1361398542
257175533
-1588917006
2053449410
-1725367313
-1204836497
-507349968
-1732967152
-1861232924
-800530261
-253659172
1984002131
870063668
2065392069
840708319
596076280
-389240460
942892339
223896745
-1899961434
-1116387486
-788093792
-1129004991
-281195321
-867909355
1926524434
1495281821
1620926535
2139839606
-326146226
345893939
-19511396
-951938578
-1676303494
-909639217
-796205051
-1364334240
-215879932
250314919
-2139438315
1677210201
-575965757
490114476
-1262824590
-428897402
1461135195
-81659358
593711578
322301286
1676705252
700788594
77315687
-2090652609
-1726641459
1616675902
1638730259
-1393515179
-1583583746
-986231114
-196682627
2023099225
-2139710660
1086605353
-928189972
893519392
-331836974
-2084039201
-582101612
-1521444460
1353902700
-1103951067
1251245080
759990255
359915333
-1110935384
-1696955824
-1087888603
-2145996156
-1139073786
1819874379
2058174881
1203279587
-544765278
189972631
-1683273164
-96403822
-1005676873
-1273971777
-614102198
379941978
75441583
-1108191212
70472030
120546052
58714293
280343984
-278499153
1716285178
1140777096
1863118519
1168389683
-2049423825
-1298810478
461587424
472380364
-2040985028
-489728711
-638972621
1562745785
1200994507
-1792273292
-224562412
-235528370
-1602210248
-762857568
-1821559937
-98663193
-1909132
-1872959597
603322260
1172171034
1675345965
-2070955023
352058710
-1929519317
1781392939
-2144742722
-1809835601
-429660988
-1458351363
470273332
-615229769
1100602597
-37711148
-1843313193
-1912229323
-1402026471
-1519056978
1997640646
-2126200731
321921002
-972991562
1796796242
814692091
-1391479915
627017194
1563610068
175678567
525382657
-1148261122
1196915386
1066456923
2081581293
815772799
1573678051
650820233
-63055511
1224257596
365403949
-175200079
-1031853689
1839462881
-1897915573
315587802
512401233
2081768675
1208909275
-735452449
-411532547
-1834546013
1771960503
-561402835
1224887903
-1019608883
-1298182006
-1723257655
756998046
909399042
2004136102
1333453976
-1725783254
-69939018
1629906965
1867380954
1852041453
1520949338
1604183021
1199718903
28498112
103461052
-1260029208
652800382
-1644709344
579584942
710991411
-1774513046
-331250911
138196198
2077967238
-916490842
1102701218
905277988
1015389300
1590535378
1234385345
135635353
-254775548
441722183
1767389329
-2092690809
-1565383809
-932968104
-1874062838
-1946020828
-1113334901
-1335591461
168131393
803395268
-1045682568
-2085287449
140372440
2104834870
711993049
606963422
1014089143
-1074744211
1706622294
-866708307
1225097723
-1583603870
-1654354752
1971949138
-1787899602
-1242581703
2023091046
-254983522
-27236168
-1730053214
1886066086
790164796
-1259731050
769513346
1522709958
411069425
-488262583
2095326673
-352971516
6818852
841377296
1096384197
-99055125
-216642399
1481346392
-492697808
-544278552
2135162777
1063268211
1421046821
1156002844
953727213
849578376
1020896482
100688754
-2129603413
-1169920310
-955222295
-2045598220
1746854360
397923820
1491351663
-1405770918
87192943
-505001516
-503554822
-1947546396
-135616087
1274229134
-158705595
-1054250903
-103101057
-1776540797
1326498662
951564462
1277954156
-446842902
1234513970
-1904355589
1020196471
-680620419
-862892320
1093931499
341606512
611875696
-1977726485
-1365777020
435516537
973279134
1411349565
1785716870
1633985224
570552325
-1763711607
-296219897
834634410
556576884
1760035064
-1915379137
-1409440822
401417602
319283719
-758497888
566194099
-460561982
-856966225
122401066
956366738
1259721268
1464808901
1818706172
-2114057664
1928015357
1866871971
-156501459
-984076672
41626970
72873736
-87997220
-907993724
-1573372974
-7098820
-351534203
662596022
134977963
43250807
-1531587690
2008350132
525639838
886621571
596591425
-1597603941
-431284275
1110826400
847188116
1714103431
-610860300
-2138201433
-1900165690
-321472422
1969141983
-1678836879
1212040914
-1822433859
-382661349
-1733379719
379135049
-1173566876
1363568880
-914655041
416925540
-1120337003
-220156018
-34268689
-1796617384
431742698
-2108675707
-1958790462
-364374034
523225940
-560516230
1704480932
8294738
-1552505245
-133323753
-1233827433
228749610
1305977285
-1241506493
-1204037802
22584554
2060942604
1985395859
364103869
513314150
-1531701324
-1559109889
703206759
519936936
595107683
992144344
-1144619112
1998571267
-80748942
-1441637639
-918622115
694831208
319712940
-213685700
-1490947598
-982022409
1573311572
-843499984
-970724253
1381974488
1037419884
-1958204920
1517357173
-1680014516
1488265524
1968831189
-1698702138
-1442696962
1841847280
152674807
1560234290
-1568125537
-105028882
1077938897
863773816
1460486065
290012359
-502175813
1812045853
-842223199
249031140
-324640196
759269007
-267985125
1379617092
815503992
-2080393330
-1686740070
1339884923
-1678431769
1129219783
-801382851
-1296839171
-1012196025
-807411519
-473989407
293363868
-1993401901
273242620
544591979
549136207
1099604405
-111702953
997610597
-669815244
968403896
1483695794
-1868053556
1858958807
2127856193
1287803603
1043269927
-1590368844
1273175423
755258765
1829455835
1661821690
-1180996383
-1600025314
1486521533
49500049
1239761864
1533194713
-832060439
458945886
-1609704067
-146375420
-732123183
1346412997
1395403877
-1001383421
578690456
1489007983
-383883149
1600718261
-134479200
-906695604
19763421
1786183709
785559393
1625776603
-855976686
-1364396987
113533820
-2075257432
-1473898262
1093139038
-45117681
-2004388842
-631502817
1331157035
-843623093
284862302
-143823621
113550240
-679926718
637646039
2096676435
-2135331898
870544901
771861111
139073715
-1066005535
-1842409746
-1617321831
145037018
403213523
-172143303
-1306946560
493829480
-1089423166
-248291879
-2063705061
1139338709
95864056
1280535177
-1354743414
-1332865883
1867003403
-688777952
672528608
1008142041
-1585683907
-1032334295
1285948842
-291159384
-1718340059
1245906098
-180565584
-1540421778
94314382
-482818716
691913850
1861744869
543769246
421523155
-546650347
521421202
-1875550918
-1102922473
813965335
-1009325951
-1113129815
76086939
-1863253025
-1662824909
-144184969
2013649972
-1420839647
2141521111
-1168249445
-284062091
-1245630047
1651537848
1005869275
1018729537
-21207234
1807881719
508487535
2093956768
-1603193551
1765340281
728887012
-158226986
-75252330
-96134366
1590031683
-257598543
-1083389140
-2058292926
303765106
416509731
-665563304
1857060175
649255897
-668560113
-737723281
639134677
-1306695096
-1434285465
-235257804
-720760407
1814112791
1149698934
-1587600737
-1782522524
-1800254066
2095168634
879414496
-1576997873
-1452156537
-463962251
-716817245
1391310107
1333924946
588067652
-1610291308
-1039466093
-1158119720
1326139376
1100960548
2130289300
1729346562
-783346621
-1231494003
-257647876
-1814164901
946665630
417606932
1655353440
223032307
-1006150902
-1140246899
1813747524
-1217718138
262131852
-993684444
-1168167291
423114206
792790972
-1634321575
2106621466
639357557
-1035712360
437741900
-771920645
1001893469
21929365
187111482
-669556128
941579876
-103876105
561695047
2016429614
-1565936269
-200806047
-1440635267
-2061331282
-1322983370
776262831
1752711444
2008709503
-222423295
-2122102781
-1046253581
-274651699
865602033
1456973341
-755232138
-1796549181
-1105630382
1382270192
-2110932110
-1568982722
464469056
-702746767
828803189
75183042
1683275664
-1525208911
320252241
2052466609
-1259522320
2094599214
1940020187
-261865287
-1768305076
-23273627
206659568
1573548430
-1359455885
597207211
770910136
-428861223
-1864513542
783310652
1801406510
175473007
-1326877856
1754433684
1215163871
-74075706
2004659058
1383126781
964450801
680607396
-327932688
-1802789527
508406631
107418904
783756913
165686401
156792994
-1577357395
-1668624509
-2034799363
110492970
-1843631395
1876243990
-2049750219
720363438
752282820
1835013657
-858863624
1001772105
319149077
-705765531
1831715484
-195780858
355508817
-437785126
-1177104298
1545353894
1953371445
446568391
-645745461
-965007456
-1806539917
221920911
1666338790
1240541032
1329074341
-1055210104
-730524436
-2057574413
1873644670
-1334242522
-371761460
73687931
-138342078
-58490792
-797887045
318503039
747074935
-535012815
1464031744
826572301
416408796
-1269507637
-1868978164
-47261629
-523127654
1975858791
-1442371123
1909444882
-1062680903
676410841
-721327805
-165463739
-1931988779
-1241850078
1514526802
1240569281
-1671030256
-614780066
-376610342
-536027890
-189856694
1802703072
-1027639292
1432160534
-1654262641
453289115
-417909793
746422571
596258513
734531011
1556240938
-1036476338
1800435926
-1345054797
262887795
272554925
510204019
-809619951
-1415801504
-1924444819
-722796294
8580911
805081932
-1799379030
-826285072
-1954873164
155704341
-941763653
-386655997
951454331
1499899699
-530202182
-653749958
2102393786
1128899341
1136798786
2140424558
-772604314
-1726321017
660034682
-429527048
-67453738
469866463
1580399186
-1003638357
869522854
-1974651719
-1769138932
-473800188
1736235485
1373661047
1182601214
-1097567584
-21261998
-1031445042
859803541
-602640915
-1041415861
-1019161450
161809053
-235280092
-91438746
543067360
419529662
1588797814
-538629444
-1562567091
-528822455
-418072443
-1859826366
-161570147
-1189523148
-706460651
-1838508173
1981462150
-1177710749
-565205757
849368107
-457790522
-1108642775
-854697611
-965057834
-1012512645
-1095680755
-167166382
-6238775
-167204942
-41414192
-382176268
949215983
-300282051
-1693939794
-936486372
-1675185496
1015860936
1991087332
1103222566
82319597
-1280803794
-1463502734
-507945347
464565431
-1104142072
-1412277726
-629446064
252604833
822422919
-1198676280
2111855749
-1918072885
-142195581
-804819766
999095022
-161409534
319173843
381926626
-1644430662
-814237155
-1633111074
566645538
-2033168595
241355689
-675828366
-1743909832
-294572141
-277668664
-1738720044
2147216115
-175372175
-1664064171
-1663327465
-320441851
-400045058
-1695892404
1126026929
-1109240310
1555584465
1900004201
-15710133
936758217
1163384282
-959158002
1423677655
2054944440
825718422
-999398295
-99189529
-430818363
800567934
27709397
-1986561731
1220639827
-2001990464
799114625
-1879923554
410090882
-2058018511
-1563745713
1244248811
-975896653
-1093189759
1991889662
971099505
2011253322
815990191
1516982154
1137910911
-758370379
-1163350593
-774068014
-883087816
987221421
-679083350
2057227387
-1569630549
-2015130180
1231696022
1574232852
2091238688
871246334
342484039
-1321735046
1081113268
-1624458709
-1447989804
1552760446
1200799272
1008143572
61463197
-810300988
-1462484747
84529388
721500796
-112834323
-1633973853
-131902582
785744954
-1391542792
955395930
-184035860
-1169896124
1449779685
-883377479
-142164034
-962803555
595552923
146227173
-1981140580
1317978390
-987870453
-285932059
1850653653
-1418952003
-1436921452
-2121085139
-268878478
1824909202
687524009
-1270311048
1484599158
-66716800
312475056
-1251943718
2028331110
1680468875
-1266691539
1083750933
-1455856629
-1063570363
2063055647
-1746038742
-1462486155
2027537286
1563742890
-717894349
1149827395
-801504933
-1508319243
921447024
-195074526
-322571202
-1601341099
-512652386
-427628141
1032844423
2095359146
-310697585
1336425200
-1162304734
1962449417
-106454537
-953246032
1867585410
-1414361957
1502587011
-557763607
-497190699
-1933926972
1163040047
-1098836458
-2016708999
-124690810
-1964868648
269047578
1467175854
1651868456
2070346000
-399895164
-428770677
645836050
2084044849
692597524
26331702
-511676677
1903097524
1260613502
1566905423
-136908987
1763553475
-660804755
-1121157716
-563032921
-1759501557
-717989942
743290443
679487756
-76096041
-1433250499
-104973180
-25755974
1969595738
249219059
-251453570
110175158
-1653425333
1592402850
1682306275
510697319
1830333879
1213002697
-2049509929
-1502136711
1975893778
-168745924
142571301
-992849660
2128690062
-1534800417
881275067
-1914921236
-1254076497
-126973007
1988233304
-1412751734
-621202401
1401396236
-1138535549
382822795
-434322754
-327134678
-978402114
-79467496
1422641405
-2124702741
1735292923
-1158092233
-560026772
569810900
-1055337905
1553561456
-1683280240
-77744293
-662165275
-323107661
-774014726
16796001
617702196
-1405261703
1192665748
1374243071
1038486644
583959848
-1160485571
-835036028
-1765701555
-1349586501
1514848920
1216606398
1541955281
1080346786
118600481
1735703673
-251931732
-543260442
-535416192
-1157662652
898841754
-1827080816
-140559071
-725758342
-2035299560
196345675
-1523805436
-1169963136
641121630
893682760
-1476504623
-1450756533
1210657419
1354572385
-462305233
-2018318044
-317727198
-1036724352
206629973
435528367
226817717
-1526379454
-302542880
1113136936
-2094253089
-273636138
-2130043161
1487776240
-620339338
30997547
1856464972
-1923414200
-1826972159
-829297334
-1212156588
1236252251
-1523223960
116838143
64145018
861130625
288510186
712410559
-436696705
-686488895
-164520622
-839905339
857971909
-829064552
-1032105875
-1094111363
470578141
1019193080
-656277322
-2049255386
-1264111266
-897764205
2004959827
-1113243470
-1820816904
1884271704
-1712483772
1509409008
971850952
-1504856259
1604010201
1935072492
-1791431443
1659855423
1101336421
405611157
-2106226598
1044496038
544372016
-1485193824
1376217069
986204813
625524657
108651948
-1696242495
63475105
1288798716
-1158116697
-1483268417
-902580695
-1856764039
1489101679
-1715466117
2048819781
1829158358
1752089276
1462209597
2063071610
1505282622
-1030367684
161150556
11778669
174276042
2058302463
-1559703342
-1675304722
271883575
-1294411243
1980263437
-250427336
379629529
-1016003467
-1578413821
-2124337802
-1138112048
-513442529
1035122824
1513715337
-1757936264
442845829
-669735965
716906760
849748005
-116105177
-513709410
798334344
-1275924976
859256188
-808201827
1011751708
-1736337013
1388734232
-2065498255
-1776810209
658645372
-1489451510
2077155821
-447789776
733924104
-397117050
1007999226
370107261
-1776125298
-1514268989
654555815
-162312380
748103638
-528035034
193168516
-591573609
-2070224502
1550398624
-1751757265
-824230817
-1579346972
1467343955
962416943
-455647326
1931282088
1323861883
-758769152
-90816760
-1080179115
1358348939
-1464781202
-781822054
810740886
-2081830250
-1583024858
1318495693
-366150658
351611120
2117339785
-2102047809
-1843182859
-1555852011
-1888932157
400021440
-1425770004
-1881339704
990251292
-247271661
-1745448745
-543722881
-1686831987
1939562740
1881235420
-1284134402
-818763370
-1494817315
1871130440
-873559231
1114454350
994250500
-1714861374
1053842334
-488323653
1117596200
-188345406
202562859
-755403933
85859725
769738563
-970148772
-1165422557
-810975163
211708598
614925296
1007110974
-1677757776
-2092919750
1307861774
-1487349064
1560607557
-1449000438
-1908502101
-1549065755
-139531375
1521038646
1311805230
-351851204
776442239
1625850774
-1795623083
519575408
814201050
642798843
2115684697
1384786881
327139600
883654566
2086731088
-731293298
550882104
-1272940547
1504414674
-1858417361
-240499626
-1586935941
-711799841
-1414086143
1724141533
169836264
-314029313
-1832590911
1237046900
160995274
-202734677
1865336093
1106197757
128088346
368252395
-1885247096
-1737553966
1396118331
-222468544
-336613299
1474948689
1228490535
245221059
-1391117593
-1119346022
-373519125
-857764211
798636174
-1018375785
-528741035
-712850599
1458436373
864100156
1581064938
-1661453976
2069321971
-249814257
-1406896611
-1364898396
1316444830
-875583254
-1899747138
1004969480
-448036577
-1197884928
-2145598288
-891591618
-1620918302
-1036570083
-1791893025
414799497
-355396658
-908860111
-663832720
-452775195
1218124181
2136545550
-1121579975
1408915563
1729377612
126048112
-2059650446
2034635514
1816076093
284482622
1740716717
-565084909
2062150140
-1593170929
-1725175293
344660997
1195103671
1770675951
323420047
-1732273591
-201554734
-911881375
-420256480
477840431
104949171
-1018151512
-1276451031
989080249
-1431869991
-1171892414
-2048299012
1522077894
-888389069
384840372
710033975
310347378
521930927
1119651725
684320382
-2010261828
-633561328
1924893348
-342572950
-2082231446
1470784260
-1833890141
-1927971136
260999977
-147441803
592029897
-574235931
-1798990345
-1555655905
68607466
-323527791
1081746373
1757570146
179477435
55643843
-1396627113
1822809689
-1446346164
651849460
919832431
-26311894
936886740
-827136113
681682985
-1148387425
374378676
1209576607
-868675928
-1277121547
-882082378
-547825206
1375780082
1529464308
1382359701
896404605
62624792
1016903743
2091973313
2008149352
-879881574
-577633555
1112433250
-2137432787
-2110319352
-671901353
-1676607075
867842131
-2004779796
-574502605
-918280169
-673913216
-806428185
1243021025
1176034487
1720396007
-201740007
-223151356
-763451985
370203646
1380933318
-1131721387
-1787671365
213557364
55152182
-1083692877
129901483
-1273389214
653743067
-1787698051
115051807
1888673216
-1938426439
1829027620
1700646289
1045680922
1265290754
174437883
-297113447
1953314690
1617310720
-1521711535
205753963
2113420488
-955150537
1357130689
-793944669
-155605272
1451817162
-719032377
-1438712508
939096003
-547156195
-746824042
-1308830978
-360898030
-1376788549
401519913
-1851172433
-1090685033
-1201534086
-1069638504
-342991829
-1907308908
-433878819
-1378072916
559454272
420797056
633972921
-1708769355
-354677260
-1557408776
2016559386
1217235354
1849130768
622463987
-611442074
880268336
1295114977
-1551731142
-1497679165
-895719729
940888637
-18729194
-1634530378
-1538420957
687026116
-1031577526
-235383284
1340713279
326864999
-592836285
-1866915844
1103893751
-110483410
-360827251
-1693943411
1976020078
1520844597
-1016576887
900047669
-944140307
-1907133705
146590045
133987010
-480486666
-404797490
-1158667733
1474646653
-42920296
-1801990470
-1269227644
-932669812
64257285
-740269215
-1643281121
-2008226664
476865121
-907688362
-1529196347
1887205807
-1119725860
1929582493
1040514191
-1950803350
1339938306
-1323469458
2091003988
2128861522
-1337878703
-1806417095
1411487324
-1383047297
1108661259
-1447011094
578144088
133274498
901420622
-1780696467
-1489337962
-1750599036
-1465490079
-1596504204
1152032624
-287862866
-513875120
967897975
-564494075
40816075
630468538
771767804
-1480401621
200062764
-927390744
1201259288
-1259131485
1249880012
-1595163614
-745108427
-1853740402
-1119609421
803881533
-278386412
-1471805152
-1157815394
1939344760
1160172821
-121278061
85344735
-2039616631
-1874449226
-1058185123
643373442
1499432689
195114841
564618916
-2017522255
-813670760
26659145
-827392527
963223385
625484437
-1694793218
-189013212
1901223692
-1426093492
-1170806112
1208134823
-823289559
-1596196931
-248153911
-1351872538
-1995890631
887192603
993098127
32934398
1810028956
-737668708
586229953
-2101518412
2131292260
-627433841
-214402961
542845096
-145763712
814716338
-837727057
1426938313
-817341412
386549701
1752510366
-245267701
-1302145720
-1051903398
1192214949
579613783
1787930071
-1093527569
-696161795
-485179965
1879630729
-1967321794
2046692212
1736457987
-1259987348
673228754
-1768177296
1683601950
224268158
-1081570851
-463345356
-1768153756
1321471383
39520072
-1737950366
1314814110
916024453
1225719820
-1050674752
-588131961
-1928254856
590646208
-371952322
1721977723
-1772712032
1763986034
2112254007
1548523118
2041291796
-401445191
-857628425
-1526212321
-1486970891
-411052790
-825632643
-1812231540
-1260144173
198491210
578851201
746974888
-2091714738
1385558949
1325788087
-413717942
-1772100608
-94465635
28809045
1350836841
853234330
1490389093
1620341971
277584518
2049805388
-1133008016
716434673
-1813363095
909742698
612629060
646726910
-713964785
1023432268
-1881062253
-1517063338
1247914722
929368949
-240026741
-746964949
-2088683222
-1998456842
548947052
1157201544
1735078083
420439828
-889216933
858147219
-1893402096
-1177247192
578731382
-188698094
305474607
-533392442
1999914279
1261877295
838661485
-802555615
-1201226819
-1252266625
-933554436
1209746862
651347256
711146304
181823459
479239430
-1246207133
-457684766
888738613
719161104
1580564776
-2111158584
-1855650427
270156383
1080909599
-38657713
1690123672
1257035992
-303975065
1933205518
-1492716452
-524526953
-916742471
1198470495
-1428107239
1948410642
-2012241734
151093790
-1390569754
-2129834881
-1635162737
103797168
1580405853
1564980595
-1482622282
1024758343
1355097746
-1069531957
-1786468076
-1620505245
-1868552640
758552527
167754313
-10427237
-1426776507
1168205459
1826078539
-885385571
115181136
150104736
-224449486
-1403400078
1800631512
-2129329196
-1930076848
1569623814
19299407
-1705175162
-870753916
-1902881561
-2092652649
-1738881555
-1036655153
1769994317
-651015756
292131265
-2145206745
-2055025319
771921091
-820519390
1656752011
-2117586783
349056043
-1142036807
214847319
-1354582548
1103373841
-437676515
343321561
-1588134087
1338322961
-227090825
1927008803
-5341178
1832897322
1929541736
273036578
-681791282
1258279673
-1027658711
369787375
52786898
1678951465
1158940916
1365970277
710657052
-2113571287
1923886754
229246706
-1480870976
64437280
2005339540
-1735686990
1175692901
-481713891
-1326300969
-1327252295
-876338429
720581523
-45848957
-1950416976
1884717037
-1427172349
180525667
-545896286
2095486994
1365916410
227571418
-2049149416
-249819009
-353719746
136626180
618496098
1194586663
-214172348
213589275
-659930825
-1838965786
-22016796
584942619
-652173184
-1343598397
-2095474097
1084636073
1590246000
481748597
64107840
-1509583056
-809446697
-69511128
-344206991
-547040947
997534136
-1117765248
1950465872
1722919020
-92142312
-1381595683
-1687946254
-864771661
-1888189416
329623521
705891399
810423838
-1559752890
-1137076946
-1152264305
-1487639062
-1143899601
983231092
1744188685
-1315951049
-2088621512
1581839274
1849172217
-1535591192
-2076813651
-2057507686
-53818182
-1323368755
333362714
1806845347
-243663276
132199428
67579097
-876089158
1006203678
1398126236
-700362516
-1040516431
104544697
-19890310
-225257716
368768187
1333606205
1153537408
1253391618
-849546705
1301105588
73976555
603276596
758783628
1539754443
-1354928900
2002130818
1410543549
675493318
-215037478
-1920656558
419575965
149127092
-104025930
-1620517143
-438788164
980823268
1672826928
1441177596
-681623965
1200759959
1972901624
-652260986
-573903915
-368765962
-17597768
-1575093540
-1344800553
-1808818875
1152239921
-1358992386
-1188864141
244893273
-116955228
-499465425
1484827384
-1935320505
-110680974
-550916154
-1585980348
-1862847906
-9994490
1500962374
-989409724
1774426710
-1483339278
-1745413716
1836441276
-424721464
-2084287656
2128784904
-540549309
-810451743
1658568587
1185538127
122262161
778542674
1931272693
-1661431954
-1656407555
1952244874
1875599418
707416738
472053568
811214887
382196637
-944658170
-762902914
1309944233
-1078338398
1628049005
881529991
-1379507096
326294773
-638187150
-146786983
1471388871
-1453487222
390563532
-646234391
962895274
945467140
-1400760858
-2067428318
2064701733
849300058
-846472530
912813101
1243865205
389932984
563824813
-215367181
-577902797
-1438700126
1893530455
-1129015329
1488766406
734798431
-231850077
1846586344
-1644286183
-1037123180
519971550
-1455933490
-1612509811
-1349269458
1647319740
990607779
239549233
-708650363
16292528
-254426996
-2044720848
363882686
593308285
1938817480
-1771615606
-1994459792
-1702440437
88685041
-811608569
-1883528567
-1230049666
618471042
-1177832601
2038179955
1247528068
396747673
1971021789
-339567758
-1910283282
543037949
723588542
1210950479
2088808578
-97261215
1732862837
-1857943238
162505742
-950064407
1980194234
-461062164
1027808704
-2019547154
-1962948349
1634388492
729273013
-450559746
-1991010758
-1695112493
1886204879
-2119171802
108031663
-986641166
-2002363190
985227634
1472826191
438660018
-306028399
770392244
1021987606
1105726045
-1921218866
-1208036476
-663274302
1353643484
687492799
-1829891960
-221671480
-2090054495
-1535751344
2111659253
-350478197
-1058854714
-659280795
492109141
-1207921717
-383874954
832276854
-1382396278
138818907
-1446782837
1159479649
-1619719406
300125718
1227949432
-1671920774
-1179836276
806282515
787494505
-2076322329
324131194
-608100329
-871786840
-747131605
1688428359
1034008395
2069745986
-281319169
1115936908
-49172434
2008687338
-803812760
-622483570
-1594436660
-1258215908
-1998113019
2080410891
-481848272
1104264581
-1649320535
1550824245
-2090117866
2043134113
-478801879
-873011970
613026789
1141395110
1452959350
-1144162922
-2027853093
-2004489312
1346797293
-1104045007
1340410761
-24720419
1434415085
-1880143859
-1538110334
716829066
-906608982
-1884180301
918017615
1758331037
-1781600448
1453794940
586939301
-297341706
373293579
-663558314
-361994023
-260184384
-568593867
-304022584
1385485971
1082730781
307988879
579625011
1086436289
1803521794
-656859740
-1175978407
1823406799
-2040130978
-103151093
-1742783709
-265116140
1901304193
-1325073411
-2025120610
45447055
1597617851
-1120345306
-305836986
1027868626
-2054734268
564239295
-1221428857
1915572285
-624699813
715433436
-210640768
-1060952977
-74324560
672235010
-1925711607
505695994
-1938390010
-1062835460
-1040805385
104809813
-2103619308
-1296837394
-2045453154
-1749571818
-1865919060
2142599594
1335766167
-1589117856
-705015009
-1235611070
1991667650
1927047065
-882105122
-186171939
1385144974
-549831072
625219684
242271694
-745814921
1070841278
-544186541
87527138
-1142222640
1789283739
1702100957
1828047865
-400654398
83167090
-1517820059
-1239202345
-1026370668
211317832
-496499867
1754647611
-146229717
-1615350311
729711762
1301226545
1792191188
927895316
379433021
1753941924
882497601
-1490616374
-1592073221
-1472918985
-1386811695
757360545
86224776
-954763436
1203547924
-987143090
-399496984
-1827570300
-232401778
1707138819
268689102
78920449
-1829738311
-12190427
-421458623
1233878921
1326236240
1255008321
-1951926147
1330665332
-974736182
315728192
567710231
-145705976
456373284
-2067442982
502975587
-231160564
1587081443
-609364152
-1754513383
1109383066
-1094143911
-677616323
1313343542
2089012793
-1712954074
-1207724010
1324611615
1828423210
1274366977
-27769009
-1994616820
-1927692798
-32665416
-22814407
-1854712925
-1686154888
1515208565
198524137
1101620963
1018486400
424838722
-386394253
1266455875
424748952
-767751474
-1773490088
-932501734
259180384
1197758577
-995346116
-1442502335
1323895152
-773084563
1515588828
-451409162
819002469
1347655286
-595795650
-1638156797
975769917
-1712694413
295069993
1075217694
2117000164
2083248262
1255348439
-1751139181
-696268530
2071687241
-266141208
771647776
-1926308537
1182948443
-736626022
1784465695
-577842872
388052250
-1687780297
2112267242
1821450123
898347441
-102095666
288043898
-1366304992
-703470508
1948854309
-2122218415
1465993153
2022340298
-1281426451
-1418170470
-135144668
1837476651
-1126982857
-1538681971
-208556144
-643226389
-1682326233
-505876968
-202848333
1729150486
2083830502
-1925120581
-27401295
1066462428
-314416931
-1585083213
-1511434368
494632272
-61595873
-184186278
2047767154
1934599020
1596345638
-219769139
-1941222381
1506453848
1813738689
272311503
-1980233164
526302699
-955459507
-1991354900
-1500777401
-1066817679
2044766242
-1399917343
718268397
81616559
1883872080
-1941622214
-2048195891
-1968646621
-1273307253
-455801027
-558918233
877621647
1054250083
84501254
1532736680
-1660816968
483149239
-1627224589
895613183
-1351362453
159390059
1294217025
-1694218320
-422278976
-1553292200
-586776329
-757878361
973318050
296524420
-717832702
-624574193
478969998
676384402
1203979937
918603748
1198289562
577385596
-1654622461
109446086
1231333816
1141037950
1101679661
301574928
-472405957
-1414786219
-1025445087
-499763415
1782015130
1271869609
1018996284
1725530137
789643124
568435910
-1730708257
382696799
1057969620
-191472494
99750225
197640193
-2145520715
89234107
-599645980
-1262487069
-982897976
-2084323025
910723669
1742677596
-1869065868
937606609
-1247916424
729950214
1499426333
-1245639063
-100588
1796468693
522048168
-1287876645
1691158539
861438314
1344105535
1617857691
481910462
-730634071
1348914001
1147780704
-1508072529
191329416
-93444132
1600796439
-1214565785
-766063830
-1227495954
-1385798374
429530009
-1146639573
1647730280
-2026920287
-863492730
-375165379
1351806981
1883512952
940306083
-1083531021
-1038050150
861588466
-1675684230
-630045732
-58542434
-1831997411
-1422356275
-1704228396
-1427741971
-2087224778
-2111404288
-373774443
-559025464
-589960865
828009400
1604749460
99179040
-2113420914
-1301273410
-1865646838
-320256493
1855371720
-1914474711
510670160
-1458661450
1026234767
510976444
350068335
1691371285
265484697
1811034508
2139583479
-66194825
1452301250
204184806
-239166705
1013292518
1134317122
-2128961425
-1726244147
1135044333
-1495495134
-1260627317
1419167176
-1226166109
-1286933
-1318829822
637593834
-2089776152
1592819105
-1728967455
475501450
666722286
-478573329
1872756894
-645051207
-1960044805
2100766883
336391294
-149992997
-1789373588
-411985317
393712955
2128050809
-1327664900
-2056849024
584540384
1014168918
1589007942
-704382860
-1999081992
-279817537
-318088568
675270918
979335399
389668903
1035748265
1105593390
-560188521
-1308714766
-1965252484
-267394826
-2030636202
1747181713
24183622
1446708917
-1265575683
1101855182
1645600893
369710723
-421800107
-1899653272
588846546
-1719007256
323107767
-1911922206
-1660461711
1538446550
2066455794
-311196009
-377015929
-1448382247
-1037609872
1215341586
1627382788
586989452
-1209866853
-1897486436
640937633
165183054
1930753916
-222990315
1273085732
113595702
1911276709
-848016889
-1209105437
1464238915
-199744175
1936824568
-1647133562
-455763496
-2005100599
1022575103
-415722737
-1678247066
1461316360
679127961
305676575
-1583279766
1833529249
1638426300
1621034353
44920218
-923872544
227071276
-546214485
-313374118
-45479888
-271294194
161609813
-501211532
-1548491588
-1841096262
285299497
-118605816
-770289321
1757202901
754825612
-252669247
580597408
673962653
1947940700
1503157577
1914406753
-347432826
-2090413076
1995629054
-7729865
1713876230
-1698502324
1329710821
-1943282824
-141041235
1846225869
2076367071
757763152
-593985417
234038723
1129109017
-1188385747
-1241062043
1349135244
1170861001
-766314660
1514607945
-1552151599
-1695556842
349654516
196898273
1465253899
-132056745
-1511751182
1872020264
277586249
-396329088
1559782309
1737981415
590341423
-1057497896
-863784884
1924108177
1041393473
487719151
745129725
-1140830384
-1145994655
-714288945
1674332103
616731739
-1737097578
-1634714767
1439629595
-1960271478
-338340082
1795006834
-119353497
1566357035
-1874600859
113345542
1475105539
1150769174
-1531955417
-100880596
1116053584
-829969666
-975827309
-409382109
1676168734
1947822346
1313724322
1471398172
-1728084402
155799715
-434368441
562413360
1945631928
1802640271
-35493129
-1575049324
-794955698
1737052990
318353003
992069386
2134350465
560240228
1625509283
-1972916582
1301065955
1704272839
-840041426
-1342804863
-307110643
-101663143
-858209624
1183834218
1647922882
1119633033
-1074505852
1532272347
232246356
215835861
1274724363
1441601521
1268770118
1975435683
1708228004
-74320560
1928014642
1223280209
-1360344235
1332208468
1763939565
-1626844278
-1673613431
1228028300
-769822744
-2092934949
-1541609965
597898855
-1613462568
670128517
1134880371
1153942063
711281817
470084244
-1782478250
-1736970953
860188239
-1417642448
-1218832285
764714320
-1051932722
1645744178
-1757235404
1181621889
-1068316869
-1704556550
-1601008478
171346678
-986061581
1231676287
-73003707
203308600
1887266987
1227784103
-1049083846
-874002530
871619799
1484132824
1181088550
-1096544253
-289745840
-1126422834
-1323672965
-601971016
-93919696
-356304210
143915514
-645043780
551355392
393395803
623292792
1402338602
552111637
125804040
-464135708
334415346
720620086
2065571087
1386176135
822631371
1031708802
345316096
1628446350
193439336
-867581296
-1745349125
587096773
-1524098583
1407885527
-1613857214
1926196133
-1440692588
-1210133936
-576442615
2004442000
-258068540
-1048849831
1357389968
-1748827814
-2071060959
612514012
2000398195
2018985739
1612308752
-789983056
-660220608
920275170
905884525
1928212543
-851194294
-91596643
-1447348361
414824552
1514678460
2060939511
-1518060021
1921457573
1185458416
1509940594
1315065109
-722477200
1576726273
1030298198
922523971
2141213154
1727392158
-1017630471
-1465030918
51387805
-736681439
-1239608257
600245901
1885886956
893924831
-872890012
45080492
632202536
307368129
-1992414984
-1695596518
132046685
212909331
1672094763
1655431586
991128364
-46932837
-2098267574
-742892725
1886787826
-1811603731
-1623967095
-1101467190
-1598939095
-1049671427
-1022104062
-256804041
306301710
-1605000715
-1750440451
-343848444
1400420484
-1712006839
1591618162
1824412458
-220866504
847493639
-1638282037
-201325660
993428740
551239539
-2062966035
-826443488
-1355390568
-1783439661
1368108665
1785336308
-174204073
-1837688186
35664974
-1950971826
175863678
-510807461
-1299330990
-68416337
-475902325
993789215
-1705782926
1387926426
-32876068
-929466505
968018406
-1020867960
305493909
37811184
247578553
2027776030
847661255
-1475225516
154982792
-820720735
-173781554
-1551768513
-869211255
-553902167
-891624199
1141308657
-865851185
-398298092
-719909008
-1237788060
832380107
1982432061
1963073618
2008543648
-2081711851
-572320146
838187549
216543310
354530156
2063318418
-966279597
1734565259
2113236987
-1953706450
1832063833
1441805311
-1374366755
-1692738158
67921057
1846053165
-83223581
1470442059
1790984459
617223691
1399200660
2076027099
-1731576952
382907605
-1904015243
566798251
-106237440
-1253955555
-1919797879
-2097267136
-1503846795
-282542297
483099419
2008480685
1437079144
-884249741
-742553926
1496352840
1343249531
-476374118
1982443396
1854811808
755837015
189165405
-339219801
1386512302
-1741420337
657070330
-251556828
-1386314167
880411717
131432386
1298890710
-713146913
-340010164
1503557607
314836659
224477282
2008371599
194519962
414745680
-628236417
-1045847824
-1091677867
1258037418
-1285808875
1165851380
1449651061
679494178
-615434524
103103581
-555201269
2892745
-1392789115
-900712680
519081970
-1988031522
-628535655
1667511897
-778098652
-1301485932
-332481979
745185540
717054025
660949271
-1207059491
-591208882
-766538864
-1006559023
-238303778
1099161764
940966082
-790129944
-1412972254
-1699677493
1874473620
-1940991989
-1744023730
-989568185
-968591044
-861020050
-1761656690
945031681
-701734586
-1242518510
883306628
1270588451
35558311
414040905
-698122627
1577128518
1018211090
-1932416135
-1181870875
274105551
-1108571510
371962911
1652143101
-168820074
1948387640
-846948329
-1834175542
437794247
1694959486
-727224550
1465610576
-758471923
-199540405
-1152797817
-1106191616
764915436
-859410000
1715953765
1877921902
838407534
-2030265421
-1099666521
57166150
1837348865
-1650619293
-1466621774
-1677559936
500032927
-478025172
-1859969251
1053382866
-1884323537
-797350548
-1264778825
-1678283930
1442032171
396549701
209383885
1779923405
283757442
1707119540
-1178424660
2011345458
247346366
-1514688542
-52842140
1871477970
-530538135
210486714
1591526607
-1152334421
-1975430483
-1709435973
-5256751
-684675725
-1852596422
-370040818
-446056480
-1709910581
1213144428
-1396014629
1374964166
273398964
1108790187
293596119
854554277
-2050106559
1287641877
-1213608927
-1570441413
1863875470
111673434
-1992551090
-1797760153
1191934448
-979013912
1736901826
1862562796
-163224211
-514268601
-456852927
-1956703117
1614590830
759978437
318092485
831025622
-1425278285
-120624555
-1670379375
677093531
1540516230
-567522637
261120645
-1565919298
-2115441869
115277260
1182510260
-1761387598
-1438666570
-248889507
-1286379469
-1467370070
-381742922
-1157884198
-1045360589
837688084
-540937550
684602512
1829509714
412772709
-1771095687
457997581
839854125
619862555
1964695775
-1639029057
68566585
1371755263
-2127641939
-984216102
1767445459
-123046229
-1448724775
-544071041
484561045
-676546229
-400096522
1301157146
-157168918
-1917518425
-931836691
797844747
-1795482652
-2073526688
-785939219
-481610360
-1590748084
-33421447
-581272928
-1533244223
646913786
-1712798695
-1233841762
-858005180
-2075263897
-1832934258
-636597978
-223192670
145113984
-118054763
-100693237
1170432595
1525818300
2109168088
1188591083
-913015338
-292592528
127591095
1183356583
-950045924
-885326495
1294904650
-580467442
-781287898
-566942566
1563092646
1040521179
-898078996
-1422400128
563921504
-675568671
2053939840
-766012125
510360142
-1279034748
-1635917197
1233500118
-2067331436
1348377451
104576631
48507905
276550110
941673843
158475333
-1113608651
1645669866
-868707610
1821399489
-85587328
-847606711
-355029780
29744475
620596994
138067813
-372907455
-31989577
1489540032
840353733
1613495591
-106522225
2069441463
1281585551
1015559326
-210451240
853955380
259999310
-460163885
-511592413
1840590690
-542009611
-1897776427
1747494214
-1617022172
1768006180
-1854212210
1035859003
553598244
-1482466647
533147120
-1685203129
-848755924
199987784
1969930350
1777171806
1718050484
1922403519
-186113619
-1270708539
1823035067
302006020
-2003084165
1778032633
1086767834
-1314275632
88680191
-1398315313
-365984875
135505504
1185903922
2014379484
-273691660
-106729350
-748142963
-2125204970
514615378
-1268903763
-1924764924
-733653317
-301896076
-326218787
157293362
883047281
-1534336292
827954430
-830947372
960356526
1930944351
-700485089
-860834693
-1129034151
-84799755
-205804118
-1115205251
-1084411727
250909391
-1241262103
-896030420
2073370477
-103504721
-1990402868
1531405386
-432950491
-352875917
-1475497495
1898082747
1935084784
-529879311
1522557123
-1357546116
-232016819
302248970
-1586302642
1684300500
38924102
1953272313
2100164786
-2007429688
-891553582
-467003412
969855055
41582547
-1780303493
1037984213
-1349535487
1541598166
205317696
-2093967487
-841453916
-1270407859
1817094587
-396457752
-259657766
-1347379517
197671814
-1768490041
-1635746293
-602975353
816581083
942849644
-1201464915
-1898022752
677075322
1055626192
-1335361851
1852063997
-168656945
-829600534
-972954196
785547504
-634643629
1905173313
398593046
-1526588195
-661328334
767862979
-1717089712
1172975406
-1638908115
1060954325
217233608
-963700343
1481041089
192370347
761440722
-1825245883
127491720
-1191492392
-1635976280
-1318840551
1305452768
64365096
916326067
-1106929130
-188254518
1077815213
353479688
-1295440425
990682643
781100055
1087391796
56910838
710148536
275099721
651267644
927979713
-1786399098
-351266520
1032031966
514593580
1415028225
-1192652107
-418090979
204826634
-1774922874
1998882909
-1172203268
2044439671
-1018411085
281943695
-129542775
1022796697
191049222
-2011678321
-935839972
-110685305
212738244
-449012343
-441207584
327136648
-1547821285
736721897
-920137582
-1500482176
381471114
1180238313
-1287535735
1688319142
738558080
-1388659605
-1167198219
311722874
-52475581
-558963448
-1584934293
498599670
1123392787
302050408
1409159072
-1942782717
-1469282674
852481491
-591873420
-72903634
424587606
304625672
1180302898
677448347
-270905360
-198835
1296259350
1856096313
-300155921
279514311
710734607
774170678
-1936395183
838201099
154475717
-246061643
429678120
-1228443660
1089092316
-1393139778
1040280444
289874870
-172908166
-2055788426
-1553036177
1316398387
-185457658
-467889265
-26472798
1555123085
1137971
-1697892351
-1830629673
-568646404
780071740
-1461872391
1155915992
-108770592
-159818640
1629514258
1653887382
1428480793
-373561359
679895746
-313366636
-939040106
1878920888
1758614806
1118569861
-834935508
824725723
982875041
-2044193996
-230117720
1688412946
-2132856143
527372451
150546727
-1905741705
-158166844
1906653047
-1125256028
231371916
-191327686
-1275408750
-1033511983
1097331074
1750912075
2122028033
2061550123
1742997176
-1502749894
1263558937
-2135236792
297446273
217710538
1513385180
-974136461
913379882
141795313
873582752
-1139105414
1517713210
959487691
-2050018574
-2017461819
-1146347269
-1634549807
1435679927
188695210
82793273
-1435072182
1130151060
-1348085248
1835547465
-1987487231
-954295153
542575601
-2096293812
1241425463
1234767350
-1421632748
-788978763
-1792569381
-996765825
-276220485
2116746760
-1729147400
-389697104
-654087032
1345758179
1735530350
-574046848
1306328646
-609013951
1410041060
-1303994050
885624053
1240262909
-1181442564
-937211982
-1266872282
-320311659
-1671887415
-1564230271
1886886025
-666111951
-154273155
-861615915
-1718535996
462408419
1502420070
1154537277
-2095372411
-936901842
952119323
1714185681
-47681830
694969292
-1706405902
1079920537
2061614271
69026987
1540243636
1183542830
1575823608
616513081
1836637587
1366562978
120325153
1189629153
-781070500
-1560638307
1184760835
-2009257772
256115432
-1359364665
-1051041496
1082512908
-374172968
1523877741
176470449
-1725124467
1267079296
-2138284962
-1272132250
2045475053
-2010539997
1169723670
342189838
-90299114
-1498579871
547726366
47187712
728463691
-1673898772
-1200215886
1621107449
-1729122968
895765634
-1902823517
-638447824
-367680915
1064012311
442796671
1484711079
-2062586820
176484688
-1576098578
108525764
-2002308191
269088312
923250782
1240054304
321762451
-903514067
1213066722
-1498478947
-925115207
964614171
-769334697
603672253
-1798222289
1069792748
1360306376
1813191217
-2110666103
-1627111105
-425142509
-164642384
1384106519
-857970345
402751692
-855346678
-1284324502
-928958379
-486448032
-316158852
-43260137
611759529
-1526415747
1460058181
-1936436294
-2053657658
667729841
758790521
-1378089411
258936085
-1259159471
191062292
-557774246
-1297206229
134237852
-129127854
-1489326242
-460688579
2037873439
1363761468
-2002991826
905946835
-1947662502
28618374
-2029836913
-157499461
-974366045
-1849424744
1695944097
221935680
1118265674
-1341773334
939264940
2051778715
-858605059
52661396
-78215906
1048178346
-2146904722
1378618149
-9299756
1278778591
-2013991886
-2102362446
-1364958824
-1759304582
2128670444
-98414030
1046797546
-1885638918
1668273322
-1664828663
1967585795
1735383760
38005646
-987732254
215454998
1419235158
-903409744
212054721
767582936
-728687618
977595459
-702103721
-1447555006
1423414990
-1067078923
246150808
-2115102059
-292311541
-484854372
757782154
-703749218
1546903860
-810717682
-658762400
-404568517
1919964466
-809107377
-765758777
-1771950307
578222028
620147441
1843710590
-1198850609
66184800
1404066232
-2110309332
-2120797706
847317967
-387789188
-876446611
-2073089831
-1235539527
1220711507
611296045
-1197936861
-94781206
-2019358482
555223865
-953914649
-302609133
-1040725949
-590211309
-559832603
1190692796
-728357268
1451552517
-633430005
-416135
-730209330
1924238456
-302071234
1036896347
-1277264002
-1284462971
-1865062055
2036762281
1135659999
545936332
-1853204107
1565973712
980593039
-763005564
888031595
-1596662889
1189416067
-1696972844
-1085643114
759618454
57323376
1783919456
-1201811235
-1706237208
290986348
1114053669
-1394060560
235811359
-812918315
-1476597367
-890119472
-1885459336
1072963185
57504685
-621644139
113971023
1649739734
-84868602
804706667
1658596564
-772448244
1483843371
-535188259
-2014536193
-166881424
976340463
493498965
-1142251583
-600888358
1152209842
-774047517
-669839493
-1902584318
-56857612
-1486116035
-1253852493
-1194436321
-548206294
-1537918458
1207334404
-384814896
-685574444
985654867
123875158
263936320
908218575
-1626148758
1499361103
-999981692
-183884825
-243929396
1433992713
-1241655226
-486145104
289411445
-1133207803
-980389208
663136661
486659425
694360158
214166882
-1380519631
-1015550894
1711012161
1208498221
458474973
-1184998192
1073009564
988732259
-140716663
1107762801
137813269
25933798
-602071857
-1660438950
35203901
1447518529
2103943237
-24799227
-410648827
2121954830
785770258
568413763
1784992624
1404803734
790301379
1945940100
1527391114
574618046
-1789431713
-1286035370
571022232
1615360032
2089189048
-318026965
1221765520
-2053913224
-18815484
643255390
1397792971
376477761
2036550827
1203374968
-1805458184
-1030758497
1112700257
-2768210
-1961897901
-563927169
-1449971081
384932270
-979875561
2095049468
-2143438226
-685662054
95631921
-1456230140
456733133
-842729644
624649013
982175547
1948614196
-785865476
-271207531
566621982
-1314474320
889316278
734373135
-266800789
-1920547505
-900012880
1971865959
1615801280
693571063
1203327075
1713766230
2031680642
1652895347
620103448
-155843902
663666944
1785932750
-1213078099
-477213650
340081111
-1353408284
1506513560
1515025267
-1256142441
882360885
-956917972
-694974032
-523535962
-1631958276
1507084571
1159339646
948693348
198682495
-671922117
1395319912
-931558512
-1992363863
-2027776884
-327702375
384620009
-1808495403
298942585
-95579689
953173784
-1309898260
-1945762978
1481169584
996239052
906495153
-1157156790
-213026062
-1958796249
-927911589
-1619929851
719090783
-694864296
-82388637
2018084180
-903563615
51012488
599876255
-705128837
1890176635
437375482
289977232
1918226178
-1454779327
-711080083
-1298953993
-152121668
-1928376950
-1372292412
1161695405
-2126351612
-321718749
-934421528
-1504780876
-309937334
343712838
-605325843
339642760
-532024883
1005698058
-1932931213
-1396205893
1442258089
1202906653
-1516442290
-1439078208
-1723729132
756153777
733993833
1684169990
-687926556
-284923468
1423532007
1037209928
-886009260
-131771069
2071346314
1618559779
-262600186
-2017559712
1421582936
-1045056280
733037388
-505054751
-698696837
-1357147213
-1494305118
287760299
-1961332888
-810952004
-1491310977
-635999712
63620419
1380159468
-2088372
1236739541
-991983486
119485875
-811436620
1041852040
-1953098800
-2015689192
-1951414242
-662713776
877684275
-701412591
-540184457
-800736234
2063459952
220817428
1529200948
-1310906045
1910798509
-917018387
1897549975
-1141612870
-130889128
-1014683182
-1749286608
31998217
-351209400
188574900
-1415803226
-316320806
-544017631
1029861335
-1582980425
172836015
742540795
-1283532380
-1612859780
438168782
204153669
-1004991043
96682993
-1401815431
-38609945
-532791470
-1335161932
-1669148318
-616815449
1476121778
-703171827
-870972835
-587215411
1540550693
1824734766
-1632052649
-255405816
94056952
-276419909
1373024390
-140715630
-1123612712
60173963
831962081
1096854163
-1404232349
-2147066192
1480656850
1820985282
-2053127684
2122891956
-1783529430
-338492334
-78358562
-1334536155
-111458219
1173150731
-1070981005
1307494996
1657655758
2068232886
-62850586
-1380212135
1171285460
1299125693
54911478
1194128217
1061164638
-1057063917
-94088691
1829783307
707217995
-1736114095
-1914124144
481611383
-2008721187
-1830706911
-126741640
1868110592
1773135976
1811764191
1700016161
-2100501595
-1549859770
1650038140
782816354
2014534275
1645223437
-528702042
-88673059
-1466509667
-1308922365
-851193819
1025236119
-1538861601
-40212783
-2084149112
-474633782
1761975136
16068727
16407552
-688372742
-1906643481
366501504
217415051
-1638719675
-1682589008
-357345930
95744084
-1394646785
870228080
-1963781225
470176857
770914686
970565269
-931901240
-825976498
1169196849
580232401
2145593801
-413885503
-1670244617
-1616109863
1015925417
980152446
1180439981
173840489
2123549820
-1410432460
260671241
253404556
1605057100
39183703
1654248870
834026265
-1034194611
-1344305592
805228638
-1130757248
1280659539
-68348493
-778262305
1930673094
-1970705784
-1479223495
357746552
458677453
453783897
-300566962
-1424127948
1495930073
567232944
1539130723
-974244567
-768322225
-1602322328
-1341387962
39309841
-1461290818
986911229
2017903305
-1593537255
-1085618909
648493443
996765858
-305075975
668192360
1564424921
-1789168751
-1264126908
-1277657810
-388211682
-644746553
-335207936
-1241301556
1644266082
-1677701498
398563193
517381014
1377330592
-1693681916
1045693266
-490091423
1755418604
-533246571
-587378212
-1331433402
-603415576
-712543224
-456797526
-68875866
1121543804
1975987792
415212388
511177071
-190175291
2072787558
-561744933
920177564
249145165
-2130001298
-1044187298
-1869627390
2139094909
-1088238312
874616651
-57148600
-1679580081
-2027302839
-385795352
-230212554
1588306247
-1763161607
436484211
-1882558157
1076052643
190677854
-487931017
1334848008
-277701167
1801052746
714566752
1044505066
-101536480
421686481
-2128378543
-1485216330
-1929710918
1750491950
1360298037
242211453
301061842
-1250290714
1765841428
532162627
-79153895
-1390916051
2130864039
1643040004
-157561483
-1818356087
-364898515
1365597175
331582452
-617971275
-1346077825
1450192149
-1253843970
-741942841
1874146402
2069954780
735607498
1394176404
248678428
-962487216
1201962259
82299475
-689782199
-1022516926
1970306058
-1008537728
1316236270
-1394923820
-395698802
478358786
2000548046
1347802683
139946905
-1872329841
1578731004
1370001350
-1000100099
-1711833265
-1525455439
-30548960
1523761489
-195537729
-1196739489
545238481
-1455224283
-1796708392
-766991610
-1929169142
-1359635588
-1065836177
1953211077
892721057
-971562629
145045214
913554867
-1060346023
1635490141
-65943580
390310127
-1257873305
753533865
1219425993
348349429
-1733644751
372540839
-1208033595
-208373453
-834919336
-2010337777
750783650
1265710043
-632299016
1967837444
-440607328
2062081786
-909105874
1641721664
754411672
-709336631
2140820186
-1947280241
323507555
-2061513405
-225495387
1837078913
1493780092
1317711607
823705413
-365882278
-2100709149
65682719
899201791
-2121775795
-812155324
1333637104
-597141395
1192548841
861025624
-71934925
1212706689
1334436819
487810187
-1129684204
-1583425847
-886686027
371923679
-463336647
-807581452
1986584950
-1278526705
-1418127594
-952983916
555519659
-629549833
-984699777
2138005541
1015650380
-2130366158
-1751932546
538113101
324250282
1866101509
2041594470
1627844197
460640928
2101998715
108520743
1407336759
-869911799
-1714241328
-1959666204
-2031724023
1234836849
-129969902
-1889228606
-981178406
-965574130
-977277179
-95855357
844714731
-1709577488
1254056519
2056961362
1752377472
450131575
-2145334348
483686751
362479335
1572963590
-1947282677
-802392914
-1316317767
492703221
-400651567
1960388268
-1230686625
1805832140
-525816203
-1143642109
-197158697
785960877
-1149886796
42156334
553308344
452058128
-26394562
-1600876977
-378370445
1004144310
-1935400807
498699328
79626459
-1022211625
-2053798587
335717095
-783301914
-1556886371
511002913
1424228558
430686644
1241414357
-391992307
1050598386
-1645185327
613213155
-688031537
666725338
481907382
1685230839
-1328732870
-880021269
-659729515
120152701
-1170780020
-1236640518
126403670
1854231769
305480728
-1485344477
-2141886500
-533844908
1657690660
-1521523496
820221068
781758545
-329814252
1269131836
-222624754
1055473091
-36323129
-1964989519
-572368043
1741441250
-2052726720
928669359
273198813
216581660
1684904329
786737111
1804371763
-597971383
-1955990061
-2028106681
747645370
-1628761565
211336162
-861627345
-1593628245
1133670645
558830247
1317896868
184911197
1257326225
-1329255890
1271121588
-360131642
-1035991930
372838074
1992362425
458769985
-687936878
1003031085
406345458
905478801
-1479183787
-1505216595
1752062031
1696373029
995115591
-1118425724
-635468661
-377644131
-1919493140
-1943215800
-1236100480
381065100
34699589
-383374789
-813236810
-174130817
2022362505
-2043902476
1368639548
2008652862
98606357
-379518146
-209345093
1408174161
1242652832
-579176641
-1894331449
321759173
1873045426
453009628
1866310520
1542648367
-1639109034
-255451556
1778645049
1248646385
-1685988850
-1590601397
178372575
940759995
851972615
1025559712
-51130371
629857620
-67459443
-1695102687
1947735158
1822765210
318618560
-493020154
545135442
578334151
696150919
747518940
1062472149
-748224523
330699461
743038892
2066042573
-128578845
200850891
2086233180
1828824619
-1510774535
-1722193907
896181332
332939733
-1063041655
1931870999
961422692
639380410
839653207
1084782785
1611645156
-1518062298
-1136328869
-2118574943
1060055580
386533207
-1698377788
-998096703
-210766106
-2022626993
-158597312
110879121
1930366610
2144866027
-1713107846
1721867550
-492461303
-77429452
1555240420
1054108036
14686260
-1607593996
-1928681034
880590497
1857125790
397806732
2089095733
-2116475125
-1189970345
-1630097916
980722232
-1129288637
283437851
1358636643
18662887
157143594
1803764404
1844744513
-1587225658
748754355
-585769828
-608406630
821107185
1558389465
-1019373083
1983833316
-628227159
1497085395
1430143069
-1133136542
614413070
-392995962
1422975981
81733050
-2062910674
-385841861
2053702209
1626342341
707044926
-298474606
1195193517
-1865793370
2092258342
-1329496907
-1056007090
192828445
-864305854
1312960975
1035496560
-307298019
-1628021402
1472112575
1900230447
768888731
1137429283
-1637791992
-288497568
1809043368
861093704
-2096478452
-447194447
242317761
-1499492181
-1579222918
597332750
-1250049946
626501672
459195139
198454854
-1193629976
282308842
2145241683
-1339556626
-205852281
-1650030359
-1143968193
-1948235387
1176224443
422524339
38935098
1411867864
1705654738
-1337564818
-83552243
-309193561
4974266
1524114460
-1072670266
1502595209
513419040
-965042912
198930161
833534220
-1056063303
-1944706814
1400379653
887117088
278482142
582745966
632042273
1456251316
809912670
-1743444606
-1501175561
1628008353
-497950065
1570906185
1066350856
1676970951
897829542
1973044097
-329916911
792612213
1347072584
47184036
-313639995
-1289476338
63911520
14449190
392256187
1227955432
48715570
-2060091654
-1745911895
1616135799
-1528705872
-218916262
2063665618
846970282
-742274036
-1707584569
-553499459
-203120492
-839314802
764361551
-838983385
741804367
1983334823
-1416266226
-1424553671
-1718673379
365107269
-169361674
-214154243
2080549839
1480750440
2014197714
1561173006
2000995433
1478299636
1713071751
-993641073
1040157702
1509744585
724683421
-1859977379
26612217
832451600
1349089021
-1664644216
-1753299915
-1419652393
752253948
535370494
2106135278
36240864
201158039
2134685833
1449601663
-1188269898
-1458337280
1653751547
973006734
-755192832
658261081
-1771796826
-946640531
-1830084071
1506686910
1127904785
1829430979
-771680033
-943339895
725346793
-727013269
-1650305846
1798040016
1293461558
199052955
-783883968
-1801718478
1653527246
1211483208
-1214739928
1820021459
-1010725619
1713603785
1593170621
1663204260
-832059195
1827870650
723891620
526823399
-1008308621
-939530461
-1759258049
-2081934350
1390957748
464180184
-274732221
-1618930382
-1824933129
-402969566
-967980409
2020391794
-187417742
-1325012834
-1061200353
-863974819
-1872533415
1888572261
1349325481
257169217
-413562803
1395228012
-2045530394
431535893
-1490082286
-2026101202
367217804
1622829245
-1780521083
1696135559
1566870105
-442310773
-933339188
-853719069
-1128903829
-392580599
1977995471
69246103
1545050062
1150152949
-1480060954
-139864434
-640257450
158575244
608174546
-238377176
-990529617
-1178608117
-290430479
-906388642
-211199310
-1783520398
-1338783571
1528894249
15307257
-1298166902
595731765
-375665884
-1168979275
-1704166359
-28860817
-2076320657
579957950
-1212707660
-1017901267
-1005365545
-1502217237
-1970362650
-607546978
2104219955
499024547
799272911
1826868742
2086456336
1449734580
360856862
-1286012751
-1386601840
624636259
1077746338
-2014254299
-1574976114
-1332371517
1759323149
-771939178
707005702
-764209078
-762202373
-2027848290
1181608884
-922902368
1488798002
-745379027
-1859145478
-740946246
-25055445
-1109742403
-600734458
-64799705
-288964911
479764938
1277494068
-535782743
722221703
-961084799
883791536
-2067202553
737566832
1051455415
-142639777
-1787580639
10680809
-1568371172
-760113921
260512837
1572464474
-1003315024
-310618484
-1104823616
-485219282
183817844
-1050500123
1953426870
1124108063
654950245
-832091217
720832054
148751030
-278356827
364668793
-868831096
1647667730
-1522892805
1032321057
-135044407
1845231079
-1249808771
1143694453
-1951948615
1565935049
1040349835
-265175524
-1760876333
-796624470
-1570567937
2112024759
759717534
-979894367
1622717858
-1699201214
1852671555
-1650408980
-993096991
1540404160
914203998
-330604232
-1101430592
1028285719
829299992
901367583
-746490099
927971128
312168821
1928584433
1036197593
-789186174
1544548842
921070262
-1232959708
-1292040344
1402976050
-389913997
1240285399
1532350288
1653582433
-1930486868
-582595082
542106558
1704151353
-1746517206
-1868214251
-39028047
931601339
-562527490
383101451
-1596489907
-1496936703
-1050270011
-812021531
-1435657799
-997971638
-1893253076
1549797405
473977162
610822998
-361558090
2092754188
-898126624
-768806156
-154225220
-505186916
1719858576
-265375016
-1972932683
-296888767
1098940291
-1505012814
-1644370505
-875265239
1004444957
554373755
1558465598
638177457
-277471135
1331277841
1215651371
468711195
176230035
371607046
-675384562
-1973967490
47606302
778769588
1449997735
-1029681155
-604096840
-2137284972
-928137559
-1485656773
775887811
-779574065
-1919281214
1168185102
318327030
229562645
-353342761
-1981758862
431522108
-1713481554
-1419353708
399114943
463564763
1215710414
1498708259
1656556574
914140121
-95351764
970739258
-1859393223
-1612444262
1865628117
492381531
-308176847
1916615373
1415044412
18494295
1911128788
1249283209
-2049777770
-1067816429
2134492687
623489970
-1707943324
392285582
-42599263
-1508261983
-464436399
-1342663390
-1161330415
-63411453
-421985987
34905353
119757538
817419009
-587678055
2066607138
-1406842108
-1888224095
758615285
-1842392587
-1138054260
1279642731
-608719402
1774477556
1796150951
-900770737
-107178804
655771907
-1835530036
1366662086
-1928956220
-1273145798
2075914800
1245857334
23526042
-893052951
-2017170561
-1430406246
806870770
-1384287268
-669875768
1580250978
-430593720
716384735
-1001960008
-2009767529
894284356
-2024895612
-335394294
1600017986
605037394
-922784733
-829809346
1866219278
-1356088974
-267809503
-691287416
-1292836052
-1748868788
-508229003
-1335394805
-1559703178
-381484922
-1262843032
-230594490
-515700522
1927675994
1748712347
-679453490
629162729
-1378914974
-1202663346
-129292227
-695614242
-1282228042
826416606
53530986
-637936988
1610720824
137167247
506935769
-1903271868
1844466733
-708926580
1179570549
634387850
372197392
-1851828949
614551932
595523563
1269005474
466063220
-31673670
1155579554
1281584453
4707811
-1443179783
1981256987
-1487897974
-1167752851
-1558610505
1784676245
-1660320760
-1718962240
83741721
1806030338
-1819489425
497554127
-2087120864
-1331879631
715945180
2106244237
-1953186022
212411950
-304465810
1754399480
-884076710
-862043160
184817944
-1839486888
1912683818
-1525577964
1468347576
1387164616
-1238390016
1957894225
281739624
-2107718155
1565217008
1700718733
-1887400940
-1486801371
1885679458
1801535398
-954823603
-1560577157
1531164932
-366800556
832069979
491005560
-266246143
709639237
1311460504
1294331589
832762482
2108168073
1352039675
-198993617
160944661
989524528
252166131
761641457
-586214596
-574789327
-1171133579
1215027001
410361607
1704769421
-400599720
1431220197
-1475185451
-840080205
-186389536
1394190989
-578255113
3142950
-1962949737
1688056005
2035101350
-996310692
821833315
-578815325
-1703056585
-760457495
1071296469
-194277762
-680828788
-1881471012
2005820094
141850873
148949197
923962473
690856968
-1960312513
-1465234088
-455714105
1527977666
649420175
-2067072267
1451465051
1862423932
-1001477126
-487176882
1800326934
1322640596
-761646229
-1495118435
-1497254374
1853963088
50868456
954949799
-59698013
-1819610513
-1755204330
-1801658392
364691492
667972858
-81177086
1329793551
2062167728
1487257247
2125379870
-2131994964
-1559479653
-1451687745
-1740490359
762861863
-533660575
1263222918
-1828311406
851271411
-2122785083
634143292
1320130174
1806515460
-649572035
1291408858
-262133367
-369819522
1022868621
-1274816288
-1361045206
387610286
-1820615247
1966965093
1277034395
-1495941059
-877073665
2081801839
658490264
1704223650
668477325
-753600124
-168332186
-1426681128
-483669809
829875584
1031496214
401512529
1784992389
-1680865623
867235338
104177449
1679477971
1313189888
739119032
-632796513
-1067812687
-1768771111
-2119374418
626053312
859891333
1972852142
-1119171883
143363172
115266317
-1664302289
-1297479687
-1559348642
1576693378
-1058987364
1901336968
-56011282
-2113670662
-113045417
557894041
270420090
-51140851
-2118634060
2025045552
1935433853
1108231611
1216617236
636609472
18990015
-520696692
778143537
-779846672
-1552101178
1799567097
1054998458
-858270559
1971168140
-1204046326
-991150302
-513807568
1529786737
1388465984
1632351156
1447919608
-1796820878
81462708
-305112086
981622298
-713736805
1898639743
1335858175
1713101695
-724633926
-280565412
-1941198653
-690563810
32832341
-1039097204
-1202633811
-452940934
-769718051
-1175753991
938935350
-136510610
-1477532126
1166008734
1853676132
-2136977620
-1897590262
1566069029
1347286692
110846850
616360317
-15363887
1690395356
1714724191
1323546787
-1634300002
-131950399
1125079958
-2057376943
-60101211
-2139313819
1284165857
19583168
-1014282299
1278724627
-825396697
1641653887
-1562896000
1380080222
572687617
2350762
-477472478
-1787054217
-1564241286
813307228
-1026608601
-1045925697
-1132477930
-188978847
-1267039778
211595677
1280270613
-1102959568
-1252918711
-1547504496
-1241376264
-728228585
-1624436921
32658311
-501571516
420127672
373559796
82381168
1070781573
1182055859
-674554288
-504039154
2104468629
2133037988
-2070167778
-1482863345
230435870
858384719
830106638
-1682078371
-1460151972
-679617254
800278045
-608991820
-1443128793
-319903045
1721480764
1682405748
-1575594704
-861444815
-549662161
1510842551
1868641162
567204855
-1723552840
-1368434010
-28279188
-467394697
-1852117516
1116340488
541988149
-1048946500
-505975549
1961322779
1115078575
-756160404
-1029731346
-1292034649
-1855725417
433586420
-606495547
-1600346545
1031752796
-551211004
-353132792
-1353682903
653740071
-1324971202
1131216968
1799760785
-2059078373
1446802473
-827768052
1008775994
-191386659
-826988693
-536104968
454611077
1201409110
-30897353
-1078299349
-1636470507
641582519
972943620
728356841
1507402147
-1099998531
-278937985
259415162
-1402215922
-84711882
1814835649
1570703441
-1228560715
-103341117
1957803204
-2011225489
-68216055
17187038
1545106451
-906422775
-1743554211
1599879710
1698835648
-298165400
-2049471489
1947715769
285500827
-1038447856
-34133108
836314187
-332363872
928382756
84659840
-1784931115
1595967921
-2025412856
-25952756
-1314172665
-659151996
1514402119
-226704340
-1734736703
-1960461346
737996727
-831822088
-383362089
1623557633
1527650779
-2145974983
1102970132
363627106
-1438232184
-2119768001
91971969
-1217112418
2066025930
1577295600
-1391307802
-1708379985
-581578745
1758869028
814113937
-138794662
1149978469
1725047344
-1024567979
-2134124053
2136917609
431730112
1010024917
-1420945116
2097082080
-2006580758
-974223358
1030689650
-960317439
-1157555329
342865121
-1532153246
-328977709
1623277987
201849233
-106395822
-1074220852
577687967
-657331060
-90985109
1207054522
252081141
1695062829
-763603250
198194662
-1317073228
-1284034703
-1301087987
-2115736202
-1437857522
-384389631
1176259804
1005700627
-1584942041
-21294993
246322439
867360203
-1457853137
-369016896
151511207
-1581323721
-1644933966
264483626
-2069250928
-686653728
1169323822
-1972127970
1027213325
99866078
541745893
135372935
368042191
138444482
-1804884236
241070164
-246490591
1772918709
-17684571
1686481716
654439264
442103008
-1831488512
1344694688
-523566678
-1548756465
83716263
-1668357090
-174948139
-591254896
-278533149
-428998718
-1443954781
1730229089
912709369
141729528
2134547251
-1898351735
-1428889406
1854454401
281034169
50136774
-1719427718
1910539963
15832177
-1517906329
-41752617
535570724
1915875536
-201329541
-73316515
642040352
919701756
877970731
478013424
1160761082
1033358206
886823524
738850474
512370728
720550454
-2111298120
-1828554769
2003705810
634159247
316433542
-1779897667
-734100331
-1318602510
-1882527145
-426619576
-2129097597
-1095363201
794635659
-154577211
-1471484818
-1499176966
483719732
620362374
-1651466394
1729234179
1085501249
749307974
1404183167
-1529241974
95431134
-857735738
1662527703
-1313656448
393036571
-1143186024
-1224274986
739250898
-1413807157
985079610
82475959
-56907886
1728606894
-1171059611
-2121452473
671839351
1993089234
1697521575
-1013925395
-2019807097
-746399691
1109997615
-1791663383
1447087890
1704464559
1031190247
1371746528
660845794
-815378674
1846368456
-1058521449
1298762927
280744578
2029904488
-1402354177
-1524076840
-399363013
543125719
1724973681
-813871024
2054020432
-479231060
1686991673
-162206506
960788194
-1948248998
-392543656
-1642291096
-2095597439
-1726001465
-1572023419
-1159535623
-542885683
-2096513249
1070514037
1085694305
-514186144
-1288632092
941997916
-598879596
1934622443
334396233
-53457742
183640086
171823775
1709760
-165283526
-1169722706
-1125027379
-625748015
51823423
958999641
-1936544048
1549163309
215280160
228064385
421047850
-1037619453
-1112996081
670597998
12564204
543843729
-1209504235
-1932248836
1012999515
-1625015043
855776088
-2093643122
-729455664
-494079900
-1726566240
1775461442
1445072351
818415155
1406420759
-942696090
-395009605
2073145270
597104976
-233906135
-510893095
-1800794642
475810186
-1687661419
723278034
-672174170
958679092
-145377604
-816285299
731241672
-1539924300
1269618737
472876445
-1627684116
-1584323997
696118458
342169575
1082054449
82367452
1052357187
1747313031
599032144
1447226998
889037844
334114547
-2136448019
328264718
1024699718
-1692853407
1672894000
-1289584375
1301679731
-836692378
2034000532
1181537432
1157589676
1071685599
305241854
2127984958
-948293713
914644500
-607522287
-1020532337
104975705
-1632767463
-838837824
1683524921
-2070187943
-1761005961
1080461092
2134673992
1016280102
-1263823860
-1422793841
-398989659
1191575602
1878276399
2037076704
-1886929441
-565214113
-329220329
698894104
471502637
1819740338
-701744771
1376319789
1095559091
2083324998
-1797641090
-1952392418
1397746948
848736130
-332659514
-1104439481
1510968295
1040450958
333393387
1078079734
-477737122
1719658754
-1275712746
392763965
-389471261
-1611571232
1437357544
-1081519351
-1930065164
1300241092
581707674
-793229
1724973778
1918745433
184447078
-969911467
2106631812
-1472688625
279650597
-372520672
-2094249438
-1498174710
-596997319
1499998701
51418959
-326389155
1531984556
229066961
-684200442
567187319
-666448231
1535107956
-404091494
905981917
1338405834
-766561820
-270611977
611088665
111535522
-1009573978
662720813
-142358031
1082136893
1114014222
-1966226129
-651402532
1025963733
-1113989168
505884119
750260657
-113392281
869834198
-1554512084
1055120545
43789461
175351123
-1715081241
-1540167577
-1614483251
828888855
-285393868
-178975299
-1865822805
113762341
942502069
-10694127
1906840220
202785666
-1245451829
1771026296
-926947901
-1755992753
1349726999
802625507
-1178447585
929227546
-2032544962
2122776464
1016102380
411886960
1021546476
-1919698238
1246282314
-1198188874
640445979
363203251
1197761820
562723640
995947157
470365641
-1030538190
2123392642
871065271
-898799864
-1959753558
-1915606546
1109796215
942411976
-369183341
1827313790
2066166951
-882686297
294509778
-903908373
395423354
-1273478464
1938503241
1111365373
-1996636345
-102725092
-1149905611
-773328611
-1291830387
1486120040
-1877518377
-957176024
705106486
1636080360
-1578799786
-1536627323
1846812447
-539446613
-816097821
1593208697
-1342955048
-1487268352
-2018983650
962222009
-718807896
-1069293272
-234508617
773934656
1838260179
1207322188
-2100218536
648085347
-161888994
-1998078799
2040222658
2084339745
-1415520366
1528655657
-1835519946
966403007
-423713920
622304716
-184718827
-353855852
1966656197
448128744
-323984950
1071272481
-712148657
392342325
1119263463
1557904996
-23009825
-1709964979
1799855246
477729901
1834371856
-1616647078
1148318738
590501425
366503063
-236402160
-1422180899
273084317
1939209419
-888001570
-918726509
583783662
3886695
-1537372321
406922871
-864210369
-1892073841
-1602639338
-965115635
686686307
1693954832
606485594
1527202561
-2133650700
-555710228
-167141489
1369017415
-1817676884
1749348116
949257110
1535878274
-1761566989
-1879627401
23039878
789847978
-944605768
-410058693
1878383003
1345267944
924055683
-135307447
1572498030
891819972
-1430446133
-620238321
-255443098
541373313
19883396
-919238784
394231918
861325511
2121520124
1028729439
-1048453912
-1222707838
-1567969817
-575907395
1199260640
-1984573686
94700472
2117025216
236940164
-1025587580
215075377
-1195101019
-343417900
494563207
-766687683
1903768583
159215765
-1065087743
540729853
1400863328
-175929718
-496990116
-125911264
-541698864
-934524954
620967644
-1980917129
-50987747
-54473732
-1026617014
660526279
1511773179
-633405896
-379502122
1905636577
438926220
-1722122158
1255943225
1454651120
-1210280407
1972173759
-1105701862
1379597585
1480404322
873829995
479380914
-859884247
-1359149757
-1072791899
-1337531214
62425073
1952604121
12239451
-568605341
1029072213
1327297780
545121670
426472463
-1955773954
353116717
-334369817
78433951
679582253
-1058433238
-1985492493
1219417221
-1006645814
1346109984
-2115407605
-1721855781
1812801980
-1859551079
1620306671
1929315020
1297068667
1660541046
852703348
-682842062
818906082
-90915529
-168761483
494702208
2129517129
-834099846
-327052281
1285623266
-107276077
367719617
-1974679312
1677496994
1219911939
-2044035720
-1427246248
-93513523
-1625911403
-1812357323
2078563776
866205206
107328139
528844097
-2085394892
-915272199
1895124101
-1450948266
-1944886340
-808784861
1279457621
-235143510
-1337528553
-1942273776
-1974843437
557902124
565150379
-1109144330
-1673929491
-217488116
1190634934
-1322531615
-1544604671
475677313
215488202
-2100814305
-1006792594
-1477011002
-1512003209
-1184781347
1429861480
-433431708
-1744516279
1926034193
1578053899
-327737161
238478324
-2087659365
-1065720910
1679753386
-1587739443
866618790
-1866369911
1946250436
-1852007556
2084003412
502950497
385505896
245505008
1974945434
-1349277757
-600556456
1046795666
-825396889
1970955591
1457623162
758540221
-663484917
-729940699
-556071457
1794148716
-976033833
459529228
1877704448
1997215796
-469545984
-536270030
-1302105014
462398069
-1579398712
875333548
-1994294564
-998317876
-2143958817
-1874109697
-271191154
-1047538997
1375826437
-1784436490
-870046155
712471276
1466926580
-2010880331
1705200932
-43829823
-1571832195
-618418418
400970998
-1556101008
574397937
827549714
383341707
-1593261473
-1490956094
1726098923
-1523580593
670383658
-292256408
1564448489
1183884226
-350188067
1719590536
1473783002
1742426163
260931167
336454483
1770944413
-677025842
-699015636
48468524
821859577
-1543658023
1606368070
-1400571507
1994480042
2030910778
1678314605
-183076053
197879741
577686076
995604877
385260887
-246143459
257694866
-60606601
887754406
-1252874900
-1402987109
-1060689197
1083293652
1134001687
-1941285145
1497220693
-1962002459
37747620
-101327623
2062407727
776046220
247474509
-313679282
-192431418
-1470924592
-72838190
202667678
-42722136
-2026769427
-1440361333
1788294753
-1642933316
151100024
1132804540
-36442476
1698115514
-1357832251
-1368020
-133629764
-1343062051
488893836
891081208
-1236577494
1016381399
1427046346
336133796
435403137
1406574597
-1460856092
-757653390
-2019147403
-1298178844
987611154
-1527291145
-1213169707
1863064002
-762018822
-2009997590
-1263109686
730182328
1563732891
1582120767
107406944
369965527
-582012052
600974195
175342662
-273247328
-1785223996
116511529
-560822319
-607394119
591814012
854333174
924476742
646697694
1130704338
-306623880
-820413608
-333470955
2058186896
343604141
1289708015
1485172517
-2006122132
-1736004735
151380266
-1543413688
-732318286
-1341946968
-362556249
1818397983
730938144
1665996206
-818643199
1165959397
-1937932016
-1193642165
-681438822
1905770983
1110708188
1300910075
1837788313
2022796083
-1737952643
-869684274
-2143200458
-1845613169
1467225717
-1374378116
-612118476
-2059629651
1987200495
-2060629572
-1618745681
867427740
-428269533
-430563883
372091671
-1767397504
-2023246849
-664575116
-1874792324
-1417531515
-1554800381
2001659840
-304302581
-502030576
1127015020
-1549280340
958193880
-548402377
1009821844
200883083
2083737053
1071366259
-1939479400
1719049193
997294146
-546599532
-219911621
635989911
-1219989538
-1612035596
1095879689
-2100421881
379075581
-860615953
-1391635009
440232154
-1627273629
-968180590
171362537
1013724087
998800017
1492062609
-548290611
-162899618
1374864710
-406585730
1342298759
-379630852
-1589903288
-841862088
108665461
-1266692416
-279783837
295980448
939266004
1814415021
1183540146
-829709165
929676715
-478342990
-1948477924
-1020722669
2075613159
483775479
846500385
-153903673
-1388822585
-2107781255
-1482154026
-1037295451
-158014854
-1140359720
-268606419
298884845
585981445
1587487343
-2091750790
114008
-863563670
-411364443
925123122
-497519215
882996486
-1321871742
1795405045
1454321124
535884858
-843718779
1888540877
1566054452
-100366003
296750259
-1910046024
31853618
1724211857
-1961939725
100064611
-965979956
-1970413629
394012825
1122281528
-93517598
-1857580361
-1343774913
-44244326
1442133823
567682612
716115675
-1531844753
-975139386
1594838812
-318449650
834223326
-282166293
685648848
384021434
1434950745
-537579419
1899148754
-934580778
-1751714083
-199851487
2135173547
-334628476
-913180296
-1650068359
-491288306
-1991167389
1622464012
1949190821
-39216323
-1705320670
-311733167
1308122737
1924009899
1115801941
2110811935
-899928528
1355523810
2138570379
657719789
1732269552
-1785231962
-120615265
-233878892
1031497710
-82831782
-857973938
-1424407719
-1022502836
368712867
1898630410
-1481107159
1583509505
-2138513590
1206681869
-602062298
1177451280
1178897510
406406320
-97650590
-1385552388
2142256058
1712583164
-97379095
-714293638
677589851
-838336127
-178272507
-2000696472
-1084271978
808314214
-1359346756
586625021
1504233232
481395137
1595771293
-2079601086
146894893
-1445505496
582902971
-1281794879
65836213
-2043532152
-83501318
288842619
-96088395
-1299947212
594552969
1982895134
-1895804509
585439297
503153838
-782569097
-556667195
2004022288
-1883046200
1795586597
1340046290
-1084022485
-1839010926
-65058161
-88703016
-1764439211
-1464485212
603679255
-46511519
96358363
40885311
186365839
-1373054767
97173808
605667145
1504356587
1128148498
55807928
-1703203946
1039847992
1128464498
-1542755357
-622101400
1827825612
1790829003
-1985170050
1493991225
-1687146561
1003242979
693046341
-1232209225
1871287961
-1441068266
2116867516
-1896603121
-901194932
2035050802
-1042625474
272332910
965576292
1620273825
696314710
1708714180
2099290236
-1473555507
1086672205
238884298
623991796
785620159
-49361405
-538040762
847652320
-320904951
1204717314
-1430548083
1157190211
-1712231962
299661519
-1480347575
-1164454020
-261343585
635762051
-130345604
1277938943
-1473272017
-643194725
862057412
1248043336
263466281
1991383051
-401337632
-329106675
-1322408231
406166168
841226610
-460097101
-1621210966
-1094172825
1333473030
509856002
1835284679
1072403152
-117294510
-2043626469
-330120957
1498131575
669663167
-1481383000
722615037
-1167125859
-1522686936
-712486058
-552592769
221314739
268195808
830376576
-252003802
2059589424
-106877447
142193708
-296038840
-1989479773
-502340669
1892446778
1100390929
1946417163
-1899520877
1455073242
1544127215
-660508570
-835070523
858322750
597425711
888364423
-887482621
-1814436208
-1930439448
-1773409748
-982457658
-1641816026
251447831
-171473073
997763868
2081063412
-1423331573
1346964156
736087724
-1822887870
1606373891
-620715293
1371464183
-704503906
-1471597803
156087279
-1194080032
-169391598
-95280304
221835799
1117152365
-881589350
589902373
1103449395
583260367
-2122145328
-549614334
-1960083055
-1203130465
-1057821975
-1419365057
1174233609
-1236641174
-24625180
-2041270211
1214984014
1418254703
-2059160065
1522537932
-1045000058
1059162790
-507391123
-70770483
1082392861
-2024643324
-412425402
-1025104360
-1032534058
-1166728195
-775940929
-474212961
-1551840478
359802698
-1577133670
-1133516333
1663620789
572197612
519518175
-1153160890
638527061
-985121936
294191820
-1174118767
1426934260
1082460787
-150524151
-404313481
-860113151
214566760
1526707743
-521022390
1523620602
-444751720
-19284693
1762229389
1057014597
1206866026
2124608206
1320703450
-1805210048
67230436
176183399
1223329798
-870245994
-218275983
1388702340
-1589075582
723231188
969556708
-587473771
1023785731
-787921093
-1604176452
-1991287838
234467685
-2034111529
22338217
894963134
1074436556
464592592
-435039921
-1308967684
293000204
-1240086273
1468148041
-238753118
1371758410
1035439812
1251443055
-1566296612
153638115
498072342
-300460196
-1130901709
-208687732
2100479962
1313688362
-836146434
-723995463
-769534088
481778559
-1973524712
1783942723
938390444
158031309
-643229741
-174558652
991208857
-1574619436
728592427
1225098053
445889315
2078381931
791378238
2099405467
-1098494595
-270450304
1452625147
1227056909
-2106598144
-1741874851
1677559834
-2025678406
1014847038
712214316
-572102837
14409017
-1109650345
1184623805
139002801
-452861183
349058186
1089811333
833577617
-1734175989
-1535635697
447788777
-592229306
395823542
1238100259
2125139644
-249618824
1013682153
766915683
949517830
2047675789
-1218104962
335408989
-1044182521
187992414
-1494821410
1097988963
-186352261
777828654
-377913624
-466256989
310828062
-572112169
-815820266
-74804876
217713266
835572037
-1805365278
1654393330
-1365922369
-726921688
1965088102
12308684
-219510694
1565459173
-1688878014
1922382939
-1141451222
1121195213
-41808703
1345292023
-1952092825
1005129872
-2066786754
-1534195322
-1072191579
-1722943245
-604204604
