115478872
1619816776
-1811044842
-996498661
-1908156144
-1435777936
638910020
-536771698
1928332384
563007272
524910303
-136461602
-1333778306
1227265074
680192232
-1759210287
-1546787132
911646745
-1043368050
-887124676
-2117541672
-1412017020
955149044
352701809
1400195852
-922020658
742521654
150344949
-816398073
-692049963
-247007315
867477878
916537508
2023383825
-1660905870
525027835
1304719130
-1783434519
-1555351519
-170352291
713264220
-1247423423
-474930209
-457184267
403617985
1058394967
-1577025635
-2009021290
1371042023
-227466289
-149813091
193612989
153904085
1960764939
522473524
2061247495
-1279588513
-1527829056
388464850
-411376926
899649230
2049727941
-443420865
1197804679
1482434495
591785262
-434766809
2014358567
1419944267
293202329
1846938072
-79097500
-956440216
1415826119
440109641
449273858
2060635278
-1666421906
1214409053
1100474078
1200980893
125844300
1817859945
-452365794
578427901
1701707391
-1777092621
419630249
1102460422
-2036224493
753285309
1752163545
534451618
-1986769443
1643861249
959989871
-1675222735
-1585263738
2076657917
-1892029497
-903877972
76233450
-232834639
-1977552820
230696716
-9370718
1982043366
1378246189
1406089196
-1275210785
-819860110
382731600
-425448595
-103303
-838740038
1142487430
132666969
53975623
537168504
-1792467456
-151524214
-744427344
668420030
1396012034
-485934196
502798722
628412987
-225828650
-558208127
-1097282046
1246917307
-1436918014
-901780923
682806595
337203700
1426181820
1080812754
-1447533637
-1527436674
1361435038
1936290532
24467474
1234016035
-1478681195
109861087
1038569789
-229670567
65934111
-314539024
2045643211
-603950069
429220533
707961971
-931470209
-1024600417
-1067999867
-1753380204
-800279010
-794405836
-395752093
792602936
264099976
-1907625173
-1368158207
1168794397
1777851149
-646864663
2049618270
-656079297
272720889
2136946138
1636792700
965450109
2018514800
1455633848
51061077
1872814204
1423021953
-1836462068
-417258737
-1673446965
1023144308
2114249973
-294561426
1337736008
1009192038
-1022815705
-1116200311
528560321
410381592
-228586442
-736003648
1577214174
145744643
-164575212
-1759560467
2056076349
1792471726
-788383528
54661336
1850989278
134877508
184919488
-1021863696
-2000262208
-1810430624
782359673
-1811417544
-1641973044
2030633259
-183975011
760725887
-369086222
238963113
1211437436
-2146241324
588247697
408977231
289811230
775452727
653590556
-1321182248
890007432
2026194323
340131065
1699674456
-185044162
-893822997
-2038529876
-1384384879
-1128009719
304077268
1126635060
-1058993020
-850170630
-1698216157
-227324491
-1357321909
263971502
1609397734
1316799574
-2086116315
138928082
1173273239
-2058598804
-373399854
-2062814743
1380359054
-1185910824
117434401
1716672076
1780729783
-1678545236
-2124713018
757217138
-172473211
-185086956
1748450161
-978912655
-880146650
-1856086157
-503571173
-58695484
983002360
-65679412
2101316258
-280198578
-546945222
-1680455837
501505688
-1907825761
239824390
1385315747
196323927
1861758069
530845311
-1643152574
1449906520
42877572
1620650054
-53887838
-732592700
113036409
395898417
544380538
-1991017909
1217814844
641269310
1182302389
1851448629
-1612781707
-974150459
288959386
-644878154
964946258
-1992188179
2196268
1059280005
-1302339450
-1025175456
1547699411
-1883122513
1142406804
1060216898
804539195
338809255
-49138356
-1790906018
-441387909
-1680435806
243041174
1805773218
292767354
109259553
273205870
-1011581747
-186239603
1451985103
1598959150
-1913983386
-1520651931
1469851276
-1653389293
2072559343
-1490461656
-1630711863
-749753351
-1220102054
26742748
-370620650
-1237744023
415681980
-1808804340
875400952
1635817173
-1371946432
120206757
-817435649
635963937
2000931677
1752628000
1558770712
1938094437
-1286823349
577887973
701906719
-666922767
-1220888398
-605966866
2067238072
1687233425
1382057124
1076811947
1147630431
-788943343
190715853
356092965
853634236
-1924428029
187201001
806730085
1495585595
-1886095681
965434997
1031122710
626107612
-1621699670
-1567523415
1139943785
-162652345
-617136453
-1299564380
-1075250120
396462371
-143283141
-1641838359
412728174
1377942695
-624794421
-2004772086
1991902629
-1957279888
-1183118677
-1046141790
472995088
676148117
224145208
386704775
-851019110
1875561976
-42451786
1720453184
-1819859121
-327221794
806139983
-484878924
-1269553157
-1753218622
299573340
738488356
-1769785584
921937253
1564142306
335219035
506562764
164447529
-630298530
-845592541
-1175423589
1360540319
-1155756347
-363147013
-1691883847
514543198
-1603407675
-439933434
-484415205
-1315181802
-563387055
-990932411
-1730082161
-1886171676
1008804700
17044488
271279393
143351783
-1628351005
-1775764831
-1180533567
1303143698
1554869297
-1392104613
-1244703966
894356547
2076027486
691028394
-1300212252
-87987052
-686637544
525532835
-1305539852
564511729
-720020571
939375534
568958771
1471744747
1367615272
-1520315271
-1175176363
100282826
846229026
524958767
-634371317
-662037784
1418622267
1339732457
-1818893724
212117052
-2095686078
-257341340
770608496
-756653515
-943789454
834417908
1791317542
-1560545847
-936665865
-1105126983
-429114233
1779800012
599523759
460472079
71556354
139077509
-549315532
1039233098
-1369104102
1874508413
805454618
-249073757
-1599941051
-738151526
884927349
1349662060
-439136489
-293750931
-155768675
-1696895349
-357535072
1036390855
-39394252
-2060194267
94297617
-120364910
-1253830040
336070296
1687354533
-348743715
950298229
2009857455
-195741250
-1554140360
-190100627
1340018704
1691660621
-395139007
509093179
-1074350087
-280362377
-945918337
-1597432347
2120952619
-622712715
970207342
-649657584
1006191653
-171737669
1224079834
-369952823
-1105376619
-1061335717
644183920
1442250369
-1351790837
-166422868
455646097
-123297959
1821445615
1441195814
-202163095
-1139986784
199265717
1455845008
920911680
-12879975
412216398
-37703332
1322525967
-1451307135
1005719521
-667714223
-33616810
29873359
-1901384005
-504757142
12549164
-1725473091
-187211133
892748286
1315835031
-1062444793
-1731413327
1197018656
-347258851
-162150414
-445414848
1540195144
-1473961317
-1904766833
-791761759
-617440718
1945731412
1059234112
-1788240397
-1864884219
1466110028
2115184251
1423819377
446851768
-1329262378
1067546573
1775610155
1414164401
-1977725588
1114491170
1142593017
1597382830
-1379041602
-532730813
-1869300053
1702834920
-1802605043
1293067935
-1460295803
125613173
360081592
970940237
105337578
-645524499
1846270230
895560017
-569231274
-1444118960
1576933511
-1567953379
-2039007599
-812533977
-1665151291
911653979
-1984301791
1045548776
1620537983
767655657
-125081345
-236495970
1541324584
-1659068380
53178510
-1337452599
-412929013
-1413472919
-680281400
-1678636158
-983109470
1456197337
1414360506
1535091683
1357021736
-1957763237
624312370
811293861
765294189
1746464998
294714037
-1999511543
-524498968
568838400
-1228368970
-464797444
-1413253358
-36019839
-250848507
560345973
-1225595663
-968341092
132049029
120874785
12436210
-241548513
1629012514
1936287810
-1344689156
-641701895
1369107713
-1731941676
-1448559935
296133629
1576852984
303670257
-1602899626
1422952164
1380220223
-789768843
-242055675
944878232
1835938152
-1859588123
2081581410
-1410831953
259401100
403828364
1121294747
1112801845
-168608058
431509991
-248604908
-380026706
-546867995
-808494014
-842166733
1082318682
527467100
-1653771102
-182973833
-1446197830
826220413
921768933
-673167665
-716393389
157957350
-1167794136
-2033144023
1087596721
-543755973
-1518364056
-1424660664
-1968341586
1791299093
956482155
-1424561446
-1420063757
1402703929
1476728032
733354697
294473407
-1643159796
1793345477
1152076753
505663719
1651642182
57387272
-1901122990
-944052707
-1264739098
-1737260175
-181565594
-293964684
-1714597787
1964469694
-2001771722
-1779150301
1778598702
417327119
-1540700023
1272691592
-1545783476
-1793201276
-1824764515
867149168
-1196247452
-1501736924
-1556656582
-1052676203
-2046710810
985476352
-1841876221
580238183
1607331455
-3434857
-1490200050
-1120572657
-1058313007
1702125436
965506231
1071713456
-512626330
-341262539
-135565647
1878603247
-1005276703
-1755315354
268907101
-1642949707
1611079030
1164947247
1227611742
659862067
-1178886501
1069264081
-779927443
1974386982
1214268415
-872057449
-1471174295
-270673829
1808303291
1588286451
1073180337
1609859189
-441281593
219620326
-868832074
-1412725778
-448137554
-844221019
672276171
-1161802661
-743419003
-334875015
-578871233
-5943309
2138090009
-497204250
2070031020
151868241
-1034916761
-228487921
2126931345
1835172729
1010117200
1935091288
-414835938
1606855704
638370957
-845614259
1975854671
-1228272113
-1408148769
-1585722686
1025224252
1926928946
1050765707
481900858
-681524562
673551436
527944197
702121356
1432989173
-1564351898
1435929323
-165225533
34344952
-1130787768
-1879911628
1861075526
-721545588
2129473344
891241641
1550662968
51472137
632580641
-2146070125
-635747295
1614449946
-1916107378
-1625867851
789081549
1017119445
-1610163080
212378236
-1334315404
1443440139
-816527132
-81199500
40862746
1136045792
651630833
-1933789186
-128692936
557022109
1532973081
-1972939968
-1327397476
-163199548
155269302
1770847068
-1759627891
-1944710044
-1324381752
769863395
1672929074
-1155366993
458663157
1247494027
1635882547
1206524361
-919162672
889755936
1262054816
-1230663454
-1106341027
1269826488
1911054354
102719110
-1048735531
-1211345622
960828943
-2146494413
-1055288667
-1129822784
-1145295182
394310955
43276988
-1208722389
-650973557
-1928733300
-1310054650
-935648073
2081126595
-2112055651
400066867
-1543166017
1305540228
434626665
-2088470852
-2086579358
-629911401
-466872174
186832166
-576861066
-1805099186
-831375778
-1696135544
373840572
-948521821
1198666773
-72402357
-1806900139
705979553
-1067042417
874415665
318483573
-409964542
1036868616
-749663336
-1658304171
384546073
-1107687626
-1000952578
-1523743378
616860402
1022714781
1902450631
-290349085
-1329698122
-66957791
1970939454
-393633730
1383091028
882881757
1597234649
265400671
493523806
1553165618
406031808
-1673807952
697287984
-947661023
632672656
401905309
-620148394
-2076712483
-245269413
1720965443
-975963345
1694123419
-1460949005
-711937433
1517706189
-585759059
-1739611033
150112169
-1238593761
-1104177714
-2126715954
1336048632
116688722
2023694783
-1287193022
925281608
-1515781517
-1222250990
663616047
501684610
-336576936
2040644421
-1069087539
1084710588
-1681553728
16698385
-318691606
48220841
-2010971719
1373205508
1073349101
1565748563
-709927358
4660045
596826390
-907533561
1134119216
-1487555626
-1992922358
983615887
1138543701
2134875032
-1861984370
-1427565402
1818033117
659703849
1134513554
1499837864
-903834117
-245655655
1103535473
1551026825
-1815709499
-447030657
137743223
-408565753
2050036317
-1167070386
366399139
-1941482717
-1531564208
651421420
-286414931
84721100
588434242
21781125
-306226102
-1382016291
288933833
-1539114341
-526982483
-872342198
-1173967463
314128225
841924945
-340248939
72866786
1525695049
1554933493
209234054
1407044085
1058232539
-1932099864
-1771733478
-1692844243
45836488
48743814
1626906555
-1613454068
1778409791
226763010
-1916111183
-974202972
490587518
-1736310171
694932440
391649336
955602091
-1566158123
158010771
-1709636062
1553193699
1907978522
45648128
1616232950
-360087661
-1062206626
-1775361428
-2000838937
-781703929
535339316
-2059392759
-1309014423
1708109120
1342937563
1310056926
666202647
-384223223
86661826
1873987070
1711120343
-30429620
2106604110
465104892
-162372548
-971690335
-158422309
-421499747
1122287403
-1116066009
-710206975
1388733135
-828369216
-440113001
1714749464
510805722
1976679538
-1020207467
648995837
102665429
-2115952524
1486723401
-1495443691
-1850372518
-1530046626
1832707118
50015633
1263179645
1967838732
171779625
-1161660685
-287158535
-56195130
-1953650979
1609431761
173862316
-230579551
-1197877955
-942719527
-91752123
-1614029276
-715529374
-1160686828
277116475
1134030893
1118882718
-1149174418
-66468608
1707111445
872223440
1630987638
-623075722
-1483628526
-398271495
-519510175
-1219173471
1829661917
1017848079
-160187052
-163302242
-1800531052
-310565615
746490338
-1824881964
-1680276000
1601467227
338560722
-532344216
-847592358
-693698501
-969581530
1326948086
-848283862
-413909309
-265362600
207001469
1173384433
422526944
-242787610
-1783323239
361227240
-465359189
1172983313
268760056
-350437047
-1330463234
-1029262112
-830019578
871668461
2106088266
1584337003
-3718421
-199575754
2144746152
927500117
-910303818
235923246
-138244051
-172964199
-1248955174
-2120524048
-972191102
775596681
1187395288
-987353018
-278666574
-396495852
290916925
-142521453
1017779525
1781960263
-533938481
-879744269
-442918770
162801686
1128766979
-1437561952
-1630886847
1149445723
-1693774159
744085911
1121607240
1023685149
-702136310
812986746
2030469334
-197662955
862457801
328801464
1603587515
-220699026
-2144428120
-442340374
518906618
1462948300
1110855189
-2016029824
-122141544
1978593936
-1215101403
-187945316
-1917210698
-99380903
-2066081080
790989885
-1290663198
142229965
-1489886914
-1954714976
-725317719
-1261590888
-513704247
-321075998
-172439184
-1369869900
1733008804
-1349724438
1437017475
-1851546389
1037565235
519551877
1895845998
-1522870631
1295880571
-1905112879
-820900725
-593658186
-463460909
1151127263
481275356
-136671212
-1131104549
62823572
-1363245286
701227492
-117639251
-514167089
1433637901
1305423230
586774099
-2106053168
-1743719138
-655711136
2033521528
-2096980777
113709098
362177143
-1346125471
-2090999797
1715890840
489963677
1492762141
-364512099
2077003949
1792265059
-415253253
408074029
843554334
-663199217
-1820609732
2020635756
-2033107994
-1493974552
1760377865
1265893377
226174810
-1463320144
1909966758
787045808
745838202
1587822961
524552680
2124155065
875629960
1615172220
-591045660
-1084668546
-458327586
-1428825170
-1765341976
374565223
1937876476
-1091191307
1236311727
1704410377
-785556768
3587346
1768949967
1500699781
1606009498
-1366216545
-1226137738
-2034255314
-37298145
-2074492588
-2101434027
-1795709074
-1045548964
1891300997
903426267
1528236009
-587937650
-1006921746
2146679974
1103925986
1385203152
673376179
-1253008586
983123678
-1214766603
-367527775
-1757170205
545878918
1998537111
-446061383
427892496
2119826897
-1266888848
465627119
1074384801
-43302302
743127272
-388521169
841107369
1259682350
1901551598
1760168864
1296434792
352765281
-1062447606
439962155
-892990092
60047490
-466144077
-694546626
1257235253
-529020972
1197450973
-797827380
-461518698
-1815622401
1638332374
1664358552
-1243081224
1712251632
-366429358
-493289293
591065962
1069147132
821387972
-1983165373
361947159
163567179
1643140078
-1532004731
-1667908353
599339635
224416955
-1246600684
358960873
1053978723
-436576180
-498726294
-2132579432
492830338
1344026960
1270434215
2079278652
1788348183
-747811432
564115089
-1966698709
1733863403
1148305130
1791680219
1143757520
-1104707540
671393044
2049335722
-1130167325
-872302445
1416355140
1239199316
757431514
-882775607
-1408697706
289565546
-1231043425
-179075834
1372597231
627231224
-886214014
532783867
1357327112
-521713397
-618623632
178871537
475760845
45722994
-2059263387
1035342898
-620696857
-1016647223
-1964945889
2135968679
1266486935
741880499
-262361581
-477235262
1720755397
-530588826
-48403292
-1359124322
1326013272
752588395
-1447404398
-1389219229
-1195726904
2127709862
-1687365712
-1483884561
-1348458768
1052740756
677926105
-1003275342
-1759140312
-256402476
1413540132
1236376281
-1262605933
-1814797080
-40097706
2146113198
-1850440779
-995813572
170596504
-1134178242
-1145744825
-1668989082
-1566364311
-1917461957
-1019513778
-1437530706
559381973
157025572
-133870231
1950372049
1114810855
2005060002
256535147
2131415298
803545947
-1699416779
718166825
-401393871
-467481193
624950543
1281807764
-948429682
17180892
1018043199
475559433
533552720
-86082376
1138924050
-1689341721
1948840370
1846654399
941945269
1206438242
-832932803
-1491998086
1393400863
-450961002
785710156
200391582
353485613
929003486
-230232627
-471727232
2023304462
460776807
-1772890300
1318488264
-1772352800
-2124959233
-1683973355
1932961892
528256411
1593037106
-1079875326
-1889916224
-1968544466
969153687
-526038031
-1713260493
-706966041
-1583571097
176639986
1451073724
537923607
-364804274
653362305
-1532171539
-733964811
-1273377147
-660054265
1663688230
-2101740606
-728108256
723599782
-1101497338
372260398
-304984156
-31249866
815701279
-1325569286
1462888668
-1122710135
-707484440
-222595107
-918043412
-755326218
578355447
-1721097300
-933617754
-78928875
859826031
-1313913420
-548663268
-1528052537
356255926
-910020758
46101365
-200841352
-512481173
-1334246330
-1528155900
-377794137
-880488041
804858859
712190870
-148314970
1093442081
1207583370
823948298
-129065314
-1818973817
-1331876984
-414871257
-1879496746
-233933109
-892392865
413790377
1176596532
-1944391254
-1605687871
1852626333
307273987
-1122071789
-1580631806
533026798
283830006
577294551
-2146371658
984762686
-489793428
1399689372
-1029568615
440865530
771980277
-1082608105
-1226902353
1067442600
638661396
-2096801671
2065884076
-727928446
861801798
477342506
1684735637
-1184362424
1327843138
-77544012
-783550554
1221044306
-2061108605
1654552321
-735617418
2021779684
429342979
-638019639
-2026618024
-1274716219
-380350136
232296517
-1993427707
-1389127662
-673196381
-22084312
665429111
1526370895
588122551
-2078875697
1447566103
-997905986
-1558622920
-1759238730
1590767385
-344196364
-1076014348
2005160750
2003065383
-581591128
-449770217
1732062540
1212814908
1951290318
-1323831382
1949450020
741795026
-1181984796
-351844772
342390327
1251288128
-596138870
-2080071035
1837273641
-439593124
-727661736
-1473338009
543710134
-1916615833
-1661214485
194095798
-1162488089
-1287616470
1978821697
-1707206822
1336861824
430544476
1092540230
380522610
-1253636420
1005987910
715869358
-974741860
-292274885
774348969
-628789499
1587118451
385821755
1072821215
270955779
473904984
-940440826
1982857023
667957029
817331573
1223349675
1228632773
-1122696584
855165951
-1494393360
1286025458
-1517730633
2009109178
261838726
-211465999
1692099992
510409154
-319165570
1750068987
578773346
-1336219001
1683873531
-258009349
98629827
1756652825
476018985
-364210828
-1175942689
91317669
-699247507
-1108153694
281798316
-1790550466
919375582
-118940705
1189461116
1222215905
-2121527821
-896516280
-68984613
1555666355
1992280444
-958816864
2118260634
-1122338420
-2052697642
-1337553293
-1559091669
-793632584
970065241
619278974
-595113937
-1385756165
-394876651
-40800178
709056845
-467726891
-383035202
-2099063002
2143373381
-1591945720
-54066716
-69710811
1427351364
1748945239
1286397542
-1840831064
-712282759
-1873121393
-1203658200
-826042131
-334447129
1796968906
-57061373
-1813537288
-1086273667
-545350926
-554112515
1137290681
-721350045
141687940
-1798934343
-1214333330
1869205142
262314902
-1909135824
-1420484026
-118622282
708020762
-475969631
-609473465
-859741666
39948388
2070983366
522633072
-269875915
1779911401
-1903220152
1735732257
-1737812221
1736368201
800173427
-1412104261
-1345467129
1105892238
-1938450643
-206853501
-298527162
1799206582
-1566410716
-309649461
677700263
-57425554
1718804550
-266480557
-151139458
75206688
-602158218
-764821780
-859491994
1710821167
1712432508
2108702558
-828595373
1373623937
-1375397572
1596657547
-2033540378
205355325
-1216274646
1095017171
-1344333309
1303547349
733413117
-2064869446
1995511200
17150534
228341922
177151944
1920784863
-1070853986
1061783667
1363182000
805741407
1840719806
-2067170648
-937682508
1209510351
-1068508063
-1602731507
65567815
-747620413
-102558116
1493026293
1745395443
1856170954
1134849575
2080775021
-539219076
-1879411009
-145772901
-2106860107
-214998714
1070361439
895102717
1305156075
-545445645
-1972309220
-2091824838
1940570633
1724661328
-1639941072
1303605364
-891954415
-837118863
611693812
1365617597
56416902
-1898424294
1122199665
1790933281
1011541790
-1423559584
-346877897
-1622975255
44167348
1772141967
-715509907
2075828510
1458295683
-1514330546
901892905
-422639284
551418513
1801036545
209490945
681934471
1852847464
1902518126
-1663200030
1051260850
-2069973749
1320168098
1284143903
1071981054
-551918552
791100693
163695565
-29061711
-257290615
-40059636
1514052173
-1677827288
-1422783536
-1470798530
109614121
649847838
1669292387
-2080902726
-1021807068
-1547813586
-1790013532
582956807
1587953291
1171352470
-556433819
-342620276
-1938313007
-1084146883
1939553435
-1474983118
-539296166
80847095
1809811281
1474096455
-1805473642
495711494
327109598
884180133
976547922
1497813475
-2141021862
-1254041069
-804100534
-349791425
-934038195
-467128086
-1831046910
1504768324
-1612298327
-689736197
1033755605
-1318218721
-1424961030
-601638736
1520747342
213089218
1938417115
-346189200
-279022922
-439801882
-1541550421
1755979848
1587218157
627797071
-1706515839
-947162425
283634301
-683786925
-1817448868
1991088168
-703758613
-2082520932
582381982
-1532255050
648906576
227157548
1346870459
1550998892
1724196905
2092633505
-159398099
-1789892389
313430122
-566527046
-1098297173
-1453446576
-1251237928
1607115801
2134253977
585476917
-1715200360
1952058186
-133153087
-1995098441
492263938
1893975299
1932747843
1003326377
1047149242
-948972883
1395710922
537315495
-1741150207
-1959631326
144572928
-665487746
1193167944
117771448
536948547
701191371
-1285681402
-216463746
-1009256552
-2096771871
-1347627062
-807318075
447542751
200683248
-1382781293
1863783138
-1243441592
1057889634
-1777824417
413380657
-432303099
-2109945208
2110486273
-1670948261
1182867009
500165749
1820632887
595857628
1580324944
51743530
-1878396933
-1740074305
-1792792281
852102387
-594765799
-347120724
817466893
-30399217
2069974785
-2094928604
317187218
2070317206
-835515938
1911613450
-29827136
543788439
-790749721
385202788
925834384
-1100146560
2050108404
253420899
780372383
-618824766
1756279123
-2032918624
396695073
1562127796
-986230308
1574950824
-955261931
-2030602056
1073360706
557832890
1001404858
-1909814884
1687413163
-1336990770
-791048639
-1666875326
253879683
-1145628967
983535043
-2127337854
1974309517
6728783
1205624948
-1475464882
1030156346
-1043181335
-1826815719
2001678358
1120402238
770407848
558927543
-856912274
-1137823649
-559199208
-1313962612
-203764754
-385781617
-117732647
-1324149949
-302821799
-1587768771
-1686235557
1263532642
-961580543
1956459495
-1855292952
-1713129210
-908477335
226862067
-88728345
141551314
-682814164
-772476481
-1019510690
2137194021
-1410062052
132545526
182014136
-69663606
1186552749
-1565814747
-1060483128
-470169996
-1606817132
2137452429
-1459397875
-2007852502
-1273682005
-1610920646
1265963575
-132850176
1960504599
-1927603884
786620905
654419399
774549419
-1271321164
-2082900288
-1554101370
902222735
1778331578
-1804936044
-137046167
-1569315044
1592245085
-84488707
-1143049479
952608778
1189587842
-1582696423
612719501
1751840461
1207112594
-1245235573
841943040
1125260347
1524612678
695864262
-436832861
-570981007
535840196
-1256072822
-181809035
-882025993
158341359
-369517138
1795025553
-393637854
209322490
1006122784
1925002983
-564894790
-142081474
-1677625558
-153142482
-1810558245
-385575090
2118157046
-422531815
-1280113376
1124252999
-284669613
1292086984
-136331011
-1782365589
-1692462919
476241537
-1742711956
-704430095
-1423548022
-424071777
-15528501
1735969814
-987705190
-531909943
1706606084
-56608393
-148148751
2130832231
-1319713554
-1941080158
1134091215
676077650
1794748146
-124098327
-856141328
935256522
502674161
-486260358
-2005724912
-598356308
1212201829
1276593068
-91288912
-88139036
441572805
1395223963
-301088486
1127516448
-19897298
-644224010
-1433754717
-1065497659
-1700803265
773088790
-789812432
1325629734
645686852
-994805933
1391540986
362364659
-1975753835
-2116621933
-1588229739
1763205359
23042880
875267363
361895469
-1890808091
-1358051867
-1871476279
959278611
-397529636
-281187871
-1283054311
291620471
-562679671
1371264175
-822773241
983576183
265943812
-1804548470
-146534979
-528065192
-671789634
448705621
-381440593
2087493906
1343450034
-494222401
875832043
-2096778991
409464795
-762976862
1221150389
-1864210118
-2049243675
318943916
262491218
1111994667
-527173081
2033839680
-2058529756
1155863495
545805519
-1902521442
1802214391
-1377907983
1728377950
2027589952
-124526439
-1937357930
1770642263
-1370188153
-168573777
-1370989071
581477682
-1967417449
1721913542
-1291260407
-1541351785
1026255742
1943986344
-828948354
-2123072312
1201809563
1304498672
-866146427
1591922782
-1546312899
769689568
1245336625
358469431
1074049674
-90924942
1450704883
468386222
-1303584863
-891734356
542190180
-2127634675
-399547645
-303583688
-1327173823
1743095103
217420846
593953843
1782626485
1443018697
-1706086518
2063667525
-1850060322
-1822533125
1568478857
1231464689
2004491658
-1586374558
1856335368
-962698707
-424970944
-2063714944
-1981759749
320787765
-1130007417
599371198
-1335493302
2012111515
-1581337502
-2036390239
1580570869
-149956702
2023930649
73981244
1140981117
2116322253
-920116162
-2107439131
1209410438
-358509646
236111086
1666866987
1776359608
1182778643
-1038266281
-533347833
-52977177
1126811694
1952071803
1393125712
-422880397
-1612783021
917767987
392519284
636025840
1308927415
-816788619
-1601689244
-1048208120
1379652232
656291545
322562512
2029858464
1907995969
823007064
1285771156
1935833145
564696638
-1361782441
-1128847759
-203207528
795283091
-981000733
-1057199873
-1614163031
-1918413288
-964431554
1458704098
1311641248
1223483080
736978330
-1692071364
620296801
519557451
-741763548
-559667102
353170466
-1517076784
-1912449469
1594149329
-1635957683
2134121504
672796961
1223075170
1341715370
1277450736
433102186
-2129392963
1076580029
-422138250
-1470428846
1346328587
-15287444
-290134978
-562191651
3512047
1184154853
-1484537283
-1224228774
2053731510
1047560638
294969638
-1322971857
909707724
406763613
-1179647492
586178268
612639857
1533633945
-870139417
-1427089863
-1655698771
-1726314079
1040090955
1290162434
-1366235263
-1274257636
2138743831
98332565
134240094
537092241
-739235494
-286805255
1382795226
-904347639
-1539549157
-1713408222
811376289
-196987661
-2135024791
-275001998
-844670039
-1913764794
-35579984
6323075
-1836176727
928671468
-1569072306
1966252579
-923363381
-2017807778
391906405
1882411167
1039752096
-1516181621
348942322
-84309948
-754027949
797641726
-369179106
-1198885854
-1484328415
-1503661761
1039071188
-2060003053
-668379896
1998737016
-186875501
1569784315
-1898174018
-1165406117
867600260
790539344
982933476
1119339331
-668655922
-1113671460
-1215585413
2000239513
-1983031255
921871553
335444886
1342103672
-1120739407
1379405502
-1903615919
-544490348
-1552726532
1553910960
-1303823359
-719668905
1900299886
-1806936742
-748024916
528918604
-1805672757
-546995608
374051515
-211878208
505170957
-949752144
71095790
1612326822
-1247920009
-1486064453
363483535
-201289797
-117250327
-206532220
-1711202582
-1434857494
344065910
809283455
-996508421
655858161
366993715
-1557029412
453685353
-1756345533
-888763055
-1719158772
-144085325
664095280
-915800210
-1973517949
-1478932312
-728788670
574306087
-607929920
-17381348
957287658
-1432062223
554249354
-298896168
1658826588
412193833
2121319035
1049244882
1853972150
1361359976
1416271298
1567669149
-907140761
-2027353060
1444482851
-592511710
1265380558
1658483284
-410300606
244733840
1763686945
-1435378214
-1067554783
-1677760368
-1695890032
1632903046
-881186073
289128893
2020023209
1136750033
-1935241757
-603328429
1252612350
-340159064
-1258098993
-1231696859
1128382468
-491658110
1077458264
-574996012
836372797
-671670348
2044139997
39390269
-1508011623
644291843
-1394731913
-1443884749
-829715687
-1697460102
1264236601
-1596238482
-592899146
-267197570
-514359624
1680718786
771970688
-203020001
-1182316595
-1594227821
1037048585
-1856863312
1396314521
1720236680
1727883011
-1212805223
-2070500151
-1215359618
-1738074585
-96491670
-1039863526
1061545151
1190366296
-547154636
-1469565409
25106291
-2117671416
-867269356
-1149103039
-1949597099
365841114
-1163129585
-1194216953
279567786
232474249
5463589
-641457768
-1210896785
-1650373625
1044181664
-1706126723
-1891103023
375768809
2135510444
-883729494
-620394014
-162177279
-310108116
-557899330
-327188855
1836536396
-1498126646
-161768055
1248443833
-278787826
-863513264
-1842755889
1412978660
358762555
850993974
267216715
-162345550
1408804377
460721531
263215606
-1417865234
-559471326
1900224952
1352923784
1488239296
-1337779922
1525196401
-1960081090
1777293345
-1700939055
-220908370
138577630
-1962183286
-1332212479
1024972489
1478380792
-266639122
1742534908
652001418
840590957
373137643
-1379482520
-1250626448
-1695323083
1773452347
2074297787
1923246673
1414294108
841294960
2078046940
1298631461
-38334131
1644503008
834758154
1530009117
1681340242
1973915357
453334269
1109836538
901672538
-266811351
449443402
1272198557
-1566264835
1804093608
2087379211
-1259792679
-1544588867
-948884905
914846398
1542612624
1653111695
459183740
657598317
1675909885
496667289
-1991727329
-2030383089
948003149
1969323579
1499032504
737889070
-136834187
-132612781
1773208873
-1369136183
-28690625
-2003793475
-1699017490
2139404923
-283370844
-979482600
-1693009006
1494932700
1672274273
389414863
540443236
-2024542426
-1804757052
-839313577
-101512086
-903017445
162930374
-1268215627
-2103911786
1569046310
1022641502
841239107
565636919
1653952
765633299
1507264434
292043954
321404181
1043990483
-705984686
1798884209
-1928110874
1026135299
388442000
-27079910
46147760
-1441868841
-1626677056
1412367108
1822504462
19422434
-157051107
67589606
383512411
-476912400
1434388749
1988185297
-695405157
730448659
738909608
277994847
-1026147173
-1914616837
1962383227
-2055545044
1299203414
377642635
-1433309304
-2112494459
1311382169
705994152
-1952621423
-1104713121
-312871958
1820087123
258525845
-1415539829
-50683226
-140482311
1453246106
-681254106
1297100137
1095524617
1717412525
-1366513067
-1833943631
1329094087
-1456187865
-982246094
481379269
-561364641
-1369498063
779240193
-1513261869
-1111475395
1326391945
-1810745946
62195544
640046747
738271877
157049947
1046303172
-1711415717
-2023526824
828689821
881897309
-141121002
-2008305517
154035303
1117605730
-1392007052
1778469871
1128469666
-1996533132
1966422717
1919504713
1986206427
1204083249
-894880336
-2077404691
128295734
-30347486
1621728147
-83455466
-1886395486
1997299926
-466066549
1059807157
-800643763
-547224498
108519981
678728049
743797082
1498805403
898934612
783118831
-524299055
-174212666
1510925620
1390451538
1034448855
-2045150737
-1454721873
966297349
1436927006
-1586718536
-185611545
-1338845769
1889269406
1685481699
1981182995
-1412328537
1115420804
-646851527
-1530337386
392559905
-199767190
1737301421
1161644365
-1543207097
1668961481
-1489428031
362671144
1802121492
1160017067
1904326953
-428168708
-57188194
-1753721948
-508091987
-296262506
1306841242
-256435198
1389007187
-1283914734
-1019522523
-712732093
-1824630852
1733527150
-1302370623
1831289031
-1381223986
1242625113
-1899104611
2029202118
-1360350317
-70103215
-1430804712
-2001192317
-536548256
835243244
-2021878392
-1913856319
2009442617
1482093428
1306688054
1843432310
-137758349
1447979961
-1050970195
1070141886
1109711259
291019811
-363587020
-382139630
551037078
-35299066
-1646048361
-1447259207
101010185
-19106246
-845201619
1883091070
1828331770
134440425
1158060567
296172450
-1889193545
1389564074
-887268411
1665836308
1363554806
-845864241
-355382594
67785183
-136427459
-1588393222
1404168607
679380707
-1237994620
-240826890
-2101069724
-546190649
2063775768
453710787
1627047398
141357869
35124929
-832574990
-1235298908
484069671
-1522626009
730150707
-1367368251
684372202
398640753
-273920980
1888018781
165552321
1396692782
-2045411957
-1145935121
-1669483708
-576555144
970380126
332278578
-1196248887
-165212074
1838012833
-640483304
1136323609
-2088007326
-268081640
2107533323
-1589563802
386037675
-1408145569
419931513
572255868
1743771356
-881848001
1292048018
-840710345
576041117
1101068866
1077724496
-472489676
794383928
-1181221240
2138928055
1972487115
447746176
1228602331
463317086
-2038480580
1531734510
-1527334143
1526628141
-1803259353
-275548404
-173499822
1438138983
2097411137
1878245653
-522203767
-936701974
1805574213
-600983843
-799914274
-1080160587
834874151
-2110273554
1854840147
-1268909909
-836606321
1604750835
-1783266226
1687420054
2096075909
-635197350
1452976231
-820364179
-864419224
386149940
609617283
102984665
-2136580316
800709214
-1085535711
-86027531
-1708752733
-18328090
-196862989
-1516357291
1600359555
-358988634
1032475056
361856330
-2078967798
1772615733
1989309992
-1872241821
1824396118
-1222906624
459253912
1357392437
1810699224
1149203891
-1923797441
-57307553
-879373821
-1245955875
-196458191
798255816
-2078888385
484795602
100935786
-1548250838
-400731868
-2079998509
349586725
1611757268
-141411612
-1254233492
-1587887762
-237145685
-546744825
1615897117
-2143708170
441532785
-1076068002
-563043780
-1123103450
1327982921
-1318042319
-1275163367
1542234486
1505172858
712124346
-1172105374
620291326
-1032402573
228807895
1645488073
-965168052
1225945614
1991871738
2140785891
-360184200
-1408272360
-1517580445
1381117267
-872987530
2055962385
-2074250351
1535235623
1654292907
-1623426001
873768437
-751826047
1073424834
297021864
-1050510360
153419642
-1827260481
1917426225
-747662625
-1755704510
-1042396589
-634451775
1719758557
1372227211
1792682354
1952710810
-826864600
1167407399
363696418
1637747081
-1752147905
-1253678353
400774550
1496581227
-675297782
-869636633
1227699323
-1882471437
755265875
486088351
-1329666160
-767431253
1824425333
-348432677
-777040772
-465541320
-1026106542
-1597882762
799258075
-25701407
1152254602
-1281159550
-323569255
1958012498
676735464
329726644
1858932867
-799896932
-862020832
172217599
312498971
68562047
1940831671
1144063870
1861279659
1267965420
458872130
-1713059690
936154524
235561412
-885788974
-1698550437
-1309994489
59137766
1141092782
65074
-301782644
1865039720
1840514882
107442616
-587703454
-1825963997
-1683763624
1797927394
889936303
1717597300
-1570697851
-152760475
656032538
-523058623
1489000677
1407256408
-290299491
136387130
1597194
2030206742
1367245471
-552325023
-277556943
1929697897
2008693825
-529844021
-351069514
1750519780
151237624
621178023
-1347511351
-1690493041
-596985253
1824938879
1061772130
269979593
-1724559299
674794686
1987667057
-1526836118
2092886270
1269708145
-586005926
-2102639577
-900137442
451020369
-1232777056
789348410
-1184315374
2065585665
885707231
1711829570
-1654181798
1898261395
-1219427841
-1885518745
1881493715
-1003492016
-41052250
-250726463
1510544457
-663439432
-1381930770
-193233670
-1558524848
2113642695
-96131240
1551594289
200659027
-59872391
993093375
1523478817
-1539606035
640774032
262366480
404978818
508105335
-860046956
-154975879
-1184459857
-2098821663
-367483109
-188244000
-1418236536
1017966277
399606602
-654449706
1924256665
1195462585
518645659
2006809676
1184823931
57740772
915137760
-843058619
-440828806
-1140653869
-726321017
-1522618675
-1348216201
1357458317
890966558
886221865
-1077172464
615281380
591801625
635536975
1701953533
1001186573
1571832531
-802775400
-2102249028
1130784371
-1934092078
-1021425997
-2001936016
-896346169
1238478671
2030315228
-1919321850
2130708827
-710126604
1586844494
1486950809
-1937698896
-1486840601
-119945994
-653776873
-825766579
-11235321
-1774179992
-657758172
393004498
-1364952460
-1919795690
-2138359490
1329106508
-1547486124
-218682690
-2118092255
1193504457
-554890028
-191066332
653725292
129304879
-785122707
-990496767
-1234099580
-843638455
-140661912
1393536827
1012943287
1993056802
-1522654557
-1050010795
353360548
1218976918
1270058133
-191618520
791555547
-272860379
1428379790
189842131
-1592220992
-1759111414
2115576387
-1510122769
-1679257932
-1321477493
78393226
-1858712825
842889845
-1627243374
1834518113
1673326150
-1583132219
-492117635
-918233292
-1869031054
-1975948983
120386865
-1786841249
798594329
-1691779404
1379963509
2068580336
-1627568375
-238282972
-1344746628
2000905394
609484548
-1622548533
-472045629
-2084206746
-805397836
1130362066
-644044003
-1547564205
1227060444
1424437881
495041035
-1461494527
1860326352
-669191038
-30445743
-463527360
976505638
-642914353
598095557
-132735377
1232831662
-496381367
1452720490
-1767729414
1989289118
-1265535740
-991451460
1352301604
-1184449263
1595796640
-337426611
-1138828794
120063154
259208178
-372718448
-1112844842
1877525684
-320492318
-657186316
1857338220
1036005893
-1114319978
-629218508
-1009000702
-2013649470
-2019852337
335264749
1640388411
2116937964
-424126317
1376068720
20599654
-1991669924
1536646668
-1287657511
-651488765
1594547700
-1995461200
1123024736
70761349
-700524521
-1556683615
449793774
116827481
-223178662
1717421141
-2017782029
159596838
1984514171
-954204807
-219795594
291847254
-1268421487
1525368082
1972068461
1699451861
1291982213
-939517979
284977998
444506137
1757265600
-1892626407
1839176165
-1197974175
-1779555547
1321857306
-1170807192
-2092796864
1004565825
1868090815
384372936
-1213348260
-337090879
-1632375634
-969525943
1282376563
-1961643228
-704983297
-561596332
850135711
981410225
175701279
849124235
-415753254
312816298
1639087606
-1155756002
1172118979
-1228018752
2090736716
-1461364132
7699361
-1404405814
2138316392
-197043572
325214120
1688112561
415126522
1365724926
-785625733
1701106351
1304469050
-595811492
741630194
-1143297096
-98609584
261939525
1198798108
2010329655
521876982
26154523
-626608249
-1181204483
-1710184869
-318029284
-350983234
-1690581386
207788362
1409229999
-723393774
122348829
1993822347
157481472
-1184404323
938963761
-1175472247
740556238
2047164803
-370937688
707277620
-541866109
1415033211
1074336356
748424232
-534195324
-1595731059
1508597156
1014159118
298700234
-930644195
-708147523
1309769538
-742231631
730370343
-52721912
-1468082250
875172624
-554319413
1933155870
-1979329003
-2020531063
117706252
-1219907006
824040491
1173638945
1722939860
-133250018
-1069304957
862514962
-82104773
916810162
1626611537
-1710224929
594622472
-536378231
-1583142766
-470150743
-1310512521
546875181
1251575921
-147650111
370551356
-435233316
1884542188
-376184706
-1418910521
-1923953029
-443198537
-1636887985
-1535232054
-2077400118
102405984
-1560548845
1710787831
289961944
855001779
-1195052377
-1104826866
325792185
-177942945
1418948032
-547515114
-500037001
713657561
1704649723
2071264490
-905073339
-1806489472
-918216142
-1197361674
-1840044294
-806230015
1160787985
-574028990
2044401853
-1021442820
-269136920
-1326955600
1951719932
-1256079129
-479701054
1183345537
-1152518751
1232430130
-2056379467
-516877795
-113455481
-1644590164
-662236805
-203941869
635582250
-1195481052
537038145
513223005
1095424158
-284371885
-826787905
1371578345
1357268162
-615488263
-1621025400
755075668
-1480069195
265279301
-595816542
920050424
-1686516601
-619478663
407990617
-126352600
1225752883
-290477618
-849998001
867794618
631530957
1948444564
-782904360
-544336955
1633534711
1675031197
55405700
-185218389
-139590759
-1168866085
-898943748
899015257
-366162480
1168192072
-1792345327
1462060237
270743334
851991301
-1755221998
-2020786216
187336708
-1610703930
779934557
894862884
-198229404
1155620972
159769144
-621364103
-888053814
-1505067789
-3901215
705894203
1765145204
1347022989
1117409507
303090743
-336734768
-1521076465
-1100654422
1939102878
836205101
132500620
1347559513
-585303216
94033845
1907017535
1294940123
-335965346
63415450
198421421
1557125688
615068362
-1065424240
-1941774581
664631849
-1903108720
1864595322
518020060
-706935827
-1525871383
-1982585497
2118094046
321251421
1401249486
456011199
-1106415066
-1445575362
-2020787782
973405113
-1168542582
-349126954
1132751028
-1885326832
1393396542
-561652031
567735180
-320350219
-1458530367
-1785459708
-2060732572
-1124998842
-1260905479
1399222370
-1463450766
-1159494144
1658629788
1319919342
-833438205
-1723065102
733401554
1980239841
-1885088318
424046003
31461400
-2056469075
327222073
1929948630
-1200716953
210874193
-2124669288
1733991771
1658792597
1895832559
-2010935883
216823400
-261771014
-6761573
1564970580
-1795120072
-1551987627
1658169717
39018663
864384338
1525322993
969513721
1703941655
-556057346
-1442219005
-1724706667
-1656813499
1045862388
-570768298
1226380155
-648659893
1398130774
-1992089303
-5927752
92878406
-625255199
1932418903
1786503557
-1995636456
856659806
-1593557832
-605257507
858680938
-1850915235
262721991
240858703
-1883385105
1182139941
-223907452
-550021611
1958986480
-1261101850
1680941979
-1321068956
1076269827
-241736144
1048976582
1959832069
-1742692067
-1030618712
-590096017
427618339
-2132563509
645445880
638041752
1888537959
-1396331076
-606056185
296772863
-1482325439
1192766338
1433942634
-1140460932
1890685576
1418899865
-1706404583
-1395382866
1834291782
-1689908057
579255141
-1551435818
1608346572
-677538299
1867302953
-1555760894
712438539
-1740085634
-180237249
454085229
-2053907930
943485269
-1176950986
-2120393947
653613890
547474316
1899542337
420924142
2084383648
1419027299
-371207055
1994135398
465210350
-1701794786
-2098836698
-331090071
898075097
-1153367541
1561070019
-1169585994
54544102
-543438141
-181832288
-1465666606
-286828414
954275247
454794052
-476812756
-1222142633
-1333215026
1917234643
149627521
-1722489888
1285776820
998017477
-829933695
-1248666049
1794020053
1790717656
1365576883
-1063166130
-1575168765
-1994758841
-1375789675
1178356979
1909871925
-1686961604
809655046
1878864823
1727991433
-326795390
66157288
2088929177
-1222909813
-736699778
-1924063743
-360079840
-746585673
1071509087
1321529377
1088796079
394303036
765377940
-1185143158
1343200796
-2071695614
1932287614
1581056139
-1582377342
-945670930
407928679
1941253742
1865823318
1457488996
1393735089
1823425171
666593208
-465060595
-2016867246
-894725924
399634699
1262062041
-687962753
1264394316
-777561145
1421239623
181633959
-235826454
958911117
-1703961117
-1756934750
722806763
-1529913221
-1845453040
-870768086
-936231921
-113413183
-1971420665
-287142263
-864162742
2028303732
-1837028577
1341389972
-346440025
-1148155230
-1001752754
1469557719
766276969
-1072573787
217333231
1122929169
-380473229
-1093683524
-489280827
-1025663262
484983017
-1831199017
-2099203009
-742785342
1362645782
-1838243919
-1262833155
214726965
1925108367
877196836
105076626
-492472772
658844825
640639928
821204875
701282062
399037639
-1743798148
2058236592
-941625848
-2080952345
-1627695591
1883895689
1525572065
1690487070
832362531
642643491
-1861283807
-181127854
1839533490
352693268
-2012085549
-572831545
2019557425
-1014534981
1577373049
-1905556724
1567474549
1788053964
-632462017
-1000811240
448211729
-400621557
-207763340
1928865199
1902641383
794143831
-734648011
2079930378
-834825982
-2095297303
-1290629270
205904054
1896980131
1792725725
1895572982
1269593276
158799513
1725679602
-481974486
192577281
-172027179
-350892915
1182637177
-1819457553
-1206779075
1358983683
-1596430990
-861525163
-1548611648
57013527
1103051242
741947531
674826154
-1506304831
-653223048
-1346651942
-84577736
-259866319
1483860517
1172977690
78615663
604028690
1792610404
-2116815973
-715620311
-727950573
1970305599
-940321976
749895792
518740386
-395916333
528306441
941848334
-1757196550
-111211778
-477760919
-1613299868
2147281760
2068656214
253376633
-1721800070
350832552
1674990428
1188506099
-2124289961
-1741621762
470476273
-259007583
432763539
-234038558
482652936
538483455
1808878634
222630516
-1520855908
1170710303
2111384210
375547377
-521202460
-371891252
-359506930
-1757211267
1254780613
1170543346
-515211452
1284241954
129737096
-861953988
-182607859
41632792
-1585869876
575830783
977980812
-1020110522
-1280294466
1009580630
-1275888255
-304048120
-1193143674
1720051597
-1038266145
881918515
38727940
1480903362
-1389163109
167318613
-1189268549
-626991671
1119543750
1237798208
2067390477
-2078160560
-1278917667
819210697
454423720
-1475571645
435749983
1736480973
1372153664
-1725346447
-1722391392
-1950798988
-696530562
1316267887
2081703645
1908770233
-2021799625
337256124
-1332229233
528470825
-797048863
1497537062
548925444
1023951850
-1594440382
-1642801813
-1568406998
-2067474946
1838807401
-1426352606
249363885
1388179145
1784347106
1562364635
-157342139
1164740816
1745237540
-1572669307
-1390775480
1746336195
995694414
-1979147760
-210919290
1428526269
-209441006
1384339026
-1790904235
1705553097
1177346545
-473616338
698034922
1591589800
-962395992
-2004871949
-346306838
655995088
-1068366615
-1162449663
294397760
760917176
-658709170
1498518194
561048112
706980946
516863114
2020496246
-1605155412
1231612121
-2093383711
-2003968193
580570342
1014755276
859840729
-1160000992
-1639613658
72529721
1004467762
681575472
-648734755
-663408066
-1307396078
1409149876
-693745671
-1986975284
1295768452
1989139836
-434708358
1215061422
-1919928029
-1048516723
-316256700
1055470025
-915150062
415007232
613689143
-648909915
-1666345426
-102338007
-1020381060
-1368996821
1928958599
-1773454342
1329636897
1558532528
935503627
-1088698967
-600838168
1911033394
2113817731
323817873
-1444024485
-60162592
-795497533
10433109
494412580
472562143
-593245411
467459402
496950170
-453418165
241475350
966213398
-1690690401
-410172805
1060631132
-1900546412
-1729476440
-1498245495
-1579788042
561863163
-506468068
116807952
285582013
-2045547970
-645453854
946076215
-671252214
2017335476
1332268597
-778807058
-2122034256
1940898555
-52699974
1904049015
-287878868
821102874
-1616899885
-1503212504
418414107
-2089983515
1454041909
1952308846
1357916140
-1064693339
-1078588489
1355022357
1855379157
-1109170441
372700781
-213050683
689433354
-534355468
1600493045
-347297329
1448892716
1387997586
863506192
1924515881
844118527
-1529416887
2005907828
-1157653833
1112351072
-388873991
-147041825
-1418749236
1130262645
1762302218
758626671
1080001775
-1539565787
-798679851
843961904
-131272735
-659851062
-1510366910
210331894
-925052962
-759338971
2042899889
-520622995
1230858787
-899977582
-2051734243
-1797009042
519404720
1409667708
-1588224642
-1987728237
1930927695
1875317010
-1464129169
1948395789
-1816323372
2021179194
937793553
496227508
-925118555
-1396636218
1412706094
-1667425953
-2134979460
-571527963
747053984
-2024802443
-482231189
-934221093
3658740
-1768008252
-1922344160
-872322572
-477656759
1425996433
467892842
2010003893
129950334
188776943
2005228539
1490919253
1412844940
644146516
-1005100177
1015347563
237122351
-1946851224
-633510772
-311088408
2105784523
-1729626336
1531646411
223232326
-2008466290
120357131
1945128727
252365313
532148177
1888042475
303131860
1220971334
-1175833661
802408327
-1229353182
1265341418
1875156040
-1525939009
-1221212830
403429021
1635630366
1521279456
72062456
-1000553378
-957143743
-874040775
-999947694
-1121084879
1070083217
-105867538
-775928023
503862800
670136241
282689291
-1606034169
-1011316962
-1575332303
-352676644
341015816
-2089652958
-796958994
-1875170181
1409101284
-1391977678
413920952
1173850025
-1002857172
188846510
-180458186
1869021921
-493664045
2101871472
-1934525434
785350570
-150717201
107199041
862352424
-2133549011
682191297
-2125508978
-66071141
2101782534
256300530
-1453709734
979406152
-1698818466
-1419366113
-1061195914
986658079
-1316074183
-1016231273
271976688
-1383419265
141220364
94646371
-753856567
1018156763
-960482414
1240988294
-728759575
1151723162
-1485176609
-1296726395
964211287
-1820186051
-268550732
-846584023
1275358628
-1078923834
1405472789
-833713022
-221436504
19173976
846226201
1736796207
218002800
1496421914
1035639552
23695837
-1176910218
910734945
463140490
1142648845
-2032401390
3051534
-1472532090
1010149657
1103532593
425878067
-2000208728
1057841272
1370782532
-916728068
1416306335
224560192
-813692550
996275916
-1854385561
1015607020
1498169136
-1254381146
-1828849957
1599824223
-1035410776
1914464974
740713357
-1110075096
771690745
523637423
-1948453158
608372487
-119567290
-360523009
297414968
-1245451856
-1783940814
-404160224
-834293295
29544654
-2082373742
1728817865
-1182603179
1829817418
-303594908
-1288507163
-1531539444
1576979404
-1051303168
-923847493
77613098
1529803393
269353869
1622811470
-112927386
1195434783
-796066634
1964641030
1427839180
875055141
786807452
1005741967
-801757230
-1876091801
1219753229
-1611216896
1512436138
277444553
-1795885322
1055093568
2146889174
579920970
1071147286
225537701
-801091584
-2138472636
1103533044
691129053
-691495669
-81827087
-80458478
1557551889
-784990875
-1881189327
598475619
455883334
1338040478
2024607881
351706873
-1972452601
355780158
1006082159
314976258
-622863039
1374961618
-1447304764
2129619189
-352532883
-1284341688
-1568907615
-1050738681
-411781133
904268924
191571029
-1932946460
-2022109235
-2044894958
979435182
-1931599973
89448299
1989648773
-1122241673
465340889
1773405398
1385211008
-1109132734
2044853081
-69193192
80802156
-2074284953
14657690
482117338
1007125322
137949516
-1387789613
-743530419
746349762
485419750
579437604
1580090189
-733447814
231515774
1663929101
44238020
-584054613
955569592
73726243
-1077308340
1392696562
1112871888
-1137473280
-1722774248
1883114851
1168145191
421924731
-1024003821
433636324
874483454
-1198580712
-1284197815
937858231
-2131853952
-536302398
-904401274
-1336984744
-531694075
1605429431
596099388
1015337096
759386004
-1350363453
365416361
-803287639
1207704490
1653424816
-1884949703
-1915653812
-1208270535
299255292
-429021656
-274835192
443141107
2110728140
-61663637
2006213773
2017434567
-1016723424
-993918256
-180210184
-591429461
-2139092408
265995875
-1168120985
1135791772
-1241320809
-433441260
1684647376
-738480670
586050389
793719958
-1573990130
1992666008
-141548295
-1676992375
1626652988
437276267
-925022825
-194477862
1979738438
919057314
-38872169
-1082813590
1549549244
-1285851043
-515487833
1640407533
1154170601
-1543212255
-1554394638
349061396
474360100
770572691
-717693295
-1453859346
-2057205147
1786769027
412775746
-1252835957
265317915
1347564588
1587548247
1323684578
1478543419
-1608245575
532801264
-1499394316
-1777603428
-1580952821
-1359403412
-284487888
2055645057
661749177
919588636
-359051751
-312358025
571518552
88418361
-116180442
637880417
-570121477
-1225720040
2085410536
14491601
1535379453
834610587
948423794
615565976
-1232932867
-2025856022
-523532044
764601248
363399209
220287331
560683177
1604332536
2109754559
-1154430770
754685939
1738685488
1404830161
411233237
1885692867
203126502
1932522568
1481894322
-1545966530
-611905376
-166967510
1377369385
-698298979
1710309596
217207071
-1973987911
1523127124
1169748070
1237012016
-899424242
358533494
-1769113368
940698066
-1083006535
-1547288489
-1076868665
244049187
-1399612382
713057906
28018220
633429362
-2103022916
1471667341
-1347686304
-21793019
1009586299
-544692198
-1312967076
1051488277
1819912323
2099652576
-632228960
-1327538147
-1053168095
1683566298
123993155
632170323
773771262
839543135
1501480267
-1059040650
2072871569
1596682370
546045502
-880937270
-1909799467
831729595
1479651320
-2018653600
2095600188
948469958
-1525386049
1965423771
692560098
-922738229
126721428
1337168622
-1190886651
1178692030
-938616629
1062489578
-326288203
-1862836472
854273502
-560244105
-1311435065
-555084698
1441948285
416895841
-1972790257
-889819119
922819816
1644451606
-444467763
1301856543
-1720756351
1726297517
-1639769241
-725563608
-446432868
1222310698
-1964324520
334237740
-1181111911
-2049549824
-834768024
-1108488012
181808181
1463990742
951756317
-426141130
-173546212
564850318
-36533391
-1376218179
-467514174
1329847170
-900299068
1460082889
-880054414
-244873456
-1894507501
1936908915
-897988186
-592485800
892376682
716185301
-1476192871
-1190868668
-1008524905
1195252392
-980296166
250281672
139086624
-145071827
939584163
-1783223958
-1956372874
-1997834671
2130237610
-1885924348
-17870743
-1185247477
-729975242
-2137278776
1802448350
-73012216
1197322676
-247411579
1727218112
-1083458934
-887999734
-1540294616
-1059133900
-716726387
2076439020
-443400572
435959056
1977307435
1995791727
-1727342507
1156123533
-1015225791
-1646401317
-424501118
1889801530
1359717457
925962692
-558456158
-1595207117
-451492951
-536399013
-473395776
-444937069
1435435461
1345305345
-305393822
-581668570
-1745931791
-1164340707
-858760504
355680099
-2107810766
-1342713554
277110897
-1550269288
-436163994
1570115619
1849194978
1753552486
-1343847510
1571874794
-949449303
-1638678416
1318287867
1994160454
-386535520
-74622641
1292037663
374082789
-538410642
-1106709816
-1566405179
-764731215
939710291
1169676609
-1056632853
963212901
-1964153565
-869706129
-1378233473
-815728796
-1602685038
-1669633196
544031817
-1294630459
-1313276493
-2125941400
1875913223
-2118389070
-1648728390
-361565418
1342326233
-29949454
2141460489
1185733481
-1151409697
-1643265341
-681951383
-610452217
-1471138016
-1144463891
-1752300137
-425682851
741920173
-106899181
-222862077
1322101019
-1445971195
-1908867253
-1274074925
-1305177373
-2061311301
2127019761
-1636083667
328705340
1480236374
587632824
-2118086218
240642764
-1284478601
-229590015
175053653
-616630330
1640336193
1475972207
1529522747
-311252064
-425411084
-866661190
441984807
-898180599
1297243099
1770887876
774697702
1978404634
1700569192
-1276057367
114257689
1224336075
-1999935332
-144031590
988860218
-112816216
182523308
-496723412
-884705824
-2092646205
1463055841
1967283693
-1934007742
1790692076
-1559898177
-805772680
-1264684551
-1845639905
1278192489
1337261130
86145801
-1216203715
-1405790653
293630612
-1607630303
1641233919
955849945
-1509331630
-1834970846
-1104767193
1640777471
992620700
-19009059
1171955959
756736568
-85935813
-1286352607
631466471
1395050075
-229962114
2095025652
-1782938223
1935392883
-1489609394
-1249887969
2093040
906037223
354168960
1110640879
-668373047
1101685210
743070314
1060947258
-125752216
353212116
78078904
483356576
-1047827825
688332449
-1169255552
-2027181038
-986274645
1977820793
-1436818285
-1991135848
-1111985591
816731488
1659993109
1347267406
-1108544825
-1817972017
-939166385
2070421935
-751456434
-301640812
2015368899
725771285
-1123014657
1442885878
2116011136
-76791168
1835761772
-653537764
-2003221577
-1215838315
-381157559
1048121262
-1178590321
719082218
44193122
-1823217220
1160535861
-1618308224
-1638408240
536594399
1754238262
94840464
-1714398873
-708652131
1522348048
-761667958
1879879538
390610193
-426836987
1115420250
-343806559
1067182539
-161012174
269464812
757232962
-457986572
379588832
143672562
946271151
1335391158
978970906
792773860
-615789561
2050225370
-66320001
-846343352
-145823712
1712188082
1665742425
-1341842637
-523950916
1255266360
2021852909
-1835358961
731761914
-849030537
-1081470956
132902813
-216147698
-1427838167
122528778
-475196099
-1937513420
1818370465
-499696763
-798195347
-299823647
1522204139
-341124087
1889401487
-1534969285
-200984016
-1376317574
1923482606
1762158027
663559775
1301561586
-743777278
-1207566223
284979722
-331574571
763402995
-1151171689
1759783053
761430561
492451163
-1859864663
1727146869
656272138
1531012944
643259588
47114014
-334740795
166972320
1170418349
-499876451
1696209572
-1411144866
36985860
2139866080
1660502114
1493111197
-1397671752
981036308
929566656
-1580675205
594170813
-980940730
732154192
-1686528927
2105831421
1472312396
1151926927
-23990648
627523723
-388583963
-998079687
-239622210
104560670
-1466164193
454566873
-164375959
-319431748
-1719615751
-1242267233
-1642026292
-118207307
1598776392
-1634624651
-291997560
2131557842
-1169078562
-1222005677
104463462
322914254
-107955224
-670378286
1247770195
1010356485
-1107373417
406943231
-1213102165
1205402731
1830603265
1163274098
1032811962
-1408773185
-2100002486
1679418014
1264226430
-1563107073
-790018562
155955561
-213204558
1193650974
-2026068799
1099488766
-1941010425
1468189172
1643978794
-2051954206
1540940468
437110133
2077159914
419029573
497283377
1184445477
1348287028
-109189734
-761836738
-1384133429
1774469465
-391516567
-177384150
-764518556
-685002831
-1219840157
1805849681
1562372442
-554573887
-17052489
1743931365
105527541
-1053315430
1763253923
558746097
669832209
-760320385
127838541
710179995
-316991983
-1585455158
-1615182382
1236223913
292927763
1094865935
-176097121
-1475155387
1930903141
-1251385471
-1652928256
-1259952892
1576659510
-842679148
-657871370
1125974052
1427457680
-1666365980
-454656948
-1797508587
1323065733
344861268
-1655586324
-1704465862
1873099432
-784416902
-1782019474
-678001680
-2011884609
-1165126086
56101105
-1086855730
926193846
262911408
196182830
-311127762
-225832235
-1337647021
-513189431
1435477484
1103567669
-1363540138
-2102541846
215932525
-1032159120
-1859301295
-474545140
-126367773
-1844554857
994267424
-1073982444
-448677170
1147490408
-2102008309
-1974102363
-552577083
-1024846656
-1953413593
-572282958
1533185141
907402062
2017409531
488502868
-1415682838
1234939273
-474179483
1660783069
1499606285
-1128251165
1269771710
-1456815060
-2113427859
-1003097282
-1294962372
-1097566910
-184658367
2086115999
-1400656744
-517204971
-9556051
-1324082144
-424379920
485240996
786701892
-276300245
-2122007571
-418679989
1893610702
-77501979
-752913368
1200602455
1445299274
-486649881
-76014647
-1701167395
-1287659722
2147198003
773087857
-285305401
-1423700723
-504896155
1098413913
105138735
2063544848
221930280
-1297334085
1280523247
897740617
1960048619
1372726640
-402598536
1578893004
1734683093
-1859236646
-2101536797
-521187264
1331750646
1820817667
570152005
-543954531
-1964879682
-239542522
-1981307322
-589623242
-329299278
517906861
330400756
-413630983
-1133985700
1962725979
-1280772396
-345331978
-1554721150
-778363860
2037797434
-2042408163
-155288677
-858948262
277969626
-1002860469
-175568002
-1916488990
1973752734
-1581629305
-322045348
1015495270
272049081
-272840568
-1408910608
-2044850603
-739407365
653632122
639390708
260997192
-1152003737
-2007443199
1664440534
-710093393
1820146434
-1306874243
-1293272661
-630617428
-820047635
511505551
1275666020
-839557314
-906193227
698079196
-1802911426
-1456041310
-766301462
-1789582319
1037106303
567013621
-627413522
-1433320410
1035140958
343971614
-167935474
770015973
-1355850174
870158570
-2120238890
1190875053
2111926831
-1816873609
888029600
513837939
-808273027
-766351914
1413852526
-2094980599
-1039909942
1253708268
-1370792967
97153954
-941688015
-1288984680
-1446500855
863851157
-737465157
-26324966
-1462576889
1027316065
355509781
390012850
1810782160
1491770609
706387587
-771187833
94926027
-1772880096
434366740
334641610
-1031546563
-587029122
1701846551
-307937253
717786587
1295112276
852060109
639018027
-914622304
-1662988827
-666769825
880530082
-1770363936
310191606
397598482
-628457406
-21405027
79370641
-920442184
-1082005173
1583064601
-480615675
-624846999
-1954667743
-105637716
-1694293456
-1313394317
-411278292
-706784809
123093247
-1759467634
1803642367
1282914200
1040260149
-440582572
1203848635
2035933439
-195267476
-1026226449
1505396405
582225409
-2095387815
-423670509
1227627350
66373771
151753044
579694638
1156094018
1356464858
-1690745066
669883358
1929835964
1210271497
100136899
-1852042333
890471241
176081899
1543302955
753993173
-169217646
-76381414
-290467764
730077656
1846253198
1686074448
-1850347493
-1111609971
-1563209760
667875828
-2087577469
-406522357
2132453245
480162552
-1974536275
1622374286
-956686703
1570323937
-708132990
1674414255
2122891939
-577302233
-576800403
1804326101
857567478
321127614
-1895443867
1782649323
567700530
1541103860
-741252310
-1024434861
189933636
-680163715
1722529998
-1040714727
-573673343
880772044
1859920246
-810370453
-628012015
526789539
-424115871
-228178360
-1143913334
1828946157
137147433
1207591288
-880217381
2104921035
310394441
-162384197
469497451
-805639188
-1475931425
703503941
-697189759
100056097
-1175293518
1225014632
772582886
667589423
-1203560075
-1398313581
703254728
2052648423
1143900748
1432034938
-2061058848
-2047431052
2019325072
-76601450
320768983
-1748411149
-2072285233
292404432
-858243099
1522197832
-1526323690
1184823928
800166587
-1905947089
-1124851855
2091170939
1342394019
501695889
431274418
346043605
-1036085788
934075928
1249597553
-915016380
-1265845142
-1355083259
-825224876
-992190402
-1738500186
470048576
-1782032240
925611300
150104243
1639452848
2071949743
-442094666
260949177
-1201141555
-845240173
56742601
53157782
-626515598
1312921274
1432692280
1816452282
-1096600329
-1635583806
1713541143
443681362
-1974524801
-1547511760
646859054
-447796568
1001025421
-1803612820
1053641893
-136335415
-1987890979
1604541967
-449621253
2065239399
-1460628367
331791201
-214890436
-1812822783
346364649
-1893767907
741536115
-245166016
-288276969
-581962634
92583260
963186084
-1313649966
1238078302
1867758686
130913119
1198162954
-458234875
287792055
-1878029184
1282466589
1490508959
2127822840
1543570516
-1031796376
-724624534
827460276
-1000127480
953890591
159872751
-1875355788
913614483
-465478815
21417607
1344642029
-617789742
426217862
-1277534432
-2023549068
-518657036
2047713211
-1434902463
2143176113
1115084824
465783505
-360125109
-767653741
223501619
1234080593
1790344960
1245117827
-1149674441
-602918957
-36374199
1753477595
1028002417
-1346054001
1526862131
-658068839
-882124494
-2083047372
1993871162
1751741263
437304241
-1629514248
-28888630
-312399778
-78641361
1730907376
1967404034
1480634467
529742172
-1426496351
1242692794
-309978896
1361113337
2008538838
1707653575
1280330366
202884286
-15429965
874310525
-1473804382
-1761270659
1655704842
1535976565
259140479
279357574
619748844
71664015
332553083
929461069
333519747
1936989754
-197091275
-720795318
-2087503329
1253705970
-41772618
-1357823200
-1520862834
202931210
601637606
12533249
1503549359
-1032692053
-2083686336
-658674097
2019792969
1236685339
378844617
543307911
-1043483112
-1740255422
1162559550
-1616726950
1372377385
1366431850
1644047756
1833139740
20295271
-2026896570
1550516356
-117786015
-659383180
-475013323
792579022
859582437
-132296260
-90768441
-1642459106
1586666412
-1001383992
-2123590785
2073479590
1324852074
260954063
-274456870
334061771
1724779044
1518722194
348869520
-1132301798
-2059924714
1727094121
-1627237351
1436197245
-2135032105
-1642715496
692638578
-1612911447
1104654011
1448800998
278081824
960442586
1294793336
-1328592272
474403189
1743837122
-1551322101
-1823343942
-1695730159
1280499646
-2017274404
2065595398
1390516907
-764693686
-1751812320
1731909609
-122349039
-1417903177
-173923714
-1614486246
1849794413
-1870324965
790852340
1874259084
237250505
434002312
1495341820
531172287
-1411704876
367186303
1169865194
1385556051
-1320310298
-1407174746
-58711145
-687961890
458078273
-352085575
118750787
-1473091842
-940218471
-157445954
-4203849
708710065
399930837
-1086659972
-529585494
542367459
-704040681
1902200365
939047269
-827867320
2139446009
763838578
-269186391
-1896882324
-1475380198
-1344714106
416695248
-1756769529
1990814680
-2033338186
316834609
526688149
488443998
493622288
-753415735
-1798992090
572824288
-79439014
1233771286
1711725682
874759205
727310149
-1925662906
-1555264464
-1483092667
739421666
1180341137
1763510183
1756121268
1066647893
1570927842
-1215279996
-291049602
-2055445049
-1551675204
60933614
458032851
1064471201
2013911131
-660725033
312285638
-1055984906
1759859225
895991189
980421457
1148680512
-774232813
-1176409936
812172444
-1767024050
1113520908
226014461
-1606810754
-461325443
1540332688
1439040747
1083968835
-226893786
78572380
-590741220
-1566291536
2048639574
-786194691
-1095417289
-104003005
-51707196
-445536330
1218462716
589038014
81748991
116153254
-1721305704
1270493158
-510311193
419156522
-1522762950
54019464
-1929916835
-1735257728
1489040613
-538524484
-2005678019
1595077292
-1163108729
1146708333
1884178828
-931405922
1623121227
815883799
1689892846
1707528084
-1227354581
1078141138
-1560884646
1851139517
-1424217656
866557072
326533904
-806529505
-1725492867
1493445282
-1211280183
-694913863
1706727857
1238466688
-1013520592
453186283
-715741844
918318537
2037198481
-1995370730
1207887660
562851464
1208797903
-1770898817
1146837753
705994168
-152313445
116128120
161336759
2113129482
1143465954
478298561
-1150810694
-1837580572
721555079
-1307862229
2056478879
1625086893
426329682
1131546238
-898368935
929547079
-812904665
987819676
960409994
-365780515
492537466
1266583525
886742291
1550464734
-2104727294
592527837
-388249874
1532680520
624556972
618147596
-1343340486
-142476247
488247250
535267109
399893143
294975330
-1536125268
-2033670294
1419268788
-635103058
-1804282
1655649614
-1163126747
-159039262
1916706867
931874651
-94314887
-854224523
607615297
626702422
1029845899
-631378365
-905559187
1385826464
1668765464
-1750575219
-207028007
446132702
-1296568430
1733845060
1091758204
-1854861092
-1164527565
-1420999546
1138398297
-927905362
-1784644524
-495950744
1004560115
1493879320
1692333054
-1268111626
1459135487
837275183
-424389183
-1181513353
-466823077
-1802073281
-1828867644
-1579491596
1826729278
-1726552849
748120605
-206142469
-1067470159
875286691
1312840802
-861369696
1142893886
-1550513375
59609216
-209542460
-737209626
2088502390
-144080694
-909524327
-451255465
-1821825510
1974947668
-1584573595
-1599189154
851760978
1315142786
402515589
892789658
-684071979
1253110491
-11815244
1957636722
377825458
589986850
1276475789
448592200
-1214731408
-628231257
1479820622
916446446
146177910
-1048065574
-1774612770
1841158488
2072649133
-1251300064
-1027570672
1091563667
-1232268701
41446377
2063877673
-1923373835
-126999182
-1643224062
1732298911
-213521770
-1677696863
-1353116889
1669093411
874462206
598317129
-346579748
246681057
1376765471
-1197581765
-1942922884
927314694
289791877
-424450335
1634517649
-803874686
1933065931
1600854178
-273133466
-1936120050
-1070554032
677862795
-118809381
1322527600
1969941291
550446891
1223450488
433398525
-228608677
-1195346755
-678553917
-513831841
1972447043
-338273396
1398305493
-54951784
61040212
-1906527853
-217524950
587667527
1240583947
708918883
73431481
463495464
-1150478818
-1888709047
1946950980
-393041951
-895629071
-919927889
1831810288
1564875258
-1318461105
-235920702
-189625576
1263338541
368271446
-700050603
-434154147
-1275973409
-1496243023
425944324
583866369
-2106578194
-1891471348
-1745804900
-642127243
18049197
688967620
-1170433606
600437040
-1893358804
1289444574
-861481039
1856250049
-1499406916
-37648581
-170009423
1429184039
1401741745
1242750985
210373668
555110496
869413481
722245499
333211995
-1444513985
-1988510323
-117136965
504400745
364272514
-83833962
-353519841
2009033551
-238392285
836564115
-1088511077
1829662809
-1863361298
-2033967832
2063243638
1956142790
-834725293
-2113355815
2126478144
-1180431186
-2027903363
-728037752
-2053484285
-1441332960
-205507678
138639420
-1888396104
-2100272758
-1421996132
-206291165
-724139523
-1459957411
-1649920839
-1118156071
1837888771
-1498798095
-1162112050
648532714
439379149
-1224466267
-962106478
-47841899
-112782186
813787466
115228968
-281825581
-635201390
-1396264255
-844804611
-332151913
1418209753
1399564258
1691121364
2068659542
-180304480
301985439
-1408884706
-1526455864
1307872169
503093096
-1091079282
-1021701392
-603320324
-816668975
-946935059
-1550720166
-820866089
-1976736398
2075669546
1201777315
905664994
109724174
-1218329932
1242766910
-226260570
716476919
-835083764
-901107084
-1486334400
-456660048
147611029
103172012
1050696785
-581937196
-804646482
-2056099860
1830447928
-1942309835
769849858
-1847764833
208259
-1748654777
-219279074
1723499672
-1210555230
-2059028033
1159828803
140051030
-423121955
-1684691849
-204568963
-1949418871
222426759
-2127187820
1452110324
166064853
-661897869
447468521
-119791999
