-913334948
-1053256989
735073866
-357070026
595445299
1588102466
-181959058
863417481
404018521
189427223
1833654869
308921885
1364821476
1982667307
701821438
-641852134
-2079365355
282514667
2030306409
-1882298337
-653521259
-175446181
2119509373
1142505810
185903873
972264010
-610531797
-29436489
648264360
-1389037626
1807684306
-1939788347
713878163
-2017417262
-31190044
937945910
-1286512187
1955120214
-256658230
-1771991010
794229955
-1045630890
-464251643
-2058771649
1817787734
296386150
-484915307
-1273215589
915600014
-390294947
443081885
-1785393847
478928138
867183176
-1673391801
-528467572
-1754934409
-516210015
1808376293
-10316767
-80139435
-869955135
-926205352
-1918004265
-708285951
646207122
1037471925
-1099262875
802128367
-332212600
1269052965
-853461129
1857232950
1741334225
-1266447860
1084900106
228118097
-923775798
-770557076
1231130873
-969348061
537543093
413138059
417260502
122144315
-1313831511
-324580140
570864893
1080249433
-1769083447
1374584058
1560367078
-565760975
-1840537160
1064456547
1010290363
367088750
951221324
-1452415293
139185194
1576870905
313869185
-1578517242
49798779
-975451782
-388895825
1920339058
2031366116
125081374
-2073601537
-715994868
-472135652
511725211
-1316988389
-1417021381
1178884909
1847503216
-1788101852
-827900757
235123086
-1240096399
1199884265
570539124
905641328
-1432470142
806260308
1866188154
443658584
1454040738
-399005145
636343318
336505837
886016299
92505832
-307699723
1310182675
1320420951
1831947546
1708528448
-2073212873
-1434600954
17297069
515395581
389498860
-786097987
-512620874
473311156
-1299073353
-2072466959
1212907618
1146693973
1089159462
-1881218426
2137930024
1389996376
-326507226
2147263378
2099909181
115107878
418947734
-2088869531
-1029167795
-1569080649
-850976489
-1902233907
-1409281945
-1023665797
1832738597
1675716757
583109944
2134784382
-1758282133
1932270927
-1323055237
1701778374
-682032814
-1393406637
556738224
-721125633
-985592358
-835113209
-414351605
-1559543974
1181256109
730637151
-1913135697
1888334001
-1510169743
1094739623
-1611111397
2058907374
401579357
-158529152
1261037284
1962320045
155446542
2073359911
1040597924
-1800026080
1514734747
1750992381
1643094578
-417645005
-1498212122
2022730563
-902818541
1089715184
70809909
630453028
-277983953
717723171
-403420160
-223288328
-2146609977
-1937469631
108512524
2104097734
1255703974
668492677
795879608
328815371
565980822
610628443
492384406
2033330105
-916546539
-1347604478
-1994873539
-1255811966
-680232888
-2111689108
836321628
-1073055659
-1343834576
-1517419416
-263704046
470159912
-7373797
756372482
-356923267
208213240
901169500
1592174889
-84987759
-259016691
-1697737923
-1320743534
-947896022
1364297602
-159763148
-1434880292
-947275421
1589311748
-269840299
1261204213
-1066303704
-716896039
-716331512
-269764933
-2137541879
-1300552924
-1732904453
768176870
-270226095
2034228583
498739033
-481455324
-1517209513
2045068360
1784419644
-1225307259
981965843
441827735
-1563787681
1518311449
-1903079693
852942479
-1853439977
-607022378
1164861423
2092918363
-1213979517
-325598273
1295052250
-837899044
-898294782
-1785999549
1242054651
2003500457
541989349
631776994
575427548
-571902121
-733149083
489791510
-2125204383
660723449
-2070968361
1133057392
1034726939
456456170
506555677
1393784320
-252889890
-896201783
-2112867489
-1568086278
1641025168
113954500
870798587
-991831147
1573754692
-2115814375
908378041
992167734
1397338758
-756709670
-1626089405
1673088461
165330424
-1570153744
-84885293
-735963521
-1334535907
1801562721
-916662482
564176005
-1432627596
1852869333
516464080
-691414445
-344823352
1750918997
-352943000
1547438844
-1196398650
109775446
-1879227514
83082708
-1515148593
-219855882
946323346
817268822
-790466289
598880388
-763648256
-1422450104
-1720825906
665477958
1368342465
-1826351075
1626200070
-1284015755
401217532
1266991001
-1829017548
1340266892
1798540797
1239306939
1129785203
-1080384831
-30579859
651515094
-1196583483
1557631187
-878194749
-1147296256
1055628724
580311046
1266664954
2127423664
-2050870503
1858551147
-95460988
-716104286
-1748726981
1794699109
-92033411
-495216130
1772700187
-736894361
1896497444
720812984
15204621
-141511166
201085062
1535705145
-227378550
-638818786
-1244379013
-587833025
1189138244
-959492985
-552204586
-611378175
-967397253
-68929877
-2111752233
-1178515818
-51915889
-1411083359
1147700708
-614213738
1972865749
2083192429
79663224
-1984429055
1333303213
-1670535038
454876763
-1199040673
1529842131
844523655
1514946323
1905863209
-529842186
-1849265826
182538138
-15246745
1477205382
1794110817
260118096
-570791271
971885010
156252654
-661329357
2027612891
835554385
104390437
-538437300
2022592579
-151610817
-2025889808
-422247828
-1939693939
-1019123349
-1596584381
-356674024
1043892218
956980303
-1614671964
-1361677631
826615668
-98935968
1968578029
1191907384
-348997386
1685008295
-225308592
1630842464
-2132151254
-761892207
-775720804
927267620
-1731990189
1697064706
893624510
1772135339
-1249992596
521359279
1890866313
1005929674
-1773368687
-263448916
-521968711
1134128826
989459870
-288859580
-1047840715
-331567094
1034476053
1319547656
1471503507
-375858218
1347320645
-736016598
802746081
-902496455
-1054072409
1050345227
1613167522
727562751
-1724999798
544403217
-971832041
1081994911
-1212789773
1690569406
-1572455745
1665006951
-352043074
1745122558
470820127
-1786839303
2040930568
-1814494785
1833945541
1437250037
-1845610288
1185332422
1576831882
-400027657
933891803
-306869824
1797671704
-2125480509
1163192281
1783902615
1555598252
960154303
313622981
-2137034489
264544283
-914787423
69776017
1586682992
80946201
459725928
1652608257
-1927041811
-2097330759
799667599
513535958
1888668324
1301455663
-473759616
-961961169
304392287
2065219805
1149790023
-1056282580
1229112412
-1380099188
460118919
-1813373228
-1779178912
-14345479
328462512
1904240184
-2016062703
1746167956
-2108054158
-1372300584
1687215237
1342729859
-1874554772
299063108
-1133504490
-1917680916
715236392
-438265082
-1536730761
1202226036
-159138229
587070399
-1610648820
1757472002
315651592
2093745295
-1272517771
1438219207
598138326
950151098
1265137771
506740610
755248226
-1905924473
1032704719
-502951936
-1470791483
-976088213
2106800128
-1182548510
-270191111
-1276276121
1245785196
1145035682
923105673
-1367131218
-1257811095
-2121524521
1707153800
1684194442
1896640581
-1313588808
502709699
1397543551
-15407973
1779483870
760348729
1038785712
-484294680
2036740429
-1361504053
525582209
-473713571
-1316154700
117248047
-1666505091
-1170701066
-1485770252
-779768278
-91869062
-1023229750
1061652446
1485936382
-1587580421
1771691941
-1329962944
-2106176480
1686682068
1288836051
567879970
-1999436755
270941204
-1652136642
407581261
-1461416417
1727465246
2069948859
-1566908148
861385659
1045243673
628993696
400432182
-2084909235
-2483319
-1688590439
-1096092565
-58292073
-1675984066
-1085524293
897059996
-406786810
527835756
2077827545
2054981329
1019041575
1171760923
-1175058154
1478195494
-1397827240
-690892863
-725568837
1898131222
-789962814
1839061036
1893253194
1575533307
-233898618
-560377691
1332650195
885824469
505485622
1571275602
-1868639099
1849523017
1478126726
809421788
1661293959
-1843771411
-1124496573
1227457873
-253871608
1118121922
-470227581
91910730
1657136020
-1941094655
1354463517
535905104
-1904455767
1772922650
168732251
881598331
-1305191030
-193596935
-978838546
525488987
-600761006
384476554
1145179681
-1981773284
268467275
-770040961
-1863897775
-383978268
801366656
1808765264
-1386016868
1912341631
1307350416
1879225475
-1813839400
2141493566
-1948584763
1158557485
1444836295
13421851
-1725111708
-1004275528
-199396472
-1542013919
1735978566
-2135986459
1797712975
633794314
-1409739353
366050068
-1882743720
-1163637719
1568746557
1629702083
-813828584
-1502891382
-565558644
967854676
-1230610250
-2042649769
-539124360
702588178
-2130277447
1260297597
285152027
1998136693
1980615169
-1007612018
589291736
1382441637
-120870917
-2073426968
-606056784
786219068
368914703
-335287529
2025305043
-1263576752
-1146840995
-1324013449
1010806906
-1482942545
1554397353
630080798
924365043
-328500372
2065768339
397274360
1059786237
-131672422
-857171957
-954918350
543776341
-1265630889
2045208579
-1738009892
-949105264
-460207604
1535948133
-1789977399
-241857493
1896916466
1642972742
376703929
-1663390496
-1493735977
105320540
1330122169
1692271418
986968865
1580878765
-1708172854
1738004331
152328467
1322155145
-43604799
2084537181
-1271620018
353511610
936411245
392645894
-399363429
-611374087
-417920770
1498092032
-1532889881
314761122
-663714652
2082838616
957486478
1724156331
152820086
1095342245
-634300196
1349469906
496237973
-2114398884
-439779889
-1274813419
1690813841
-1379609757
405982498
-980788377
-1181371126
-1729493021
1807946886
2072111008
-2036222566
1926205282
-367357390
1575609268
-1047209998
1289929232
-195717986
429713703
825590594
363280736
173134474
1100669376
-1345800482
-129426726
-1096630460
1484128380
789791262
1737014319
-1396678869
383899077
123475589
-927730547
363880558
-660409629
-314632156
1506979636
1696693273
-904867661
-852357056
40997705
-1175624878
1967320469
-1517050318
-909191958
-1854554913
1914525354
1396081294
-1931836542
-1718290710
2130710591
-1898381177
-1279465123
690221320
471863683
639373714
1454035070
-274611593
-792213632
-1097713848
-705118032
-1852104537
-1557638328
1202304912
249268954
1698900475
-1874593938
650342140
1314239895
-1584949040
1024288952
1106896243
62299910
-1643732291
-480315886
1613924625
621373405
1273825308
271039428
172831562
-1222706236
-1423501367
56382951
-1075553195
163564256
-2068337879
-115620331
475177159
-599324499
1052008046
-581926817
-1931969155
-1062042608
-795440872
-1558129789
-1324915265
5205164
461683390
-553574306
155555745
-555902604
-1708081139
946705567
1989169836
344466560
723678225
-1502061379
1759007934
2108387364
-687349325
1001685290
-1196506834
1850599743
-685278846
164946632
-1145645517
2142378704
-1097244747
-1898313060
2075333765
-1782716722
-1078389136
1411432641
1279966532
-648284105
1452345414
1179557534
-1508980199
1773781609
-1391085825
-1556541349
-334249061
295018929
1595839130
-1414104688
-152561165
-1258950367
-1503216491
168849727
839181249
-673502810
-1161806997
-1110882044
844179265
1292656217
1816683101
2044089226
-1154608727
507423253
-988515979
-1902928319
-1643855658
969761353
834253255
2077037133
347374374
-1623055602
746885625
478425281
-1546997337
810092667
1382450950
1960369676
341543024
413051192
-891636418
-1511067469
820355407
-498424239
-243423856
-2096007360
186643620
-850205620
-1458271477
32500089
875332748
1077985661
-528163678
81836245
1806177857
311614871
-754628817
1020785707
1857134015
-791984506
-371377222
-2139622740
881475499
-999088516
-543646214
-1853015533
-1525084816
-1368780982
-1628874981
-240774118
-1398022229
-2140594448
449368257
-594966737
570487496
-1861895817
369597516
2069407336
-969201171
1828389885
244959837
-798987085
1679629334
-2041787120
-1731021159
424777553
-888844416
658026047
-1062515796
-2030619772
-991410357
-1591790866
525992849
903598982
-886356134
668473450
1513367567
-2049401155
-552799619
-176030916
-1723590778
-158813907
-1518917934
-1827732030
410554859
-280068562
2112339047
-1412074502
1913475600
-1438635426
1725172260
-276561759
1410168616
1697321176
-372943640
-750284932
1909752458
36562853
749374705
-1309628172
628813237
359413618
1992162688
-524510488
409443476
-1504372093
-1406938436
-464563521
-1374703614
-2078116121
1448122838
1957184699
-729645937
1171597293
-23781523
1890448533
1408739716
-381302058
-836808652
395375429
91339812
2049516235
1503002578
-1056938464
1357353780
1684162577
544193033
439839528
-1987340611
-1276373382
-410844647
1988882079
-890265584
-616132834
-1521441690
-1415789091
-1204756981
-286514869
191823448
-188341405
1330067865
337514169
-846765950
-2074036177
172490366
446062338
-104534266
1556158033
-282866604
2124486224
178693174
1009920189
1617171408
-83516585
-1256433281
1602147427
1861002313
725923974
-504300926
2068584060
-905310853
-969014152
755123843
-20564953
-262284921
-1567326800
-1041710074
-1086795980
-305798338
-396413563
1924713143
-313330626
1080839326
-1440749989
-1934637174
1465218558
-1241392740
685224211
-1238425822
-1065670178
2046604067
-2019181116
731402870
-1831872052
-1294870948
-505236566
62146994
-1901854895
-20990928
-26788770
-360060582
-686253087
-1255881462
450561607
-1993976395
-417349004
-540732191
365754960
-870610840
2063836757
-2079454347
489461979
2141199456
1229931321
-1348995880
-1278758412
-2121960459
-804195694
823725615
-1964053303
-1259889332
1646297637
1609964217
949408346
869046524
-1198022694
2094581008
359812972
371123955
1615113938
1031033007
-1797332542
-708215398
-2033362498
-249208908
-1320557425
-1954967753
-1598589330
1403113701
-969297882
1223475603
-1511780696
-759563784
-1935900429
-352797732
-831413701
-2072198642
1101683118
954412748
-1145571758
-802922368
465982668
-965756151
1365313037
1716110302
-1767958215
880499151
-2033719219
1614341428
1200973380
1599286219
-1845510449
-1960801393
-2140476709
879678026
-1183710596
377242559
665508855
420787859
673497342
767529053
-1352597927
1928389520
2024710038
-801794545
-1161095306
1494046131
-2065189076
1601751050
-839124561
824501526
-238838361
-2128979752
-1104764988
-516411932
145895550
-1152814245
-1447359606
-908190985
-1347816305
-1832484847
468048860
1497364162
-1076355281
1383004824
-224473649
994780785
-165700479
1047698293
1753324841
-408882354
827434763
-16066032
-1217398766
594478694
1839187078
77204226
-1917683189
1927379564
-999277579
-1985503597
-1606819296
92907484
-658810632
1786987390
285276249
1629687651
1135153249
380695030
-341649803
-1865283971
1619778055
1910252269
1530955738
1921911392
-338766886
556840851
1594635462
-1960583912
1127907895
-757312228
92228811
-1587949326
1213514109
-530368314
-1398512519
-192748002
1423293664
-576731110
1999944284
-931946865
-696975748
1442079089
1305777960
-225072090
-806425427
195768505
280558899
805690638
173295773
1794641017
1941199650
360311401
1757053470
-1228103919
-1269877273
90311980
-629345095
1911513158
2053963242
-1852539578
1923899910
516563710
-1085504634
839859975
1732984125
476920647
1068940982
473883327
768252941
-477069155
1814421007
-67167579
-1390092116
1932243052
-673591055
863259387
-30379730
1574171859
628015353
1462466670
1905659930
-1482386518
1608330937
-1159710526
1702603322
-866842170
-1995266645
-685864530
-995250765
-1501620613
382548834
49328644
320749140
540769121
-1168945663
-1121480427
-2127373518
711226459
2068067825
-2133983150
1171147124
1329146837
676716238
-1237439690
797825130
-1358057652
-442598495
-1202060957
93213412
1986471955
508086868
2044077835
-1870777919
211573843
-91973022
463013777
1929896902
-988890030
1231850189
-1591349649
-570933584
-1282375688
1555379029
-316257703
-2043515509
449878159
-527880986
-1130266973
-2117865404
2045606602
943238481
-2053773601
461406333
-2133064440
1067100735
-475270966
-1699287136
-1436547623
-1670858911
-1243189145
470635062
707274432
-1715596308
-1195273620
715394169
-1904787654
494246724
1667502301
-494627801
1927369727
-626422537
580685303
811203480
-45955449
-514629652
-476104370
-1145136622
1803319503
-264694565
-921296071
1112237404
-1880626852
255376383
291037805
-2025140079
-668824704
2077893130
-1161400345
2008695861
-33562661
-1810245543
-1920574193
157451149
828772644
1524632681
2124728346
-1887399126
-875488983
1372119688
567194287
1962800327
527741460
-1945417777
992648909
1288719444
-457861137
430337871
-1004300821
302367314
490135145
-1211273591
-1967456672
-209406111
-197108007
1191947555
1297605381
-1462067946
1829732995
135535577
189829400
-1495332846
1358163226
1759012529
-1898598301
-1985130673
1294846854
195335794
-1246479972
784878781
328977127
751752534
366341903
-1688136947
1705180120
408046334
-1900135558
1358081227
-2036652553
-1431878747
-1799644361
-621659982
-1095872603
-23456104
1399059360
2087974715
1891794442
1074102245
-1653310290
429596023
703656283
-395550382
1452548323
-5013218
-545365665
1773805201
302085993
-1791921690
-310641106
-332396367
-433865605
1640322073
-59688644
1777962198
1921543172
997576801
-1410688363
877140524
843932293
-1047745306
717891177
376632088
-91117509
105882522
-117827893
-1700373072
-511358336
1312803283
552267189
-596580499
1364387697
-466658023
-967695537
1060417567
816041936
103221569
-215026576
-462557152
1797907244
219216826
-663808668
-283169332
-1113028033
-374253530
216354031
1103550000
480801686
2044256812
-1075823726
709438720
-510134665
-1170739060
-456142068
1182058446
-908836866
1896152435
1733050915
863438969
-868897143
755722255
-759605084
1710836451
-1904476331
-1058260122
586000295
-554255898
1788686953
883166819
-873143785
-1914306681
918833330
1292259633
1383678320
-1026472852
2147172463
-1559258164
-187174198
2108306059
1632498638
150327765
312528919
47116068
1038728663
-235524187
-444470872
1922056176
781715849
1498322083
799253493
836259738
405811010
1842388698
948071837
1880409454
-209763229
391277509
-2036379221
-1451350960
-2048212685
1529483885
2050026010
-2013158162
2130518275
572402357
1200780955
1202847545
-530980717
-301533708
-674817132
-923347184
-1517781324
2097216708
373525868
-1174814658
-1780718802
348861977
-40850427
-448066138
-289812509
2012744597
-595733879
1554505660
1976975412
691654425
1807867754
929965623
1947523747
1149793695
1012283555
1004701956
-259663688
-1821922490
700928067
-2076742531
974784809
-1502505810
-177574613
-209484582
-1005989836
1270600069
673233941
-1094079257
-1895740849
619811938
1011608793
35320823
-1239845628
-229186607
-786898965
485955352
1153466901
1050040494
-142006232
-1566647929
-1473136410
-478417482
1089234129
-28381082
-297825764
-1496009638
302430167
1737586092
-1975993984
1238663894
1580325976
-2093017508
-1579433431
-2116030590
-1768251031
-1582796807
1842993370
-1331024536
-1818964714
888361272
631058600
-394551786
354134950
322884087
1125934560
24063156
1010159394
-908298642
-742444250
-1161705896
-447298792
-1860447837
-1795762975
691045272
-331237220
-435594461
-126959914
-300460192
949776015
-128422930
-220166125
-607430906
-1617831389
-1313106254
-471846642
264826779
-1898425442
1349373756
-1834735604
201301123
-2140714147
1138890027
1847504839
-1425411256
275041051
129406438
469011530
-1195763542
1754482547
694385103
876026400
-1638927622
-2113108574
-135475016
2105947053
-1590710873
2006882706
-983412331
1755351258
826565145
82591763
1198449011
565136632
1252260285
415373675
-505080407
-1425776931
-372859552
-1742305264
1263871308
-690991277
-2081077823
-1681770573
-1953759769
-37230157
-1279770272
1587253376
1168273259
1174872780
1011336092
335518372
1044292452
-1711697400
-326250244
-15264241
974738285
-521217839
325721292
-1991325062
2080076518
344169520
1222487019
296113067
461389795
-982649673
-2083696413
-1503072777
573763431
29784225
1466389818
1896351496
1113483473
886391863
-416685049
-116943136
895009942
117220468
-1706227257
1936229661
1971028528
-506378261
-533963407
-2013421954
1704241493
319429096
-864442681
-2116297051
-877901204
-2031080491
-456976914
-69266914
1119687228
1251561695
-294854592
1112020128
1437983974
-306294823
-1108912543
-687198319
-251284459
229101408
585615248
-1951310641
-833485709
-860135362
-755251649
1109619117
856413790
1592019475
959685092
-1457883589
-2053249573
-1465254350
1714705
-1034507062
-919964214
-545237816
-192830
57347502
1551768155
872151107
-2014678539
-957400251
2034251456
-2074631440
553483904
655241784
-339664349
2103251686
1792874526
1545157120
-1924061222
596564002
1391261898
1044044204
-502606119
-1667342093
249745232
2027803872
984503400
-66328424
611726112
-2061994720
986883605
1938041895
-1409580699
1319936846
781002475
1651116463
-2144929963
-248408719
805215203
-2043122272
1664523722
-1190914889
1882758042
-783601045
1318509073
1105633212
-1360708284
-446441883
1056880642
1812655372
-465157408
-1255592976
1228816720
-204303898
-1463799124
-1573951524
-1664453086
-919809725
-8842277
1846030858
632797922
492033814
-841366907
1253088338
-1450389677
1359733716
-1556345121
732767142
-1100635415
246098997
570366891
2072125303
-1417766316
-2108067524
-1327583247
2067350359
-1028253091
-1402825611
1610706927
-1450502433
-853840906
-1788367747
-1677905587
-1756526638
-964735605
-554803769
1364188821
-449381758
-26491490
-326730852
666803681
-837321614
1026427538
515519843
368324309
2124414268
1257673670
1098732578
-2049788977
-1695960651
180398053
403983428
-662939043
544081230
-1275855749
-1867241572
1096390383
1665252796
-641189172
-1633121367
-1868896307
762066139
932937184
-2099421157
-1155574966
559795407
1391074786
-1401038442
1183323449
-350813588
799497387
-1640829771
2144677792
-1463565865
-1482963048
-190354095
-1066544469
1235542381
-1704500573
-661103102
1815269347
-1688475933
-1626148687
-1508101147
-1570206561
-397706579
855436584
1010045599
1713973178
-1744753245
2040793796
1466320034
-790182266
1254323426
1989823403
810644399
1838234879
-1515651088
-1945565506
-1206098533
1416725827
323800355
-706777551
-1600241323
-369051071
1619304514
1766484829
-1856528346
354912689
2058731372
1521345492
-1391136965
1722700099
-121759176
-817579083
-761862816
-2089460966
774258461
-66180798
-987361010
1620045179
-1531788524
1325673903
-456998233
-1428938303
816971643
-1291827396
284350207
1713157780
-1026733508
-680480635
1094919710
983126362
1559432238
609337624
-743794109
-1956846868
-1990108741
-570145976
1465463596
-937352307
-1456541246
1557320512
39680404
540105239
-852834627
-561669286
506406653
-321002890
1590195750
-1367014991
-1563032145
-1443027110
424825366
1342249716
1313885439
-367656152
201318703
916256381
-1504969260
1562033201
236583100
-92661855
561709927
727388197
356766998
-177098679
-603841463
-1245248823
-1114450871
-837914431
-1543581782
1476617191
1905571574
-1431109424
1210118871
1533821062
-2013361286
-108628472
387482372
-1557089445
1270654799
-645833890
-1553934517
745982079
-876719438
59448828
-1610715404
-1322424223
-128054650
1900082005
139780086
740130301
-1762558856
385649786
-2087802434
-1205154739
-283467422
-1723716949
-613879762
247998208
1797626356
-2010977999
2060542696
2041184873
995438993
110710890
-890972981
1291685562
230304630
-709655003
1086408637
1360646769
659537441
348106544
1552314539
-133990383
1373233391
233068078
1443624909
-613203179
-1163374585
-1831343187
-561710802
110780449
-1020564873
-1928875146
465340779
-1428224902
58085019
-659573977
-1173404998
1937707192
446421189
-2140506625
-771613138
279816890
126511130
1071167992
362224952
1385956057
1894026682
1970166299
-1132165264
1194113119
-1449981405
-1905063409
1836826773
-183201478
883866838
-2112178446
-1443300654
740456684
-1004049861
981639531
1239763266
1335098053
74873793
1100842239
1625872054
1274719060
989535817
-1377148764
-2132589387
428487962
-1366334780
-193547117
-2328893
888011905
-927185638
-597276318
-2078257690
-2025812212
-1007895219
-1857563567
861673573
-391228978
-564248866
-1910567709
297581011
334504736
1552894575
2021787568
1081659211
-899554419
-19728983
-1162810759
1075991548
-1941693935
-423981729
-898871939
1188006375
-1778964605
-1602963981
834657802
1155738343
1827781966
475246072
339482198
-919067151
-988050585
-1012754663
-1754063217
-2030736227
-1269802630
-2079594184
641346351
-2137877275
1163853670
475100121
1819405461
-2065804501
2031808748
909676993
1781392337
-1201401728
-1974579038
-493653286
1916514495
-677502685
-205144531
-142958503
-24597162
-113877177
-712092754
475537186
1039493697
594488856
722568828
496489578
806084783
-1863636736
104980244
2028408990
889613671
397017893
533118029
489120899
-1461524194
-1653253322
1615107535
-1529404259
-2145488372
-1218410649
650277317
284442325
-781468996
-1700094535
-2096856623
1401177685
-1166085597
75644030
465509184
104257974
1814534388
404674332
923041406
424003421
1151457330
-811889904
981672396
1527288865
1804479750
675004726
-799968465
-1746450383
714571218
-561897658
-1218493013
112371253
1572662405
1309052321
-1552654927
1831219378
2142632496
-729787058
-1557737259
901423538
-1891840039
725981758
1907043523
-919226205
-361512817
1188148695
1108056435
1036943999
861427902
-185059921
-1066243428
-1853128659
-595095868
813859480
-1073228699
-1879945434
1975249092
-1068338212
-945178782
2054600796
-1666733127
-1996205367
415217598
-107919018
1448765389
246354543
14488499
-1874601057
-662538774
420069287
470084930
928296545
-1781515631
-1691783848
1769798432
1055848012
-288734741
-914677515
-1285171985
-1763571781
-977368803
1355907913
957304493
94797593
-2106685216
-1869194890
-260925583
652413825
-975645361
2091649594
597888851
-1449082972
828139267
-779373708
-157153108
-1090974481
-1818304164
-1024420890
1074849919
-368718611
2053138977
2066337084
-2030020042
-75629335
1476191819
456639053
1355975312
1827672023
-150753251
1919587744
-820929063
590674547
189536888
462130224
2105202012
-607822422
259937644
-571254669
529668118
-817073351
-580024302
646680984
-2112302421
-345333612
941175704
-1210459376
1526620829
408146952
-856083556
-1525186480
-116424517
1528041507
-1734807618
-1556051756
1057840855
-49886893
2109444720
1345423462
-1423151941
-894174772
-1215538929
1671147424
663091292
-1307570257
1811632439
-1274355538
-1056498352
-1471538840
1687689042
2075249752
-1944406147
-1943677865
255945330
-2123605185
1207127314
1502970290
-1508267680
1789454182
1177887675
1075946920
1553829109
-152237580
-1139804912
904598730
-541346905
-1246559945
-1629817267
1190523814
1570820710
-1482099988
809314120
-634221388
-1059742040
1831571133
1075256479
1302536310
1049150914
694801674
1006811440
-548662310
-894401158
607651307
1754303181
-1148313374
1263843801
-1066140555
246529584
23096710
1745581124
1648196156
725147180
-2082820904
-792760371
-211212519
-431304155
1423814249
-1602685242
1841121581
406638530
-1465188373
-1151922793
234060069
-1343015968
1008895255
1802499793
-261433665
1738569417
291973585
472736898
-47545973
-956125275
1863979656
-2010518838
1552701942
-1590600912
-1754403101
1876592558
-1662759292
-1628153427
-1941286247
-2002234324
737720668
-927442918
1993423008
-1580486002
-2124115447
-1547429724
1494684809
1870368259
155481982
1217744476
-1560275414
1259896682
-2061773221
-1014824917
222004093
-651891855
-1276137618
808363779
-645903161
-1722257954
-429342085
-483624105
-1011073284
724444716
-123264705
-555833908
-1357285279
-1624065703
-1920110926
-133806288
1909719923
-1404035842
1726631565
-548893781
1041480711
-1918730337
659212555
-1642775245
-1835212110
-1170021820
-2052544782
-1975547579
-1905524118
2049521480
483658196
-881791535
209194092
-1961813392
682083474
61440373
1260375648
-479627713
369899553
-1350563090
-1284102469
151562887
818198672
1191680971
-638411931
451151939
-1623212471
-462970270
843200155
1638053540
1902274454
1150199560
1968098837
399594857
-1077146009
-667473797
290527339
-788729741
-1382615470
-2097591389
2049193139
-61794152
-882420006
-1164225926
173508719
213792183
-1612036621
1434324551
-1243211866
-1016437237
2079999685
1260503313
-733430960
1921023684
-944275280
2022908498
587913718
597033427
1849549456
-1688765717
442467994
-954589947
1199814209
-748024744
749677011
-1362295213
1871669349
927741732
1593055548
-446674569
2010876004
793580703
1144963343
-1638540606
-1481882444
776239053
555762700
876413740
-225843367
-246904416
1313125791
-2050393684
-1924655441
614757482
-1166781887
489831882
-1036394905
1170854540
767908381
1577781106
-1062288178
-279063437
272527863
94658569
315977813
-1189195323
2143530569
-164906811
1541710157
946485718
1646701742
2122715705
926122993
-352577696
1792302980
-579532497
66494121
1394383731
908160971
2000641209
417783949
-427924566
1088444755
1192444298
191665191
-1236045921
-1610963690
1105860225
792738429
-1421870688
-1820793374
1025134214
1108316749
-1982486878
-386180293
540910489
-355119206
-1619181195
1163878014
-1243683032
-1569306777
1399092537
-362021303
-507247712
455021506
-160941296
371354650
-1008860347
-368479229
390852372
1140138038
-718131130
872475989
-1860681589
519231435
632070667
1282568053
796684633
-182398632
-268579886
-2125790790
-2084595531
-1173230772
-257302407
-542786476
-1284055777
-948008723
-1735778404
1183420888
873519505
1484480891
-294821918
301706491
-1969905164
1697357204
-259626348
-2118949219
-117564715
-609425702
-1976828817
2013861897
696031320
-306033198
-698908742
-2021044869
1060894828
598551055
-661859431
-2077614879
-1967543232
1508989071
363246755
-122116890
2033345781
-1548452764
1504221874
1173420075
702568340
71181718
1752178683
-1626146601
-1941615551
-99024313
-1842526883
602597457
-1482036048
1001618968
-81123331
-1704153268
10421720
-1168084021
2111831058
-1637015037
1155838183
-612444887
534798589
-453720891
-202991755
-761696986
720855708
-1906584396
-1858353413
-2135023550
-1118061601
-1625843511
-1299462266
928927537
-2096615782
-14860518
-2111706713
503332798
-793639780
-1019295137
-426573907
-870076437
1669205505
-1221930062
-1519847915
1513748317
148287684
-637524843
2114649921
-810263818
-1394942568
-1091408583
1246774888
1597077187
486997495
126720765
-963224114
1862066713
-583651462
-1174826188
1259592756
2040689146
2842731
1400395307
-1095574128
-2104967748
532095384
-1300967831
-1740219647
865913324
2089304425
1545130040
1219005948
-447546001
2013430837
197463396
-964701493
1608500458
341315024
-1087504062
-1102397896
1171032163
-707309464
-1400039181
-1507108219
-483141848
1026069649
1636146154
1609875358
-868618769
1783852701
357636266
1551727249
-419103938
756397361
1740593620
1013741629
1942668812
-1919234796
80881504
-1948424375
-2034263384
2050711114
578639914
2056570200
2114757082
-522533279
2140665776
-649393286
-139327929
-1107764214
1754498074
1629072869
-90469351
501471210
-1940223879
-2087984412
-1586200865
1189050034
-637003949
327181582
-147711567
852732012
-1153570465
-802642757
-1692807785
-1520017128
1324819596
-1085989708
-1904539094
-578199945
-1710092472
-913981911
-2018874244
-2000816347
1168847870
-554653721
-1236895692
-136427795
-1945585441
681614537
-626245891
-228832168
2071785444
1280306543
1610914337
182242183
395535124
1278986542
599317104
1075644994
-62136062
372714054
950538854
-1938835120
-1587851879
-830221990
509894284
-301031672
-593347813
1903887388
391237662
1615058728
-1215983769
-1586035897
-369697299
977714148
-2099922566
-1475777582
-194478201
-774517694
-2068497609
-1717962910
-88451436
106439588
-608728214
-1672720385
352160386
1122391718
-1099066358
-171775222
215956068
1799604522
396710078
1379934062
-257840873
919523760
1731613090
-1039799530
-1623619674
1979661802
-1794300342
-219669602
973799919
946867343
123991302
-351547828
1113092486
1810526319
1840693863
-368411839
1563351768
1437954247
-1759105790
1985871851
1455069331
-942753066
-1268539021
291396797
-1213146811
-1863944017
744376996
-1687086558
-1423912125
-650034863
-795327921
1469417646
-892742965
-1254066700
-1501575743
1752715414
-901675411
-1853710171
-1902087457
-185858974
-1475859034
1905436692
-46345874
894151392
-1386312243
-1841959764
1780526222
170357851
-460598990
2027332324
-1954479993
1709903629
-142625661
59309780
1371963591
2049986257
1889511025
-1375795957
-1402209749
-446161892
-749486700
279450783
-1561717379
-374415826
-875386740
225869444
1144929853
1363203203
200932456
714522145
1681043876
324408208
804422986
470361888
1533671909
74782891
-13206198
1523063941
-695182923
180758858
2005519770
540157186
-969282547
283177327
-1781350933
1077384
1276935214
-1691282077
-1228687857
1342677793
-272606747
-1129993567
-2060651040
1237973244
-726422000
-1440035819
-1210620065
1799296969
1124078432
1219214726
-1153962209
-1505287865
-1202030753
1783583311
-832774428
-301737190
1501661109
-1668838571
-59937146
585891809
-406900826
883466292
-1087545573
647630216
180742622
-213194821
1769286740
1837704410
-2090145168
318657434
-860786649
-49820071
-1270192868
-871533735
-662545234
-1076774831
1517515728
1618555532
1371435086
691978794
-1777507983
808830533
-1398159333
2131159294
-910140198
1766096329
-1218071429
-377493141
-339224540
-657626491
464679945
-1020089687
-1254811609
-1659432126
-61392709
133416670
2135734337
-613833065
-1591551162
1250673840
1817323093
-1144102753
1991893184
598791708
-859809002
1316165612
-1282623865
-1763889019
740250245
1585784251
-207927199
-1096134128
1973029048
-1009377944
-1353100060
336250926
-1737425188
1657800484
-648469480
-2025763975
-1415476100
-1872358940
1352172634
806175940
-153452286
151646364
2091266434
-1317925012
1901779326
-1786947924
60033608
1040157940
769625766
165300122
1779218403
-120070703
160546589
-1448858110
-903238670
-686337151
-1959347721
-2107707958
1087647
302051297
-1275613827
-867670631
1915602690
765658560
472841772
1503925129
1481830338
-422785362
-519730685
131059994
1599633922
1869023770
-209036290
-1387013526
676938873
-154207845
1536398301
1150260386
964648162
-436973939
274695721
-423114829
-187020905
-1712333600
-2099685256
1450327874
1713228152
-53336276
-1177248273
1424361184
-1397608943
-1329195001
-1815627768
1045869950
1382921211
-1231717222
197459860
-1972077537
-2099217022
-2090724238
753859075
-277746737
965940104
1665092243
547626723
1271637715
-1456369496
746974163
-1402801754
-398626527
1083955870
-1686344092
-1120963673
-1978444782
1601539557
-192700751
-1018219921
-1782789803
2018934689
-1650408082
-1564379597
-982310617
-1519978049
1815845610
-1624419167
-953968704
-1824451238
712481703
-1252545573
853593616
-1079847072
-302673365
1422870979
1864800683
-468520075
-381457896
-224541831
762732544
-1437312746
1728946298
-844119775
-1887342383
-2019365119
730260832
-812662295
-830860321
-2039078700
-223362387
1413127241
1920679396
1932272372
-1569629137
-226148723
42082501
147525808
-618947344
-35952
1165232903
2117290149
956851660
1740091337
358500994
-202331293
204116291
-1358943605
-1094384043
1703845968
-815210352
1586874248
2041660442
-1322449716
-552458758
-309488490
-1199731623
861038998
79249513
913694645
-2073828799
769278573
1822211131
711207248
-1866005868
1839459322
-1767428776
561608387
-279175709
1032956908
1079154307
-654653155
-1342602757
-323678364
512389619
-323765210
975300255
-478655596
1548562210
-1338666589
-877964938
1047168162
495401444
-1931137832
1784399174
256843473
-89203014
133087821
1564815458
208567778
1514774631
-413253675
1095585377
-1926703432
1593365188
1946661067
1239773456
263321402
-1942712624
-287628641
-1228839767
552020092
1454986251
536071568
-392436924
-1164013791
824044291
-1804958278
1829391245
149007866
-1102291666
435140691
1799917238
-377819405
871503354
1018263857
-587101777
1834505774
2074640674
-1319738225
765934996
-1765555344
-1143424445
1646156047
741448551
-1802279492
-428727890
1204178434
-1789798657
-948222659
347400831
-857945625
-90999489
231933800
-2117143058
2030615857
-54294135
-1582214815
588943333
1369228621
-125184395
1735421086
1102307537
1240275939
-1700346435
-440004150
1058220220
1484699227
-1056674948
1859288555
1386682267
579492258
1979189399
-785828410
-1572088092
-2051627475
1190445179
1796742017
-2144298908
-1265082307
1053259272
-946357622
-813253042
-1111984027
545194956
1033498039
-479006570
-1831626679
1386431348
-31833169
2053747583
1728001959
496015486
-710556281
2024166258
714898843
1257566771
-918158417
-2147206638
1002533406
-490309420
-283800305
-1754267508
88425423
853236243
511849580
1906758451
908371446
-1261606716
-1515993071
256899659
-1296069947
-380927020
1314135978
216374308
566345184
1000732793
18850930
-694219670
-2086919394
1132614571
-67913840
-1126155077
629972369
-931768622
1088592574
-807984518
1150214851
990970816
-592789716
-366402078
695254594
-1814826016
1462345379
639626846
-2115466913
-770806097
-675249428
1877352470
1395972914
2108617580
-1221337231
660201165
1975039200
1597450763
-1242291931
100936169
-159928801
323579758
1397299361
1327588819
-1484134918
-1559858985
-1379442033
-778525055
1003994065
48532119
1779003979
1803849552
1894356132
1578229259
-1071897914
-1781933034
1939353744
-1341304120
-1935085138
1634002807
237917336
540145429
115755211
819511927
-2141926232
1320383385
435714476
465547601
-1624372777
-1354660267
-839626878
707142022
110551276
-965494573
1147034443
-1638503112
2144742691
-1283603041
-1945084366
390922167
375216944
-1564450570
-1692371403
158445404
-1395122044
1322342589
-1728319224
-2018746218
-739646770
2144419764
-106829512
-1715976639
2094764996
-476833813
-888663661
-151366850
1030030626
-1215975308
-1317645625
1414836543
-756483853
-1769362855
-45342903
12210402
-1960087026
-1935517488
-1100177032
484632321
318638307
120123565
-574806015
-1347359929
-791263113
-1240155369
-705465212
1742760967
-1912711252
1349926782
1218957432
1303300936
1968206534
-148465460
762907723
-1718044380
-831391446
-1543869990
-447820596
-1991442607
-796191897
1691034917
-441922867
1724379648
734279034
-1214211135
-1380980477
544512485
-1113390771
326109068
581452849
963505046
1307856257
-830143321
-1984847483
2144051225
948524140
737947170
-71966910
-1316257097
-672510107
1543393782
742083486
-262060010
780206654
-773427145
-1765079571
-691780986
1122106129
527169929
-285618690
-30177382
-2130474433
-678559533
-148642364
1964923643
295548597
512971827
2144528696
-1150815624
-622939535
-113331919
1070514302
1817896800
-430730428
328566838
-783740858
1699866899
1604146137
982188862
1839516788
1856013526
-1299816203
-1161280564
-447622909
-1180690713
1837971200
216402974
-699488986
-932038447
742183875
-335853662
-1201615696
-78954239
-1561067406
430384808
204884916
1361880984
-263669779
-1846230696
-928432016
1075864706
390409538
-454986267
562607974
-1870423354
1032861302
1647212034
1943543243
553657631
1097539461
28915605
-1498876379
2058999756
25897382
-1373782870
-1412910289
1345162148
1416968914
1008789161
716627199
-494057876
40272263
-963622709
1358292074
-364506004
-197324599
-282579510
1997228199
-451844289
1333770345
820495576
-676728015
-1883435541
64265609
-1169774127
952888818
552737329
-987080866
1564359859
-1154558051
1978943269
-137391049
-347308979
1308146267
2144908544
1559333566
-1547872202
-1467930455
-1471410636
-2034648194
1038265856
1972683903
-1242732096
935839397
246572462
