-820217122
1274401658
428793278
-184919790
415660148
-1536430318
-103241490
-728067617
-1264586246
-768961742
534981137
177617061
956807974
1298457573
1096268849
1788408280
1766723219
-132946430
-1990194046
-1692190247
1993509659
717378553
-1990702632
-17116844
192164460
-848692529
1747998557
185273322
401226965
553739110
2090923646
-139926257
1924519521
1119603714
-415949787
1560870708
-422962906
-236603896
343336237
-151785177
-1794582306
895388679
9625106
1437042106
-2037902410
-503831556
1270583784
1603916195
410852454
-136994351
-2067622770
331170722
-219688575
1450671655
-721716189
875762408
-2115406323
1840952661
1892711863
1212919735
1146617686
-1578278225
-759717563
-2138367419
-1713902593
-495236086
-38616863
1650541542
1288960089
165224831
1886635821
161799785
-1303690249
-1703053969
1709302033
903953857
-2015118207
740470984
-1034709334
393097191
1899487688
-1099069563
429719426
-564990209
624178971
1330098555
-2142206462
-916221511
-1530268200
-1456018607
-41685468
-518349318
-1434331835
-730561585
156406636
-1918459462
1876097952
-810944164
1517359640
-591530449
-959484812
-151295039
-1716138090
4788523
-839350227
1955653171
1488786997
1695942850
1982034158
1088144783
-939083745
-1362219729
142502050
399884006
1012297095
110157047
-2109375407
-1605678532
704602654
-98240690
902172852
454784397
441886154
-857435974
-1036639222
-697080816
2064610457
-1751331338
1188911404
1688993214
1811909107
332794136
928718815
198480661
-1124535537
-6904587
2008452713
-497190631
-1236659032
-621464892
1285144678
-1291722341
-1840523281
1861537281
803458779
-1371507779
2020684483
1332794003
148485515
-2035914572
-2117435618
-24424144
-2098218615
1059664079
-1222486574
-1050417664
-72735474
1543955641
-385818506
-1173170816
-2001900404
2137392890
-985803110
-1002531927
134418691
-1217308221
597203521
-1906304688
-1223044206
-600519446
1582376848
-869487665
-161673648
-1941125070
-734803006
1558313701
1084769884
1623807440
-1036724386
882620634
-459715790
1455092010
1255718828
-2136469274
991196992
-1208549919
1148740452
1044553683
1064560056
-922866927
-1137154391
-1754017055
-65818201
2144290519
-1383736779
1028444393
-293957050
-1693104621
1549378004
1872122308
-1434490736
-1295547282
-559460842
-494204947
-1061055980
-1489010530
1987271999
-1852014492
2077431052
171415784
1700272002
1154194645
-170853971
1650101222
1258257006
-83096583
1998021824
641974666
227272616
297559100
-209434767
-347299742
-732919078
1169343648
-543901594
-142380259
232106731
402137056
-690599405
1626120781
-1858839952
-1521838632
-1696140724
1593263726
462961505
773947171
-1831643365
-367372762
476924431
-613150970
-11758381
958395598
-1867848875
1429057420
-1104424604
-537352912
-1492354546
-2142667791
2018193649
289957010
-820269114
-700416701
86048671
-696520205
1660339379
-1005810362
1493378224
-1974155884
989434597
112984984
1925591759
-742490951
-1977710404
481333525
80521644
581483952
1968199323
1332079996
1775254731
-489891822
-163822630
675494738
1341666201
1492559176
-20947199
230966790
846018240
1390177616
739245362
1802894933
-1681121605
1611256769
190594277
-384575249
2011076524
1612583180
1416986587
2043278170
-1172722067
2145254404
481693772
1048191766
-305161500
-1214339169
-589994654
-2095033598
369318811
-90859267
-364463382
1515508478
-1700661617
1139268010
1606217800
951156176
-120687801
-870225377
999875244
1321785675
-248847832
-195897202
94811778
2041353389
47842567
-475332641
-1696480210
1509099849
-107320064
-1119931659
-985785351
1040294245
437592453
-2045487051
837932358
-128169627
1183261881
-476071609
-911762168
-1005039832
546203902
1629391646
-1230555273
-225225807
1482165196
-1030786506
-862459647
477442826
-1091114556
1997113116
122419838
-284293532
1585897476
-1646223565
1631833256
-863001469
1882345148
1925111220
-91607350
1404322904
-76238591
-1059598090
74640566
1750738415
-1001497119
618242031
-236992517
-1934203509
-859126090
478481402
1161777239
-1338024690
-2105817409
-501396774
-256094358
546387870
-6170644
-714277634
-2125743188
-141190267
-354270984
1009632262
1437755041
1398902361
619286717
-1267450491
2121980490
1439364956
-630588733
362440200
-697886242
2112447525
-808818407
993962071
-1552860742
1791751039
-69970072
1653480698
170459797
-1494709616
1157352260
812957182
-1351871497
1298577469
-2101477947
-4812040
-1571210773
1605036749
-1488418218
-727639734
-1724454413
-1867719732
644101836
-382440284
1796217660
1592677937
-1698977606
-1801980979
-1404441070
731232962
860331011
-1012492893
1369953941
-679352649
1294954159
-90523040
307969708
1952669853
-1811540478
430087454
-99167430
306245501
809029834
-743853668
-1225985904
1334575165
-1559876872
-399760830
-549199326
1699446085
1974019698
-88757662
-643700356
673840229
1875746087
352145600
-1782693770
1017014005
-1927270301
-6044076
-1285322074
1177845821
-467838620
833776973
-1954321898
-1972572649
1986555692
-329954215
1235364662
-1660770349
-567495272
2133488163
-1967342573
-1612845222
-1181234767
-1104835299
-365272375
987445397
-425853119
2091826047
1486808886
554607375
992904105
-963651698
-775347216
412281304
-1576642063
1857274913
81080952
-2122519124
-273775584
166690144
762881711
645610837
2132995534
826601935
-517829240
943407181
-1486558217
-544479350
9446142
438560678
1813341713
1517122002
-1541246136
-1517287122
-933233569
-1973241145
1968200523
-1364145970
-1908293753
691021175
-313287600
1977791538
-775205534
1046613015
-941164809
-1077513042
296183571
-35610993
1003913578
672676703
-248753062
168076603
1233300692
-447788143
634365994
552545263
1820962324
1069631328
-952550792
1753372988
-254657107
-56941919
665545557
1836709361
-9575679
-1782849534
-1220279490
-721000220
-1938276673
1503362159
-923122509
221588209
-1216608104
740994231
-1049361659
-1818364093
-214059976
826167663
-1089154444
-746832942
-1554583180
-454834922
-179853960
147885612
2098035647
740911225
607415135
-308402057
1082322146
2075726168
-15170537
1695855285
-1493006613
-145211574
1066540365
-1900618679
906832230
809253597
815516854
496142779
68347338
375292673
-638125141
-173565257
382527286
-1663030107
-1449592837
-1478063013
-2094948004
827398306
-1650999812
-1409254478
-1230472515
1402610648
-212807709
852905082
-1568578026
-1768442474
1096134229
619509805
-511172838
-94089153
1984874045
-1574352577
1613889120
-1356265431
1757341663
-210401629
-1377789794
-867957560
-1348560083
-401091693
-1788699369
-1309446133
862446937
-1482143856
939501394
-1783269371
-274705493
-217972056
-217909236
-109820208
1870159764
41599479
1317292398
2107577518
-1175158782
-899630993
74265218
-54544272
1149598709
-1737052197
2074922467
774789658
-1824861615
572700192
1953666996
326839239
-183285002
730061510
-496716078
994069706
647824653
-1612201802
1347757389
-628344042
106403492
-60749755
-1724093421
-164137249
845156733
1238095216
729277934
1165900928
-1223163613
345896553
-2001420880
962689183
-1745504707
448032338
-707781717
652237454
800944934
304638023
1434990182
390998260
1095257532
-2075011422
-832488818
1075723436
1056365175
1304314489
-1965277653
-994425364
1245377725
-1153003669
-1169313005
-1214955607
-947570571
1305917340
193203362
-2047888070
43516122
103203837
-263811926
703086139
1024131217
1473545424
-859870296
-490908492
-370686212
-331231637
-1755066311
1775495545
-1359427888
-1718403525
2050508
-429368621
-1142312476
224906251
-273694057
1745203551
-370065844
-710825082
494542030
-1153874122
27895974
-1608695302
435089170
-1430831795
691963827
-1262799778
-1323690969
-2088344801
1617675561
267309462
460259818
856716424
-1422733370
-548250380
1838095233
-329395724
216554152
-103351038
-370773292
-1399712072
1015954907
-901885314
-1009865413
-1741606465
1586646067
-790103131
45023095
1225450601
2017735260
-1310881868
797668582
707054511
2078389039
-911499605
1877276146
-1176938614
171562310
-1757453997
2028913098
1826903189
2111624658
1189823874
624250708
1299966960
-1126697813
858190493
1746782562
-903922328
911830440
-422452641
1298438691
1454503892
2055877424
-1158100520
-902514213
168727489
-105890287
2073693879
2027467990
-1464921007
-1249540464
65391819
849452186
480670303
1776089792
-1355141178
-1666230181
572724711
-646969833
149235012
-1761015629
-2141912667
1178893885
-843011317
2032890514
-149383941
-2084304601
407846292
-1088510606
-1267660777
-1331998620
911354570
1300451535
-1477704107
1091081654
-164901616
-2061796138
129632993
749108452
1056699017
-1235641764
1507681184
1983454926
277148818
247209489
-41157040
-573523518
-338934893
862657269
-1812044819
-285830387
2068933367
2045808649
1990755926
718134739
-1243426440
406543690
964641840
1113307939
-909657697
-207088678
-994588918
-54089915
-1016379765
-1698032256
-123985982
-510728106
53250288
-765282478
-773667546
1153880598
1572067426
1251695536
1269618909
745206528
-512885549
426948468
-1876339064
1332182683
651291738
2040313447
-1743154909
1507428624
1075716405
-1122520330
-162159951
-1276123141
-1937322991
129037605
-315248104
1522060421
580806280
450735298
-357616823
1499884210
978741738
-1863525666
1665369507
526795255
9317951
1558830713
-1647340391
558619407
-654166644
902731900
555900561
-783741170
399402837
-367043861
37389839
1157311414
1037697123
335157082
-1654042350
-1560966904
1538013895
-1740275552
1067170494
1474782238
1217720862
222565322
-974095558
-758901961
956614677
278543442
986458587
775022355
312773935
-1441396847
1460329857
1559580033
-814485051
-1166402703
-1912541375
-1672279755
-1087126706
-1149967258
-772619452
-1547857185
1876965856
-1962398050
-1765426194
567211896
792992247
-533422474
808106818
80857054
687189620
1275051056
-1851468156
372305315
429580007
941786851
-1479204833
-313558751
-362682864
1192870578
362720201
-590955311
-1972343646
1597011520
-1824247580
2115652060
1340279883
-961524893
-1546457305
-120151566
-1693221136
1105905431
-733693571
1007202907
1971060285
-2021028684
1778207532
-1723241397
1173526364
2076385379
-639284422
-1736831367
1314879235
183819470
-928538101
1476588530
-1749192268
-1225125866
-977533618
1479539753
-664515520
-1281133559
-1472995814
1986191443
579897484
-181308012
200076627
-8058383
773110423
-1159266442
706695762
-710426962
-2074302021
-1091453898
1332926404
1952101738
-374685134
1463812951
-836654382
1194223766
100440795
-139729463
711778434
-145180222
-2088004802
-530182751
-1257673380
-1782072717
-727003699
2063754508
141718352
1868017209
1460931180
1479784577
1165494743
-694248959
466167091
-1218262987
925885527
-1022298969
-1060618894
-2095022892
417299147
627592399
1361889525
825897837
-674391901
-1502742539
1496848264
-1506650963
-1050446360
-321315135
1516243645
961456975
1776533155
-770655585
-1473575444
328281555
-1417663361
1100437647
-846439814
671559533
1056741037
351253817
-874204066
-366597056
412654599
-1557756349
1962822369
514630859
1139231607
287245543
2023020964
-806306653
-238129510
-1417343553
1752540647
-1494380446
861756063
-1105139229
1682183175
-100960545
-54170763
-747236043
-2085383864
-2010209890
1941736741
-61368838
-1412442667
-2011508598
-835422341
1991358893
-1107770620
-781054751
-1747484692
-1636676849
-37264931
366976879
-1335482957
-1334471294
-362428964
1709159934
-1189168068
1324337559
1614534646
1701276684
-1777674298
2117048037
-1250996775
1362635454
-1482399677
-1592783076
919949688
871666709
469659266
-750967207
1205378246
-927175329
985421711
1842308283
-960557631
-1686618897
-1897690535
-302473931
-739903823
72650511
-482663531
1455734181
-700666191
-545778123
-474588190
1267665957
1975068270
184490613
-23776210
-369269343
771392814
653913143
-1799814057
223891882
1007292948
617827881
1348522005
1798307720
-1301615199
1885276790
1583056406
2141946005
-491954306
-467654857
1979485546
-1210002488
-2084389768
-10916310
-369015519
-1217816944
-996464438
-1636680799
509368882
357658338
325499554
-1604007748
-1899620450
-390561131
-815284002
-1115003686
1312756948
-128610323
1708929558
1617777228
1923409495
782793588
-832534562
-2020656565
-11619171
6776592
-930182580
-1030853588
-2136875718
-121788846
935251895
-586982447
-152239555
1888822283
452719810
286462818
-623236134
949488933
-1029517160
-229995459
-944840632
1780602031
1796942200
572662570
-1449437716
-1221335751
1892199795
969382867
-1899486281
234066785
218903412
-876583054
1793332171
-1367595603
1663666305
-1965219124
619314276
1932068252
-2040115905
1309835101
804307701
-517378569
-990206021
291179476
676720017
309340780
-1649095321
772313025
-2001377652
-265864100
1421650274
-1205670260
2082952802
-554141453
-1628101893
1440597416
929511382
-1711704967
-1756575625
-1861404151
-1760196002
-954577177
1848107538
-736778029
678938302
-438553155
-1926614717
861482835
1110473202
-1072845038
1363599428
1021394482
-1784436144
-107478548
-698260015
691121127
911862510
-783659055
1932681519
-2062157203
-1393114816
2118398877
-1915768209
1276167222
1568489734
-848627306
23548659
689996894
-1897397660
91342013
-927944143
1594633764
1523045970
-2018626202
1854970551
-1784854635
-118563530
-713530101
-1817713810
1297382281
1667490766
1584286556
-733646558
310433491
2083793491
-522198887
2058898497
846275763
1601698267
-466972380
-1501114654
-453370225
-1304384514
1914689105
635186953
-1190960414
-1049818948
1241254017
-338826967
-143104140
2076909213
1110425198
1479462633
1813633739
2143090970
-275821113
-188891606
444541153
-133703365
1168195839
-1411759031
1314854678
600560769
637392481
516534689
-600724633
-1927545339
2034162791
-1187290797
1772933856
-292717088
-1004503220
-2057094840
130054991
211172045
1550375904
-202529161
281941050
-1443235315
-1540002918
-1518298781
421702418
-1190192758
-1800757773
1823557351
1014634151
-594393025
-2081213711
-544296651
1422190047
-1269636906
1799498497
-748864229
-1009646174
-1166554478
157507593
1948243848
-1105702376
666305647
1922309054
-2008060081
803964694
1574452870
-534888654
266979114
-617921579
1249715638
-1496985680
1225581568
-1858988572
-2035268223
-71172917
1004837738
246792031
1147511859
-906497100
134481523
212413537
1613135176
230626252
245161119
1430506422
-858538481
-1847895942
-878511314
-833012011
-1878972278
634653757
1275763873
1567069452
1361395864
2040142084
87295101
-1385069059
586704725
1171425725
-1182817458
1176330056
1595918529
-1336995541
-1406011666
367565193
-1092157537
1787275772
-880891129
-909424508
177574815
-1450859494
-1895383595
-1163535713
-501500482
752988993
-74601168
1065802640
128179949
1249628881
-1234833463
712879702
-582142736
-1481829660
72695475
-1484098964
1026349449
-1944018269
1823830821
-1584756676
-1544386603
-1081955371
-90243970
-352032559
-1519442956
-1358376008
2000040584
1470940369
-2063458065
1136751892
-1174075392
-1834344791
1826414806
-875305076
1390338389
473650185
1549366057
-1599248330
1684313008
2058930835
1637111161
-1615104146
-753217484
1177498574
-749790643
68009959
-1016758394
1984830560
-266593719
-230237438
1423888783
-548160900
-718171252
-421231006
866715008
1732423577
474274650
-698540352
-725209578
2017833316
1924433403
-400985093
1634825759
183520758
525510882
1445939826
-1691768516
1112227657
227449616
-986571370
-2032859929
-1618083352
-1764763718
-827000902
-580741705
-481385755
-875960535
124875564
198026466
-1861486320
2041278945
1555380361
-1481901564
-142230171
8970757
-1392996787
1622668574
-1885784378
1535457017
1117113769
-1621900064
1536191721
1849814856
-1362964327
-1408025302
-851634541
-532075320
459975989
-1322380848
689420038
78870268
-979938746
1821669789
-1557225801
-1535328327
83876124
-1937998438
-952646845
51547659
961126557
-2132903793
-1965841756
1222603608
-1479047775
-558134582
-1891719777
892743366
-689714051
510723614
697415040
-1035918630
693538781
-1593305554
1300887817
1489043809
1670629591
564209899
702213287
-2001743470
-1583791044
1812912986
1435322855
-1786006412
58071344
-928223590
-1088392665
-1017181315
-1549110020
-1279784667
-146059120
1523705211
345493538
1547257942
-40573117
418043319
-1005133647
58922
-473170990
-521954985
-271983141
2144761674
-1578592527
1574448900
-820582204
-1263172280
1968786284
89998540
-635457892
-448034519
-2140571556
-176873400
-1933010961
-1107523037
-544408939
908616961
858986811
-439589721
-1775173278
1534745871
-2026637118
-2082013792
41482868
-1513707517
-1786274399
341960189
-1572222698
-149916666
1125366818
-613010835
-76235611
296330561
799470413
890866537
1073150527
169512832
-1046728764
1204402551
-1789309510
-107403759
366012368
617492907
-1232628264
1239991794
-289766218
-1033410959
1765162936
1164574250
-1386705585
630972554
375358862
1890843255
-729389609
1842308180
-674667370
-58231768
-1677149948
-1269782707
-970949051
-511357620
165666394
164518361
54745281
-518964724
-685125187
-2090038973
1444721299
1248533589
-680292281
-1119904255
-1742545509
1989146041
-2029851044
2021816891
1266505028
186487703
-73450758
-852394866
-2093939721
981621112
1961903189
-1861457140
-1748571180
141872572
-890203742
631081607
-1444403553
-1689990027
-1553406413
1678009871
-1666879240
2136114322
-1472699965
740756152
1506784463
-2011847873
-2138189293
-1915438176
-282441963
1541493132
1953237429
831611439
1788267703
1261955148
-585347033
-1267646816
-1998193977
-1806991809
-1546698974
-85943104
-34101764
-1116294029
1927127348
-106196746
-1199057572
139158758
455091596
1196818818
1605225527
-930408592
1324219668
-1575714807
-286441641
1899454687
-725633851
-323307696
-955700876
-1675194269
-445325003
1862037832
2026566381
7032620
-1827639436
531265866
-1561861963
-274459055
-307712231
-1436229982
1348075147
1680973555
-1836750441
-1043309743
-1474234259
681685154
1714920148
737469198
1974638414
227406334
1125883644
474455694
296342790
1157930913
1265625489
-1371351291
-1480672375
-1148498628
-1908958778
1083348459
1627423579
-181791488
-1715372019
-1543176957
-353458877
-2098210498
320956654
1725536920
1956959038
1766227025
812826906
1559969289
102304950
-1015532869
295233216
73666696
-106282509
-214609011
161659934
-1297877474
20003537
-1107539188
1866223450
25000689
346862771
-1002728559
99789713
-1525821239
-1128469577
-920659792
1639655216
1782096080
-1649278165
-1132549988
997245827
1213773209
-332136130
1953519562
-854625909
834847075
1908560378
2016541395
1352552467
599245981
414451057
1142069918
1379350277
607705261
742473014
-2067986754
-307551239
-1425644820
-726565617
291629592
1613257742
-282004491
290575080
-295959096
-1220520195
-868067553
-191821303
-2027768252
1442367338
1030329927
298802571
620570306
-1753983875
-1568868910
1934777864
-1574250793
-361441103
1045507313
-1734017391
-1923328416
1388460523
1075142183
-1514734364
-1717478491
-1700909362
-1772645368
1083054302
-241199174
-2011265715
709740098
-2121347282
339209512
-708002175
-1589925151
-1467380917
1794501837
1149440956
-1869752370
169116839
436190464
-76793635
600242328
1552530212
1274728184
1133277157
-2115756938
1703134919
-994310546
59752906
111763596
791375531
165689215
-805146485
1670937197
-1152173257
1255415511
-657066364
2020009696
1887270803
547436556
-127523069
-1277050649
-1111730601
-1555622329
-11058150
-527858436
623062405
1958683433
1960779190
-1274002275
-1401225799
-1421678613
563645936
1653149195
-1067730786
-1018477369
757196450
-306213811
-1309738332
1749105302
-2118376387
1260069755
-357028881
1195322042
-970327590
-1495200456
-1224131438
-1144278723
443222670
-1495451265
-1903529988
-647660230
14738433
1085405091
766438322
-1605776517
1882230337
1837804432
-1168704194
1985308515
-66272045
770577238
-595834010
-797288946
-1321063157
556851432
-388798815
1145212854
-1658839651
-1529762784
1779526854
-1921356968
-957494413
2098430213
-449072122
-391929706
2093281216
1908182608
1095938332
293340126
1764244308
-734873555
-771191614
1005674700
-1254282446
1468535614
1799822438
529405645
435556959
195398628
-816827875
805329924
-638423812
987905472
645822424
186141296
732483735
-1321582729
1566329301
196549453
818875837
-297802059
1462322263
-2081672005
-1708501293
-1961965452
-549554024
-182260323
-12943323
-734529154
1716288766
1846422467
-1932481217
554914608
-1871852403
556613707
1574109051
-1235632000
-910480995
244819524
-881583653
766039872
-675874868
-428636269
-1891725800
516964771
968868149
-514511846
1321305850
-1764901888
554261217
1594078998
1202537450
996453078
-1935713155
2097272520
1493383621
-1920299761
1324015437
989809239
-1410929422
-793653624
1264629856
105013748
836360374
-1248805167
1671209477
-463020737
268302278
211464241
1451296893
-742274072
-1264598499
-1019378964
960130545
445666457
-1493060592
391520455
1551931814
269583891
1584444062
-764236597
-10549650
-1173776745
1716117772
446786377
2003911777
1479488902
1846524849
-721967586
-1139326515
2078921547
1479904270
384569656
32550762
-1882061960
-182089183
-615222440
1026421714
366173487
2071412474
1183749913
-1757912529
1726053827
1871772814
-1487353808
-1105549259
1244139934
357072586
-10592012
1026402131
1438123876
-1832646165
-339661792
102575396
640831832
236886540
-80699688
-358924501
672323838
-1939408896
-659804439
-380637761
-498824958
-1984247967
-1340192427
-151068092
-1999531688
-725884439
416394509
-423945061
-1777251933
1823446016
-375706112
-2070637605
1659327963
243043989
799941716
347254336
968749353
-357195216
598871026
-1601584029
1444905749
724342600
1024727112
-1408687189
980542178
-1972783151
1106755657
-1467857917
-258478792
807001625
-2032826696
1239491789
1063538691
1145969876
470254246
2144929045
-669863781
-2054859659
-847811527
1864887049
-1700098011
-2077668930
26882478
1111928489
-1870556616
-1364323942
1562466464
-603817030
1195968962
-585374166
-930435191
1826094847
393015341
-1497843427
3871625
616018603
1145612989
839391044
794381926
-379716079
504906299
-475188892
1969901780
1155603613
-1831669545
-316400050
1593855221
63045639
1183197770
772057645
-824019678
82616772
462848571
-1563277538
522937067
333936576
1774064867
276951814
758671964
-1120337846
1173771763
622339742
-534487678
-1845126832
-1745524300
-1588715054
-1674804179
1633097419
432368752
-1638979253
369544182
1587727484
897469456
-896300726
1948021891
-986054952
1519458310
-1024953929
-2129871863
1117515584
1369303916
101777273
-2029039598
-1117784204
700175725
-1956772088
-419002753
249653321
380396515
-1268812737
-1936874800
306061210
1659548737
816534390
1917823907
1322518908
-48222541
-706488368
-1279814534
1048117429
344412035
1457976016
1657978817
862700141
1030169278
-257470158
-11854578
-1766594267
743986711
1792528632
-34707542
949101289
-693172982
1536148674
327960911
-922675519
-1368218812
949983330
-1303550669
156937580
1660922177
-55399760
1782681413
-1724075696
-1828395209
-1428918118
889435061
1392703915
-615996878
-977521282
1966486202
1591514383
-1245716608
1923353787
-175983473
-1981503732
1615102542
-559626107
334805437
268365102
400367506
316279288
-1506382944
516103977
391359532
2083438191
-441749213
-1799250350
335964487
1759747606
-1075983411
1176447057
749777669
-723091522
1819083009
-1255374571
161453403
1479185904
-705686655
1048201223
379603768
-2069960380
-1421930189
859335810
1932856300
-1386109966
1252079912
-172755583
1199491784
-207355223
-458687015
-1984098151
1376832769
-1466171745
1901553587
149593130
-1764935207
69076201
1672780757
1481613521
1463290112
-565555444
1990429463
1569353248
-878709962
1566486739
-980218546
-1151578479
944982325
1215754082
1963912397
-42727754
-586099506
705885579
240625199
-1358654539
759375954
1926986079
-162537388
1935990004
-1349058509
59959048
-277159768
579620111
-1453090071
-1515608874
-1061716053
-1609857518
1348872985
298452119
186081708
-1856002844
29345780
-736004566
954890199
-479082495
-231243811
477220694
-1424814734
-839135893
-675778226
-582042409
-801708701
-2119795742
958270972
1738059962
1470508021
709135186
-841028552
1585963498
-266780453
1557217420
-1253520745
-1162923767
-185426572
1343262776
1124510165
-259520892
-1815979184
2048523530
-959176458
-560628255
-1818419470
-336157388
-1915793491
691958362
1219521239
1242444571
-2029186303
878919855
-325411145
-1012554419
2032754734
632115768
-1616042230
1483612593
-1110971959
-1008483015
-1801215795
-263108609
-1869122778
-1334720903
801305989
-628377742
1538029053
1174433813
1342157699
-1124222020
556662347
1389314449
754656874
-1901767366
1822023797
1016300847
-1818561554
397676649
-1298944589
-1084737916
1022836958
-2115608425
-142341461
509427271
748135011
-1679199779
562318428
244193132
-1548263543
-1644714420
-882081987
-82497168
1003341567
-73190811
1939356837
923968502
455056666
1380551886
-883363219
-1059977325
787146271
-199121597
-229474093
71600101
-1475440447
1216485066
-446082399
2034336490
623101160
169593130
431444877
-1889449586
-2011768141
-692537955
-2089850653
1785386373
967458240
14009028
1827491937
-393836453
-483540822
-848696358
-307623583
66406344
-2108087085
1587291948
1370172477
774671176
1155586658
1380761544
-897199122
-416469269
759708815
1483609716
-1452016138
-889970839
14994973
-1267466782
-1601862528
625030009
205142568
769664545
-35383612
-220084638
-1894834912
-1989850283
28562352
74573777
152492565
1434590122
-1148163388
-1033882387
-1693646796
-300939131
-767498435
976072361
1927480465
-648972548
624593269
-1834737320
-60206042
2043544456
-299019639
-1923944058
-823590373
-368915207
1599809084
810246660
196318791
1289222825
1277470490
1091741508
-570245130
-13897228
843395296
-1571726361
-774246164
-1495798041
-1645636326
2116889236
-768072534
-778505162
-412910066
414368011
1594382319
-1652341133
1492491224
763584633
1159951489
475391613
-195887146
1801101069
782153004
-563691723
70142533
1547054794
1540212235
1480030840
-52720084
1261616543
-569367291
-498192056
-1580069000
1322140340
-1460304230
-1796445364
319373160
-395227898
-1531100449
-1678630534
251566891
-567924939
-890171706
702658578
48779462
1518199964
-350517853
1993679821
1014156859
-1777292382
1990149867
948153942
-442130713
-2029530801
398175294
1853558265
913193771
1391827490
-1659348058
-526007143
773172814
-1624787936
687946273
560200167
198194850
-924926416
-1643085220
-1759820591
-555465756
-1968803674
-90373183
108337207
-958892056
1940863772
85904819
1170917092
-1594978955
-1027380344
639421208
1454985915
-735360659
-310431093
609882647
-1144620240
-24520143
789846279
1176628258
-794575110
1727744323
-1923761421
-84026826
2066957574
515433260
-1873355919
68229473
893247662
-1552238177
2109416992
990473093
570991914
-107895842
-430755409
-1068685222
1122745414
-1695129252
803051442
-318055752
-2114751403
626377379
119616952
-716247530
-55592603
1866202231
759294876
629682253
-85627469
167741755
1332898587
1848388514
1075336545
1160658068
-818221913
2075696386
-753170074
2135256395
-323625606
-1453356401
121742789
145250679
1352719085
1971306075
379922177
-1755961125
-1020162295
1222879602
932489935
1712533900
58933854
-388173026
-4847603
-1630575913
1533753107
-2131543963
-1993444878
-934413727
835658046
1732296662
139270791
682682254
-1820700555
-1895815804
-434567082
-1681096410
1428381349
595215187
-1929768096
1397649718
169703457
-1565271694
-1681900205
-1844643020
-548564738
1731115815
1472977148
1367474278
1521294237
1258980305
-598985478
583493251
-1037495160
-1727195093
-2119057996
-1449081703
1246066562
165377997
1489750668
309885490
1121612248
154116856
-673609132
-1980459854
-138287619
-396322670
811123456
1479157507
1772164181
895332463
1507088541
146536307
-110920368
-410069551
195022721
1453041628
-1934012229
-81828302
1955347908
603110404
339541586
