-278814613
-418900112
521171823
-467842332
-2084237588
-959758025
1399615789
-146607465
-670251762
-729009929
2001645945
608388247
2030416516
1835498369
-1911291160
-965021306
-488644435
789013885
1733785142
-2047200815
2034366745
-1669414497
1672852071
1702359294
-1171247029
-1506345447
875489070
1794890311
-969893696
1135416656
231408018
-482076052
104014384
-784312878
1329202895
2061822661
-1016870637
-787401338
-1654343302
-781370986
-1032734106
-484596700
-1803555609
-742587482
993947566
-643067673
-2022233394
-126930158
-208402628
1122604929
2108264236
1694635870
2008177843
1387857999
-381813146
1502005964
-898193977
-149700658
218241460
-464447247
-656828601
-239894196
-98986564
-2069448060
767317596
-372782878
-1711679619
-737805703
62700050
-1813886815
-1433928850
-1500964787
-682778344
-871267062
-1762809114
91028387
-69705789
27542723
35349438
2014776592
-1351054760
-997734520
-566946252
-648067022
2050203530
-52561825
1754283282
1705040647
-744335551
629673743
314102798
1130686075
-1659266660
1295340754
-1469788044
-643812286
-1027775943
508362825
647233538
1018557928
-1681386573
1745181871
596931090
-1812012763
2113208172
-1184255919
679595774
-441107083
-2119883381
1697879613
1700282815
1545320168
138506568
-2106343623
253351895
230558262
349042022
760303095
-166757519
688381462
-1814696703
-605666682
1461513157
979328463
-200244087
817015050
414275521
280389902
-660951282
1703378863
-262897947
-1872859910
-1465742403
-2107275302
-479560594
-333956474
-2094719062
-757369183
583442614
840592901
-534288433
-449693571
-146277158
-1554105341
1742735188
946682942
-868186979
-1070876847
1138169360
873462078
-183375221
-2099518367
710267727
637084889
-1803969951
-1437061676
1775780053
-1833481444
-1346931285
-834400687
1422846499
-624836933
2085697199
-399047784
773807096
-29617080
116301193
87695062
1890979866
-2137416542
2062076823
-2111977926
1483002197
685347498
1189703958
-244220985
-1938498620
-1586761667
-1315131123
204520812
-721142450
123346525
-465379479
-1546300847
-1078314381
-95554383
505249129
-693069453
-287917240
432323631
1837439036
-76370574
-1419967297
1717774615
-1741951513
534737321
-396738004
1144684578
-1779729300
773774463
-1504926972
-618767621
1454989096
85398268
179835111
2998254
1329733244
269756831
1161937375
1453949150
779015599
1240112749
-1048827158
-916646532
50647827
-2063671219
790697653
813589686
970757733
1299019667
-1576016726
-314822292
488624505
-1707826215
-1136511956
1937383017
-1579921642
-1359379691
1313439777
1320451472
1156834334
1192236520
-1291030864
-940220843
-894447886
890156340
-106768053
1130860399
-746575596
-1247097616
-1868836625
-72644661
1099321101
-2111442882
-118938966
1792895683
1339253392
1131387581
811606110
1685756815
1653754591
76624668
746041795
1128829947
-47786131
507454191
1374155185
843444826
-666244924
1472403397
1162861471
1254748858
-800799832
-2145336967
1883884902
1132840792
-1058278788
-23617080
-576724661
-1352760234
1948014821
280609060
-1696766917
927830699
2122538412
-143106873
495643736
-354361766
1604669160
-519773686
-2093558860
1188246502
-207395748
745917174
759438171
734560516
1635058717
-888917989
-1063912809
-406786926
895364472
716186528
97427054
378599879
1873227282
-1134089829
1564204399
1474046636
-1992817329
-576101982
1240785837
1056101835
-50587145
-1738590814
509090572
-104127707
-602331625
1146790382
-1320627269
-1286052760
-1907458779
-367236453
-1686081280
-637322143
-1115680665
925291018
926883386
406342063
-842869356
-1767070523
652496932
-903198535
1349940154
1594142351
-1330145706
473948385
-481142173
439807157
-1146191599
1081381113
-1844795661
1870270890
-1568366789
