838823304
898519851
-1944837841
-1835079577
2124147297
-77668752
20480445
-448293172
-1450230533
2144535420
-872323341
1189778826
-978019177
-1660629955
-1493263678
-49756503
778227465
308331187
1431760373
-1133363259
1228856146
1057708226
-1431444111
309078016
-2051751282
-2003535542
-1335855170
-8257222
-473406704
187340404
-1752064314
-1434070913
846129611
-1044395697
-1614298661
847632833
1573090803
816371354
-429376514
-1078598970
-2056269085
493300963
-1267826083
548745571
1171024961
-1345572912
-1718571235
309967082
550035551
-1128962884
-1092914086
146549472
1759565028
109466757
-487867541
575135475
2121724331
478033571
2005693546
1397540394
-1054202390
-1386956419
803428850
-1761551010
-648569962
-1402307593
-809521878
-1128148248
608042246
2022640719
1414147586
-1430334565
761065686
1093107753
1015403452
1950200564
1945497613
2141059559
822413742
-1827806576
-499000702
1622388542
-164662203
-705762083
-1757352581
550782214
531661389
-2660588
440467606
1898091600
-1771614610
-1318810010
177220844
367275197
-1598778119
-2054552459
-1936702862
-1015928819
-1215577628
-2145624315
1774301091
1378558710
1165515539
793280243
1235402587
1296789302
941181657
-1951079835
-274050810
-1857170709
-1800941891
-2060884414
-982290695
-1513592542
-1925706112
-965924124
-1985911009
299792301
-1296195746
164728844
173689304
-2103882184
532576148
64781334
-944770275
-184057186
-314370526
-1846320531
86901223
-2078073224
121299666
1393278272
-1538956847
561287671
-478672264
-545460619
1907641083
-1737392141
-1764336774
1985657822
-661398478
1425258307
-346757486
-1719739734
211989325
-1642730162
404907986
-656720355
888547289
1166609890
2115550184
286662019
1454509048
961426500
-1071389277
-334764703
1057036165
1341038983
-338335819
1122142190
1652973948
-15973343
1663891130
-1944264511
690129817
918201531
1370212217
735322058
-580025282
851004487
-1403519640
-467112058
300941977
-492439721
-760611467
-682014098
-1053417211
1422797485
-1514821373
1326003120
1535556017
-374538994
1602078002
-2076719327
-475960961
-1449448869
780145251
-591899535
-710976210
-536558623
-311633926
-593856097
-432976710
-1327951377
-1796937627
2002612399
1731676418
454982312
-649764515
-2061630310
-548061269
1071481371
-382161812
511336838
-554608316
-1674365040
1463321518
904279095
1949799850
-1853053916
-928710949
1373424836
-1819260242
1293029016
1020324996
671496333
11364596
677521509
1302592412
-1858107540
-2010338531
-1758824429
645364026
-523915222
-653585624
-802450230
-1931827556
-926562252
-636986859
-1576204503
-164107410
1267499661
-1478543925
1716380501
-2061211572
-1648743930
1478596923
870084693
-306729595
-1568699731
1742099140
1353740445
-1310615006
-767852926
1189588185
1130946536
831563558
-585625232
-2142702368
-1264108982
2128290582
1640067195
2092108893
-923819899
1484923323
994056245
422996047
-1871286886
-1253235675
-1952254346
904078042
1069093283
-987120397
180187979
-777125083
-750172704
-1712671534
-1140288210
969121669
-1743852018
-315198653
-202001289
-1578566182
1890990847
-605245536
653554194
731600441
239395431
1564978784
-229317262
-661201973
908754931
-1518498151
-196463163
763801588
2026730399
1021995974
-1679748503
-786537546
-640233144
370431946
251707038
1291823960
613758336
1382445364
-2101042053
919939138
1408734113
798005700
82289446
-1959432917
1142837540
172855598
1255771199
1735368821
345129523
-953583587
-408255332
-1248501545
1259756411
-755040390
-2072036293
-852766660
285355335
1535231981
-889441932
-1389893398
1298168778
814790051
2101703534
-679968538
-168916805
-915194798
1326684115
765632407
-1647451609
1238427513
-30025785
-1894053463
58968706
-1184718100
-1578858475
-1622005964
1979616766
1397852047
1590059179
-1592416228
990533919
1194274913
-2067904696
20810426
1713661071
699390908
1790873971
567306427
-1909159378
-686891814
792326574
-2094715320
-1465739411
-1601560165
1486455787
944152423
-1312952100
1105842308
1537387839
-113291360
985881344
-2016066805
1965998805
1463480291
238419050
-2079924207
1682025508
-304867671
-922882812
763665071
950793316
-1464605096
185591469
-518317772
473431869
-1222953493
310831880
766888046
808015041
-700244014
-1722682735
17719081
-103794532
-1577247978
1696921840
-1210935820
-2040332150
1725498048
1954413201
-519629014
997318152
-191254661
931379060
190507824
-43970738
-2128148616
160255809
-1802574597
-341791877
1169598609
-1249965409
-750202156
-635929070
-2977616
1427760581
-1159563425
196191653
1752655986
1193324624
859868888
-1706104369
1794790406
1393481303
1019110560
-1205863322
-167743909
-1203099972
-838943496
1279990257
-1731177862
-881186108
1597708043
-861160104
1357403951
-1404771606
-927560911
119298778
1833591023
1633287407
2022295921
1772901954
-661099019
1974654773
-749601720
1367517277
1865105581
-914430643
-1683713112
-1086265434
-453063594
1083787726
-1983497149
1019324483
-1360640030
-119686808
1615038216
-1370986700
221514528
-1182794952
384697581
-1746373431
-903898596
-353723811
-2069308689
575378005
771130053
31366346
-576974250
-413649120
-1395986224
1507283805
-2028590787
-2101170015
-1625482276
-816670927
282568529
-1147956756
254473175
1674512431
2096937689
1029777001
157527967
139927787
-1871371787
-1717511226
-1775033876
-1584843859
1580917802
911267630
1479735404
242853068
326934557
-427218502
-368162513
-1546783166
-1292340834
-561555417
1430655557
725907581
-1508854808
784214473
214667173
650490995
317989926
-878775616
-1773171889
1113187064
-993580999
-1318007448
-1183577163
-1959918253
760495544
-270698731
-2030042025
7959310
-341453512
1327678464
-1710560084
1322119437
541859276
-61677957
-2079301304
1013556705
1127580879
-637745812
-1321585862
1321434973
-1071059488
171556344
774998454
603970922
844949293
1303620734
1789786611
-1752918505
228023796
1677953222
1443084630
482387700
-682169
-1543085702
1667255760
1739401119
-2093715185
700097236
611803267
-187543137
1531785042
-769747816
559388331
-738938512
314268088
-1750842555
1832490171
507237598
-1761317558
-94484346
-1600548922
736430742
-1570609539
-380885266
1796084000
866780921
-1644271761
90451173
-782970811
-668171725
-1690763664
778310364
-2143762696
-214621300
777113795
-1538209593
-511515729
-324710915
-1583829596
-366926132
-145162706
820027910
-1301394035
899052856
1921315441
292309182
-520404556
16842674
727188942
-3187669
619173848
618538930
-1451427237
-1214185261
1825044029
1277209139
-280136564
1986397331
-946195467
634064038
1600493344
-945219922
401191264
613377322
-1988429506
-19534552
454456565
413594106
-1809163557
403762005
-851423167
1548170278
381795166
449453484
1871483183
2134999430
-1371359611
90414816
-482409590
1706377707
-1238152311
-567231951
-1667037504
663505814
-24022400
1955880702
491371496
-570682643
1855988738
710588831
-370241530
415080811
1988802319
1657996657
228828813
1230604248
1514518831
-538186703
-168040412
-553369670
2095228123
-421132659
1392556461
-1805996022
1191057947
-749383176
1981652866
152422699
1397128560
828616637
-1123266303
-674796521
-1550638861
1288946007
-42991542
170004699
-1914545219
-1436240386
-1149838777
-261103547
1159148425
1110236549
-1782250772
-1175112486
-1279951720
-997583773
-1688432193
-1220167923
1231393748
1168399630
-647343462
1548912814
1022826296
2121284239
-15249744
158020512
506216558
1524867154
1761305037
1876053967
-888289863
-722891970
-1395826719
1528960096
2116117781
2144180229
212963006
-2083764183
-1545896549
-1717949764
1213167648
1136936290
138828586
-1132921939
-1931192338
-65469283
811604035
986652012
-854086977
1278239475
-279299531
-87371737
1370202271
-122415233
2096393081
178959938
-1518634991
1280576528
568195167
-1150599645
634783064
-1903620839
2141188585
2097173833
207809010
-809630484
894180086
-82921309
228933732
502609447
927663010
-1535543777
-15286211
1281501550
1365636844
1078817664
-33382828
-624410022
-1932550502
-253882764
1693953363
1912156080
1387823449
-679269915
1696432761
-1999787307
1026211623
-778421105
993043098
2074491521
1572515829
-1217317678
-509215893
120122547
-95401849
1759200713
-2101990148
952908772
640117151
1721561498
974481284
-2079419521
1583578457
-321002225
1730470244
1966942095
1081411288
2124707941
-1581831834
430183354
1129711650
-1371018908
-1789863611
-2077428371
-309566904
402891439
-1654428559
605058392
-1892707382
-72932259
9977618
-191728611
-215910088
2114150855
1713240397
-670577085
-1954548708
1131391139
1716185799
-522196112
1028627479
130901329
2081102439
-2141483817
1824382537
-418162572
-1229386145
-549613842
945499894
-656535099
946638955
1348047460
-996920986
722256931
733672027
1387249746
196803083
-1739667731
-1852270897
-402383440
945802985
-1862838124
1019462209
-1059905014
566954546
-474843541
-266536887
2121041266
-77593808
-1307648575
-791582437
-619152968
-1312087705
1602128433
-394251437
632996568
979074554
1638942007
113999348
497705651
1409988429
-868607226
-380457298
-1012151294
-591668501
2025179289
-1390198689
1097257095
40143274
1961719560
1904344539
680574596
-1117668851
734550044
164013296
1100374384
1231797481
-1601439707
790640036
639162856
-1011652534
939546890
-474451520
1632338147
-655586154
1834101408
2064732305
-1502590422
329783283
-2106608577
-673223955
1871927814
346196966
-1571667053
38839156
-1954692550
-506353348
7287983
-488730857
-2065524173
-1069124052
-1867978905
297820638
-1924602243
1453785789
-540461602
-1308072987
-1754791047
1683328869
320094301
-441109849
1708361549
1385232882
-283401626
-1111534978
-1892757733
-1825270611
401040648
-1833970582
1475324788
-763638852
940262005
1742017553
-163913713
-930071352
-426504495
-1728654842
-2049152331
720315615
-1776133556
1488662093
-66534017
924666010
2135203954
-117291234
-1682728892
1307490946
-697001791
513179625
1192987980
2065310639
138443899
-1427393382
150093128
-702188878
-1788717634
-1584931555
-92117370
-768338764
974433233
-1353456348
1671816032
-1608704802
-1592450880
1488698407
1753224181
733085179
549114922
-1938759252
-1761038565
1350875740
546283352
1276309960
649997971
503754236
1429765778
-298453531
781601406
1153914595
543865773
-696877628
-1682556912
-1859338290
141602280
1288160453
1709416323
292909327
1872372473
-852990106
-1472561843
-1217524814
-719207071
-257004279
-1530699116
-532483359
-405662712
681814521
-1018640159
-1065834615
1414119173
1752677806
-1233031916
-1248085444
1449688508
-1948438192
-1181686377
-1931249831
-596987347
-2017756551
1514072022
-468668055
1003187595
251127359
1163456750
-1971040820
-1452692980
1404285041
-1044822620
-1172342892
-2132357633
-2101490913
-559317608
-868639568
-402535390
-707061153
856034745
-988374708
320042293
-93312946
1995146747
1644803448
-989475126
-1455188651
1225619015
-635938553
275350367
-910112595
1315057331
-256271943
-1377189970
999728420
1036898035
1954416540
-812641982
1292256800
-1255515890
-1975690322
1699682893
653396196
1085389652
-551686969
-1755042120
-1040357870
1420428686
-761000267
1804414588
-1106092176
444808567
204849064
1276195120
799639022
-1852209557
-1889450032
-2140154142
-528622617
1204129886
-168054972
-1334554071
-601483353
-1307540977
-652857819
-1331265670
1889602093
1098895996
-535299325
468032954
393948721
-1237269096
1245453182
1990032405
1376756583
-473792454
-662103248
-1379913459
851909125
1036576601
-1353528118
-205803819
-1436847485
-1066287498
1689549180
423872736
1397691809
1724430681
-277601638
742293172
993216686
-1273072385
1571142012
497655811
1900610054
1327598546
510620069
2100174331
280756699
1106786586
-1665232602
-1618567716
980431672
-1014218829
-338795708
958669003
1800771907
320997376
1079587160
567596262
-1061729086
-1284560609
-328899082
1977508759
-1069658657
1962135901
-31506863
238965037
-710332881
865976812
-1907249698
-1713880664
-389687568
-655175213
790059062
-712821037
-1286934638
896281637
-511261376
644094872
469936248
680181109
-5557361
1913991311
462482943
-1698659192
-1051874040
-1879101993
456869822
902937164
1948795335
1078079017
1740171279
-83098359
1431801154
-1277577430
225816526
-1310643498
-1065555537
1887990527
421210720
1079375693
1397093795
-1630703834
-488716809
-661829502
-936095749
-1846676348
1564789779
1052931888
-473256449
-415478599
-1124344245
1887800885
2045947843
-747304773
-1620247731
-1942026944
-1866393904
-795763550
-992456670
-702025016
536101636
-1526176576
-1315481162
691988799
736303542
-866162700
211884695
-2037320825
-1387218147
1366846271
1341483261
-21928796
805022193
-1303237993
-1772054263
129134259
-2046473902
73648891
-1051130031
-795101925
-1195846423
896850375
1573668764
427511297
1040660301
1881501001
533330921
134276865
-813735257
-1300284781
1331074998
-749076198
1373704088
-249449326
1687196542
-1576962071
1977747033
1881704543
1794561154
-1331443687
-375630300
-1660089643
-1421390644
-1520645863
-2002903342
-809997470
-312928400
-1783968240
1291440324
637911074
1069913365
-1161928179
1346373383
-1185923287
1047022771
-2037574781
-835035213
-627361504
-218786659
-410975501
1456535187
-995710702
-1872476222
537274602
-1761974774
1427926408
-488174801
-170817746
-466587084
1009745618
-1896486953
-506611404
-253640117
-1647855961
1521564822
-933521452
1425755211
501873904
972246131
21816383
1512724185
-1665798688
-1359614683
-1293275600
1512191328
-1437643449
197532120
-894146207
-197188995
-1181033688
68644400
-190454208
294771868
-417636984
-676999795
-1916952094
-1594496797
1890907016
-1150043503
-1680137929
-762404786
-1192622666
1612194526
-1298117761
1898277658
1971742623
-583621852
1852962813
2057686631
-605913432
-2107013286
-620289303
-577097704
-1255046627
882182986
-310248022
39220477
283846794
-133193901
-502444476
-1582572236
731010633
-58509974
766235150
584303308
1243586908
455596641
630101929
-185262422
124763772
-348643477
153257005
-528287824
2122525554
-813426721
-1034651740
1341136923
190687908
588246844
596559035
-535370452
304702450
-1376298131
1407840182
-579234550
1915403970
262106957
1396041892
-2039808282
1833912665
-741043860
1478505684
964448608
-554483348
2114624275
1175370631
92273448
1914606070
1154573189
-1920063002
591884776
171137612
1341143943
-1532091851
-1556348063
-32157074
-1581310685
-2087409079
1481708756
-294477665
8164264
-2009756361
-1194298206
-1991510986
315334644
431072334
-496524746
811792822
-747299596
-743621818
602353698
1125350428
-1472436116
-617872456
-1030511480
1603061624
-296791053
-462140463
620329915
-1062854465
550871617
-77435838
137113893
1977771742
-878406483
414228858
-260935062
1877225746
-111194896
910607383
299884749
-1378550154
1905592110
-571960167
-1971387182
-2057876771
-453349321
-3109288
-323725275
1606720738
-1813275639
1429239223
-542275142
167108924
1379426457
1013978522
-2093064140
417703766
1393891538
496361493
1858002570
39916318
1831211997
869033573
-1785426200
-2030725091
-1724107613
-2135761885
1112217554
1721160135
582845839
-1906959946
1086226319
626593043
790414488
278057481
1796981188
-967682226
107948926
-176623747
849517406
-780327380
-2107639725
-1051505631
-1503809355
60091680
-1632273860
1568028960
-2051771922
-1919536147
-1080842632
-1406498438
1561092512
-2112814469
-1981515359
389157879
-1511677511
-1038764562
1376692530
-188882857
-1271338333
-2022599948
547842377
-2021821491
-1902423902
1064413534
341068461
-1124994898
-133268609
1303895282
-1210157807
-928580251
665465962
454502270
2076754329
-1365334358
1169583644
1982425136
1741584798
-1973636877
-2053428420
1134711845
-758596178
1708199210
-92412157
545807423
1255463126
992502943
1471833122
1370856506
611714082
-242945985
417269218
-409983231
2047958628
-435089658
-592242803
-1408613314
-708109260
-1275048014
-2041600500
1760588591
-1430768584
908779960
1287245777
-1902885184
130550693
658153851
-1091064074
-868192555
855500549
-1054854213
-964214362
-439123226
-959831238
1828316235
1588655291
-240885295
1775205058
285031430
1923462312
950811370
-1151280324
495944195
-1460492135
-1910533033
-926380246
-456614905
-1093469224
207676059
-1993228297
2069824059
193616242
-2134080145
-199650244
-961365474
1232666138
1200045528
1220374078
211324092
1917092940
427127157
-800059717
1709567008
1400819381
437440281
-1860722715
-1613677562
602322129
-565761895
439545006
423719381
1425298902
-640772634
1457801286
-345817141
-887278128
-1684523683
-1994069535
-1886830727
-1621456627
333454685
2116796605
1254084466
1077825978
771642138
1623131235
-120285121
-829803571
-852632912
1557660972
-1742934891
-1559944410
-2077477765
2056585478
-465209143
662392816
-1933386843
-1813184392
-1003948669
1436939597
-883844609
1029046243
-1538076239
-361828814
1418315028
-1781667575
-1733425217
1960719502
-1778927493
-1430576941
1261408772
205369009
502866285
-400446130
105853567
2061627115
311685014
-1443481610
941130178
-1060320908
-913637585
-1339527113
2026469677
-716643189
340447308
-124612048
-1114444705
-1091852576
-1323704462
1620317625
-261970454
1482500150
-979537044
-1208366681
-1612309691
740034628
914158686
1882578766
175107078
-1536340004
1509629978
1645128263
173645904
-1392066481
-1191333966
-653059982
-1239524727
-1006357234
-126795187
193996350
553807952
765393812
1434493246
-1078799577
233250478
-2077735549
1727246674
1060526720
-2077700725
-1841948403
-1233410711
179745906
-1319528862
1241801621
-1292417465
1757127492
-242154952
-1459481963
34825131
-485437221
103101129
1939625666
827900577
-1153187708
-1355748604
1641575789
-1510335212
224958705
-91411782
-1553019861
-1261828441
-1160574335
-1843637871
-2011174216
1508494020
-847194684
1051721022
-1322850536
-952133644
348632638
1135744755
-113618946
852724849
-1934576279
1833747477
1539268977
135821305
1065822720
-564908495
-1746313299
169764580
-859707526
1206933040
1136213063
-1912976776
1842438612
439641802
191883667
-846245252
147179923
-38520264
642252873
1352387594
-1100192759
167773997
-1351509146
-2051761751
95658966
1861839110
-862613937
737646746
890881457
-697026753
-137144004
32409458
-1126042264
-2083987415
-1535148077
60899816
-167231707
-14337319
-232905197
577725936
2058146034
-171703197
-2106583181
-365513208
1899188350
1711438920
2082905162
-1446196016
64702753
1640944684
-1640709775
-165153312
-1486686691
-765368628
1039857190
1492926421
-1802113754
282978862
1995711539
-1706091603
1992125731
-1483140839
1935255118
-640344748
1409307958
-1433251897
-324681533
-300764802
-383973383
1115207640
389185616
-1519264585
1741143819
-275964022
-2018696369
1309431736
-761523510
-803010521
301232410
-1526031109
725138017
-1398474818
-1720015958
594394000
-1425487868
2014853653
-1582708863
-987561167
766371194
1399274717
-1689012790
1839062420
1899189467
1652095783
1361382589
337996032
-2073445989
126823447
-224081336
-557275101
-1824002618
2060200150
2042653931
1321556769
-1406310516
2086452685
209632995
-111487504
1269232384
-825140465
2037493642
-305960990
-1356938212
-1342875626
-1809719555
-1583077245
-1645402872
271204017
2100609023
-504611420
-2083568485
1849184573
1656255516
68808375
605940001
249872402
-32586223
745347421
-1569322145
-2018426304
-1465719190
-2047616195
673291731
-97516165
-718549395
1792509207
-1649474497
-728618669
-1158189770
-1289934056
436862824
-741983833
433652515
1064199791
609292571
1860131931
-501788815
-1045160928
1338940528
-908777912
-765627353
932601111
841827922
171395956
-2139376590
1351725951
527653438
443522690
-554471471
1937994068
1573467978
-220195988
-350485709
2073285686
-792000152
-1160660626
1818520413
-612494720
560354027
151314501
1460655441
1034134937
-1740109238
1006754969
-1442219156
542729609
-1243066332
5054390
1380873487
1571965391
-930283132
1301845634
1966234753
502588273
-1771263387
1194820523
1471016724
-786045869
-1397777288
-826717921
708119429
2011383756
195374628
1021498561
813937320
-1821314954
157246925
-1803180967
-777523644
1905315653
776443224
-953248565
8962619
1875765210
392341999
-325717877
1854442478
344114713
-1474022399
-295866032
182678495
525940984
-434410612
1765812487
1213257111
-1333107046
464893086
-559708662
2037957065
1795394971
2030463000
-1263016303
-1438843210
-1559951443
-2110004043
-1823838360
-1310250285
-1240047261
-1620693942
-11462174
-1220287062
461609804
11768142
2052402445
231547645
1933895748
2039232669
477074982
-1601958864
1165196549
-1405258888
-1832004529
507319272
-1954331388
-613272112
-1997706370
-1037623314
-677212038
1992699075
-483978568
-58659495
-1424093248
1083521382
1694634367
-386002196
-1950830625
83973061
-1470398327
-1936767556
-1093915545
-784000473
-487300686
1230488598
1761634943
2131333270
1236583218
-2880865
-1481313987
232379549
-887004654
2111059899
521737016
-2059941549
-261849125
1496236338
1386519898
276889496
2099371921
993419281
-429121798
1392729758
-1655104033
759715534
-337043671
-90877781
1159256211
1148614062
2105529163
-1040353252
-1158129333
1554153835
-560911639
246558892
-210454672
-1869160432
-478067514
1329160438
1940497764
251834408
-1425563345
754278456
1689083126
-2114081257
1637852567
2108945497
-1990566114
-904229945
1715815778
-484398036
231275238
-2058051962
1309860865
-259253770
90558373
395314989
-535641026
109949485
-1313751437
1815197829
-1259890472
1612599938
-611647784
-792264729
68487762
-635063007
447105734
1577743394
-1142274553
492131383
-2049288759
-787583328
111012482
382697908
307168124
1211331275
676062476
784447313
-1295707842
-2129451092
1400575109
-922393900
-633198810
1273939925
-438712969
860533395
1505264691
1757031297
37575528
-628808138
369146312
-943009543
-790447249
512354239
-303093162
-1228634312
-927839223
1263284431
1857437530
1070833361
1294179884
-1826340831
-228488566
2011088144
25826204
-1856920741
944064074
-1772556960
1700075134
397531397
-452925084
150858988
1650701866
1387302617
107659768
-1119179641
1211415877
-1559822276
1386597297
724309200
1773769997
-1305200372
1879192889
1181620369
-115111434
82854044
-396605202
19300711
1651000694
-1300729604
901033173
-17997144
-206335715
-2135720323
-2114441777
695162496
399095527
-938478733
-1600353783
285469021
1388253909
-2031606724
-1994723655
431282060
-90265159
-1889345663
883432710
-53935836
-991766191
-596091205
1930783303
-625985502
-2076150376
-1086899463
-1044050064
391859413
964028247
-1528993313
-816874552
1172175996
450174977
-585791759
1981718239
636397101
-1168607552
-1243026159
589258175
-256775689
-1770011957
-319069114
-755456159
410949195
1479821050
1403873214
-1019552670
52987799
-859356517
1376667669
1290894838
-567845325
1745369990
-212357673
-164866020
1373122176
883774830
1514160195
-273376493
-882405554
-1843836294
-334793646
-294283252
904112766
-886056685
2065221623
-1805118176
281818088
1537391359
219475367
-1773507452
-948934018
-584156754
437496859
425650938
1321830321
-438324268
-385780141
-1173544566
1367490835
1089382455
-683147298
-1864753551
1774338109
-1773659703
1165054296
-638140070
274642162
-692592391
-1253498572
-1948082485
1602184580
1025162821
-2018216773
-829085983
-1915100810
-582860269
628346196
2105934656
94026338
412016065
646211077
1997070404
959375133
-1007586822
-199670471
-1308617348
1184740632
-1001984437
560801475
-617815721
709225480
-1441409547
1278902819
2090544159
-1445525559
-1109475836
1052193030
-2028861913
1518972031
-1481762656
-1899660781
240211264
-1339508482
-1464933982
1491370980
1752720753
-5334165
1365442666
-2054785966
-562540314
-699347933
-467701009
1427292149
573600552
520983259
-1497917929
-1908445718
-1375577202
-613516793
1495539528
1943294934
-1668418829
-495709056
-1096312002
-1231581653
-182597464
1086716256
-1665432034
-1907181398
-1789478228
-1316218320
338579659
1708436264
-96637670
-704325819
-1500780680
2043395732
349652194
-1791134106
1232047487
496033335
-388769349
-1953964110
1677140592
1002170686
-116976808
-190135104
-1786960789
249440373
-45390375
-1301572089
1631585202
-246948779
988209540
1303112320
-705520775
-1115019456
1124403636
1213480329
-1684347904
1287051274
763537169
619194124
1793143267
-1351362373
1885866240
-346918432
1346606768
1410352530
-1186895267
200389743
-1731840326
841314381
608988519
-1740419176
1173530668
-1674685529
-2123570437
1174730709
696627040
-1792787678
659181829
1686318240
-1622414223
-1814584570
-182784973
1179468306
1789087246
-743926615
1522006250
-101850931
-1105175151
-1833827601
-2015180931
-53403620
1949546575
-1934628076
-1369391204
-1167090088
547179057
1210072488
-1308086518
-1452786803
-650109565
1419432923
-851521646
380131932
1791153163
-698551046
-486131653
-1235432670
2140544349
-540463047
817999290
-781990567
-4473235
1583648434
1151600167
-291859650
1648229989
1105617325
-244608012
-1612196940
-1477407559
25178402
134040602
1032681064
1863398519
-2116579717
-87057516
-715401676
-1041239837
1703137181
-114778096
152147400
-2060765373
243136041
1077589988
-1916132729
1703315958
-1726920962
1097178430
538378670
-684807989
884954626
781287583
461261755
-1314917745
-848131550
-1828923766
718993932
-1718039577
-1819910762
-550712200
1338108613
919281504
-1143153047
1966840078
-2082947337
-224572732
-1364380872
2126453649
-1774586114
293342639
-1271977927
171277977
1658057001
-1773908639
772016255
-225652220
-1067012448
-798703148
1132283771
1932906541
1302233730
1455742992
166051525
92357214
-855109811
-1266707010
419071004
-334841726
-730057085
911583739
-485712981
1307215902
-311894391
832886639
1343556237
-795588990
-1169837359
888009629
127470995
-1947848133
-1999486405
-674908293
-1898678204
54607819
-894623816
699465029
863797285
2009644443
78244144
-165247091
2009954361
-1771846864
-884582235
1962780055
-289783605
-687218787
-1510161512
1530022115
-952340630
763870008
640986283
1029464074
-2010090700
897556624
-143111289
-1933473075
320420183
1194664094
664809215
918911850
266016212
-806205895
-1122738827
-1242654414
-1909066618
-2100818737
-380332164
-1460029353
1606620771
340987474
-1527799617
1355873034
1589305088
21535855
1378595616
-2031669307
923498074
-1692419835
-1826586588
1136279781
277955282
862757332
-517643123
-296449669
-1496416391
-1531124875
-1669549496
-1026677918
1821340302
-1037228151
1448031369
1414300308
-1799550908
-187616715
-2103881164
-938479175
-2055744057
-1030110515
-1377996162
-133970944
-474888063
1558924238
-913995820
1564430386
471664024
282310162
1276634363
-214759164
-425017925
1727832894
1308737655
1142834860
-1807943394
-2124749954
-1426322895
1679791542
517644226
1467159156
-1724549293
-1023762665
-1813691911
-1827238035
1421273206
-1161036414
-373005015
771441877
220564991
2090111994
259152079
1875112685
2019061446
671824296
-1332553785
1664479674
1802319095
1136447214
-193201718
1404345920
-261987011
-1972367429
1579039031
-521541904
637232156
-867977440
-566193899
-385438882
622128542
-95238109
1565652823
427615030
1607918385
-200011821
1046591330
-1111441296
-828730417
1130837148
635728077
851263682
-2111118753
546498268
755220071
-1082400170
1031138907
798820021
1771227517
-280596547
-803331406
-711011548
-1549644452
-1836771550
2043858670
-2075888046
1213386516
1628061890
1916186265
1019773738
1043074431
-1381967717
1016922845
-139380693
-1909658239
1992884067
139207274
-862020738
-1103665520
1591367355
2139005852
852870219
-508546186
629300388
-280328997
-1591286457
1952598869
1091078705
589821765
663809169
-164469013
1177102718
239579018
1608436926
1680807447
888346336
-175972072
-1582841038
1229859228
1059316061
749553527
-1294127183
1861252387
-1539244450
867426805
-39464651
-1353634426
946078883
-1988541051
2146401281
311846731
-1348787594
2114627811
1578999029
-158566034
-400669917
-1445523716
30154276
1366181986
-324233306
373568397
-1929150301
901299546
-43157850
462626314
-759939165
673705412
-2081765470
717258432
-199438142
-304040171
-848663191
908802621
-920726115
-1884171573
-783326257
-477247761
-1128443223
75736751
780305565
-1149419254
1078394691
1757304155
644753353
-529835857
877462277
-1092496645
1561793254
-1755939254
129479770
-687603113
-275747875
-651824837
139471956
1403330064
1538237149
-479882056
-1104231492
-2104823255
1220577168
468692721
-907293334
1549248969
-2142700146
-1018104204
-848223785
-308726466
49218582
-1214934574
1847611376
1817873477
-947190533
-1561072253
-1779792084
-1911533432
882613979
968133638
758419168
1464767591
368008855
-553372596
-1707974959
-1588737542
-1263789058
189801046
957033738
1025580630
-970789429
-425583076
-1546648336
-1042234096
1230694609
-1603494736
1063009171
1177483262
-1020518796
1922387875
-338143930
514240324
-395866533
-510736729
-1844629391
372200846
-199229597
-2059925643
1262389669
-752812902
552793046
1883455473
488713456
1624823289
-294638372
-2074937717
1475504242
1226175509
-1431211727
-1441833753
117150768
-1217226891
-1155822825
-462706497
489014055
-1144091585
559722894
-1754425592
-185667164
-1698472962
-95694653
-1958249133
-833403694
-310159451
646931909
1186434422
1934765972
420527572
-668343938
1168453483
1843433620
-540376743
2138359520
1830786423
-308929124
-1004506120
351467614
1785654926
-512380892
-401024657
1190520989
-1977885963
-132823253
-1754421580
-644308373
199690025
1466159690
-911740544
-129049617
870650111
1788353029
2063881232
829786402
-443475188
833968484
-1772926678
-382361219
-1511345594
-272147262
1807008861
-924775180
-1948653077
-457098780
-130119027
-973280222
610193825
990311756
-175042898
-5525564
1086302686
1482401999
777443023
-983780501
1245411977
192085861
-1712935590
1976455021
922546145
1677597247
1979785881
-1798662628
-513564259
2147037983
-299490692
-136957894
-76011435
-276787229
-729308519
1905003691
1992402208
97033057
-1117082509
400021356
855220093
457062266
857229310
2112646084
1988451702
1469160553
982780514
-822954568
-664135166
-1816176292
-2006561537
624998083
1055112619
-1722791355
1562661041
984588742
-1373897360
-566061327
1530974548
1285767741
1106904043
-1717891240
-682373750
-389799245
-1562310474
-54560457
1102087867
563160695
28736011
-1498438948
-1341325987
721717904
-2115068758
1094471488
544107893
-1831632403
1793639935
850939738
1875021660
-1668357920
1657967747
-1986962255
-691691322
-480343091
-690238878
-1207727821
-78546432
1484299550
-184897955
1710446661
-1288555656
1376810617
-988080399
-349711077
-1402921086
1636380981
-258964552
-572573112
-2058412968
-2072370679
826665232
1313734296
-218922397
1640719366
-1398009350
-1606329571
1642410680
1041997511
1125235779
-1508139385
-803763740
939490278
421450472
1827791289
908933868
-255950927
-119641418
-1510477416
-974170482
-1070057188
542729521
1860207141
395772621
-573047558
1467866550
1722089165
1836885676
-466837401
-1003633437
260672511
-710439367
-736303479
-1676587466
-546894337
-1092269364
1191744887
510661620
-2054272775
-1279241328
263284344
-417458869
-1489736103
1025616450
-809089680
-860360006
25865049
1491175481
1721668502
-633598800
-1196978981
-1572382811
-329621142
885287027
-444445576
-205947621
-1233660954
-1409319101
-793945384
1575073104
-1489164045
2101631934
-461456573
1234373412
2069499678
1208002950
1160381560
856336866
-1877326709
218471200
1094261437
-420147258
-1817267927
723700255
-569510089
-2009766721
129069094
-523471487
-1545006981
-251332235
2002549925
-830684584
1351956580
-2032323956
-1238239826
240509612
680723238
654205994
-1806684826
-1652210017
2041252771
-41262666
-761596033
1497775058
1483712765
2068956643
361163505
-1503355129
1504438636
316618476
1760201449
-720993272
-1169758640
1279011616
352619266
1838020550
553633161
1017049505
-64642382
751976644
-2032665594
-1410727064
476029958
-1878900299
1380361628
-1713315701
-1199388271
1366811236
-676788712
1484193218
-489853023
702456531
470910871
-1008630233
-381571916
-91374425
1473759764
-61016772
1792507178
1226340034
-1855875007
1696845106
-1929808325
-1625452751
398841243
270789992
-47893462
243851081
1432861112
1792298289
-1301809222
1208524300
-1514541853
1046814426
16983777
-2119572272
-1539417622
1889574634
-1089755973
-458859998
-154089163
2071139243
1586640065
-2052643097
1603770650
460636393
-535667398
-1738565180
-53008528
439931897
-372736783
-794551105
-342245279
1943047164
-1385756633
-834117338
-18405756
136454757
1353588939
1079633327
895748139
-190367816
1978138088
-1107674400
-337447432
35571859
713021022
1768860080
838184630
-268767503
-1022344492
1932599406
-416885659
85128109
279005932
-920090142
-2123276650
514225221
1637716409
1475146417
1091329529
1950785761
495539565
-1822547707
-1476991692
-1392060781
-1543686570
-1223064979
-434558219
1889933790
-921569013
-1329163263
2056075594
-629721732
-1568032798
-1409341239
284343855
-1545240229
-589940828
604713566
-204025496
1305515497
-186428541
2029907922
-1267612783
1389981585
646427724
-1237539123
-1584772493
-1788885372
-1091746088
1314212599
-1536254312
-493445444
-1587141176
2106439581
1089035809
-452766659
-214308240
536502158
-48150314
472557469
188913939
-1955227834
-307222146
157519558
1542429777
1203690830
-1439793040
1660931579
1018725340
-778320670
2083963753
-1284072168
1383103090
1464493779
935085728
-1036133091
663136007
388988079
884941591
-1279090196
223276352
-1415017954
1227337268
767169617
288473384
-1433618290
724129424
2031087683
324600349
174934290
708180493
-1823988887
2069565707
1431355527
-611841747
712855519
-1312516644
-827182600
-254080095
1635661625
779397167
-79672509
-1991288288
19419591
1254510407
-227670020
-1896930950
-113371622
113085765
916532880
471335660
433829063
-249730663
-1897333843
74311093
395660394
1991225014
921280481
-634335767
-747251219
207507205
1162834817
-1676096380
-1513723638
759801115
552010956
1853381826
-218543858
-1325006035
1587897423
-1114193236
-2054338082
-237091389
834556810
473513718
846808383
-291480149
1486633427
1768631304
-537888687
-1839987408
-261618822
-519940006
-1806405284
-1786047349
51203885
-463588860
892442062
-1275188838
-880177762
-1984587883
-797997948
-585132337
1209726818
1898996258
-324085688
1920585066
-1680966372
1833368738
1969360538
-498223382
926553562
951295097
1808242355
-80170560
-1524428866
-1796870318
-473477946
770778438
-240761120
-1448914383
-887757432
-1079779090
-613259661
-1769282105
505744882
1366014654
-1526556635
-1428810744
428819269
1795170555
1640646092
1277385466
-2078628018
793678628
-685190850
-207458096
-1117891349
-2072103390
1963353727
-556395209
-204867379
-1256458308
-462861279
-1081007122
-360205697
-1994328752
895833576
1394195612
2024571302
-1569973825
-1212326484
-608791587
1470874505
1415784105
212395651
-543702627
-1555659565
2029952218
1924025886
-1118986071
1366797207
-507037693
-1062981517
-569011325
-513131115
-662507092
-252517988
-361905547
228017851
-860176535
-1671880194
316548840
-1292033042
1478590539
-771395410
2130081781
-1506134519
2004340121
2080874511
1550175292
1668366629
1729077952
-113995585
17433844
2004745243
1825443975
-221235533
-1709025724
73700422
-591892602
1123044512
162627792
-1336989299
1677575640
852253084
-1093562219
-1038580064
-1471917041
-2074743547
2139370745
-929851008
1225686376
-625068895
-1884813795
1320382533
2122940223
-935571194
1114393462
917487131
-817124412
1320815676
-2027808869
226372749
2091850735
591582880
820170079
783875333
1590758577
-882168310
-1351523806
-611336557
1963809643
1722078002
1614606692
1843862509
-1588537949
-170495665
230716826
-812055114
51662836
1876139008
988068420
353811715
-1921140666
1136412528
1690753855
247628314
-1841064129
-786882892
-124328617
1567550332
-1815956231
989617270
-1436062688
-523359963
998036725
365234648
-1912592123
-2105821167
2050145614
815581074
-1991051359
-2115024382
-1153761999
-223967907
-1034697907
-1789926016
-1998969204
-497628269
-1394001415
-854949343
-898076923
1238661910
-1833609153
209691914
-488903635
-3463311
1657938613
-1118846539
-749871371
117862206
1821384834
-855219469
1275380320
2059400902
1393126195
-228564940
1368658298
2147477742
288712655
409576198
633206920
1074405968
-1403618008
-697089829
789734784
852519592
643586932
1152052494
562703291
-855351183
678078747
-1037498584
302264040
1911159503
-1872942895
1658505566
41273667
-273300049
-1205883673
2114083678
-469835513
-867156948
-1270780962
22990154
-903519967
-502667980
2106624573
-844480764
-830273243
-966650261
-1459360348
121419692
-647247739
-625180338
-150557408
1166438758
-1983768321
-973082981
815379135
1039965536
-544076713
551209968
-487234969
-2025855981
560136518
-351244366
178149859
2146706888
-289721422
-1459865808
1920835134
641023837
1112513566
-341449977
-742536620
-1458776248
-1358048669
1167381959
-718007643
-519473444
-1143674976
-247064362
775238252
1482126283
1972202350
2114145172
102995439
-1849659925
497029208
-485039936
1627739673
1224631612
-154295415
842812953
122018117
840674345
1130515399
2129728072
-189780644
-1989592562
1760117664
1261810940
1709993761
-1775689222
774210274
563881303
362533579
530788789
728173391
-629990776
-137092653
188087556
-1029976943
615799480
-1384857073
-1168713429
1995854699
894831658
1037867520
-577270606
-487344079
1191015581
908682855
-437209236
707625082
-887895308
-1096919779
-470010188
-503617517
-1440481512
1113127204
-574944774
-2085337802
-1368220643
-128390152
-1825145987
2090630138
-1892734813
-1739608021
2030342489
2105783565
246458750
1056155952
-910947644
1576717217
556083865
-2048246666
-458986092
-2010765660
624325143
-133533768
1980950532
-1312820941
1269055930
-990209901
-781382986
-1742674352
1878444680
742453592
2022088444
1868407761
-781044053
-519559389
-2141184686
-755910501
1788767640
1381381420
-1560311761
-665787888
-1790675341
-1870323364
-1649037572
-1404425019
1526013106
-1917686237
-2008670876
447736952
1296218880
-590129784
738736846
-277692608
789729379
1466507649
-562274777
680333318
-1475984480
1169307012
-650651164
67095603
-565741347
-1377198755
-1783151545
-1678229334
1075289480
1173370178
-153714720
-1203613191
937545336
1960296228
1738688598
-290880566
-1725105071
-1065780921
-131119257
-14777441
-1926909397
-1547236844
-1856047572
1671310014
-928308619
-434252499
-935670111
1513237353
774217239
1070730690
-1659727516
-1070408366
1495980503
363338274
-2112707651
477420877
1129752061
-515367787
-1663841826
1501852743
1862597688
287356264
381010283
1287387510
671385538
-1276423608
-51740613
169976785
841419715
-1537892653
858790752
-1295221054
201804786
1970858604
529767012
1532458522
129129346
-2113824946
1249327829
-2065388219
1297905211
-210376989
1220208644
-1935501890
875022310
-1372801194
-24253687
1055357124
-1400519187
-293992858
-61008119
722430030
354549571
1168133501
1153496507
1737739067
953124481
376638208
-696010713
-1718421299
1071667793
-746058520
-1995509840
1802606424
-1814007793
144330897
269308757
1118220854
2015642796
-1348826158
-988998349
1079950077
-164292650
-719932595
1471384653
716237299
-1591528107
274928135
-153405809
937800129
812183736
-1752906182
1661032208
1107573351
-2138097872
-1769556118
-1527204713
1103632240
-1083253829
450845109
-1624556448
612347238
1777860996
387895919
604802336
-479790457
-333756279
1451381230
-1241797051
-333859144
-1358520194
1417852577
603092865
1408433849
-660478479
-817771161
793078921
1524629145
-11162194
639288093
-1583410919
-2138157204
1357439588
-1932551303
1401813308
-399115204
-1192748921
1226227990
-1146283575
919233085
752073848
1625883342
-1730011856
744251459
-2004844829
-1256091057
262520950
1462471032
367502185
-1291397144
1325825149
-1131720887
-1621420674
-647221340
911605641
-1130604896
-1947506797
-527834215
-193578241
-920032168
839655542
-1750468735
-1379726994
2029702381
375716601
-2036491895
-1713262381
-1226198157
-360383534
735595625
-7355112
573137865
-1424588351
-1203036492
-31510818
2061116430
1971434487
1894482800
988109436
776853842
1943859894
947298281
-1732259002
-1196606576
1507929652
465248962
-382677231
-920136484
1217546181
1287714892
-1648726538
-2117582888
-693509832
-1765314534
2101850710
531192172
1674919552
-1551390764
551449887
450910645
-1698882154
582111051
-591013300
-633665475
332966046
343742926
-469694030
1563459437
-948246968
-1064996677
196489208
1633039167
1788628089
-1198310568
118885350
529674039
-707241687
874500067
853052387
-1822507117
993088910
-214801945
-978894920
-1828521535
-1549097094
509903312
823567002
-974727152
65819905
-1946779199
-1453620890
-1520378710
623418974
-939207771
-1460010707
1204187074
-1079586282
-445860732
494930419
1281846537
-186335395
-1224754921
53811636
481334373
-93164871
-1299509347
465945511
305648100
1120004325
-1842312465
798056389
1446023406
-262175753
1239206610
-1096503668
1542819514
1889832644
663164300
97809664
1094246403
-281441661
-627263815
-501787406
-1438507526
31621808
-1564280994
141452676
-1699877250
-1369783502
1429734206
-1616883733
-2103354487
1622363327
600592236
-217910154
546745837
-772166785
-839690719
1590418384
-938426559
1663243247
-318522417
-283117439
551352085
1502734856
2108436854
1738505402
140207980
1732908703
1394845749
-2118989743
432520299
1263193870
1240508963
1621734153
-1426787507
1422570260
1905060959
1141815063
463015065
-2005048071
-353931675
-425476127
-43700841
-807927819
1729673891
1133945096
1576658175
1505497298
1522670667
2010610088
-795965708
1883698384
-2000036246
1935378398
1730008112
-352468280
934537273
1102786698
-1185324929
-580115821
-1997059405
-213762219
902327409
-1563511124
648450919
-76176651
244196938
1170734099
181008527
276965807
446596669
-106380172
304591456
-600047075
1827158489
-943477112
2066224547
-879819727
1349341891
953499835
1447576452
-390330759
-508842843
117475855
1365738153
1606402980
-296665498
1383755071
-2023189114
1191449668
-616052069
1476131367
190947823
-1052475179
-2115591364
-692684446
-2027258386
77295613
-1496288102
-1576399307
1371698646
1178432789
2062437264
-471199061
134471575
-1094941977
-1873261831
1441305088
-1297281196
-1207630151
-1794128799
-762018494
1965785394
-387764342
-1284134914
-1653819851
1242516595
-637606501
-1750892576
1197698167
1910125506
35730992
679242343
923617508
-2143361329
192821143
380553206
1213723451
-937801442
-437606039
-2110353435
1179352577
-1061563876
177526031
1534820540
-333208411
-1398842765
-1991478649
2133172125
-1069791260
-1406932322
98407784
1047902976
1025428590
-1302307137
-507582941
1754719398
28590025
-774114384
462662539
-2026301753
-210081931
-1511124649
1728473238
-652969843
-1965547951
1858201150
478745188
1526199749
-1131436995
-843077534
-1647041919
-1963123245
-770456577
134778698
-372373146
1554415079
-546376854
-1175463077
1561904453
1598876269
-1631989316
-97747350
203137286
1704160201
823175240
-484165229
205217676
65061444
1640878420
1030374472
877877052
676902209
1959340356
-711405396
-324648514
2143199667
-1850020361
-1303510751
749061125
-1555170350
2011345008
-1970658529
-1654918515
1932310540
603536569
1110852423
1647465955
48680761
1904122883
-545821001
1803957098
144790035
-572287726
14955935
-1758323109
2007416805
1914719959
-805879020
-1355737843
1792382081
1547696478
1165172260
2113908342
-1902821002
-125591318
874014761
1738808305
327485058
1597804381
1649486946
-175242431
-832873147
329310173
1250497727
-2029292331
1839459383
518203572
1024694267
1612743245
-1233832740
-738173064
1123972336
-513590980
353792309
709188459
-2009067738
357959215
-1054780295
817863204
1385595052
2128004078
1966252805
-1713165714
-899320533
1087961857
-1275603568
-286662289
-1725029833
637932917
-1500038238
739130892
-1356992280
-1756984609
1582518598
-1945723252
1139125417
1323518113
874593278
944483451
1473530703
723442283
-537550089
-1493228848
-431119763
1394218756
-569747843
1156993617
-2090426906
1406162250
-1248691536
-457308106
-118109246
-1657574025
-1988482697
1889778444
1828737349
154143397
338280373
-668327460
-916939459
-874049389
1242843579
-821192308
868576155
1307646377
-1889811715
123665540
-329454011
994922809
-632480505
1333907604
1982410538
1139617287
-1574878799
-1035669740
1911029654
702730507
-426802031
-1055192244
-1928722233
1297091700
1955674033
552254230
-1388719681
-1148168464
1182619521
256107970
2079116891
771239722
614367758
709016889
1661848484
1898492820
-1630229132
-549018268
1022446948
2023649894
-352890479
-702173746
-1816547076
1192146405
-305923845
1307279751
-2007357068
-1281961752
-1334809293
1472000331
-456857389
-1846202473
850850330
-1436058652
-1732113743
-1992544138
195445923
-541689652
-491645942
-588576351
-1176088375
-1306670827
-1235739564
140066393
700306115
-807128435
-252382254
-2145032002
-1825286282
-17446627
-2067932374
1897946078
-663793621
740887153
-1018257355
1681514990
1663053186
273125341
677393430
1266981590
-1027295835
-287999362
-1458958707
1773846258
198838719
-1801388640
1499853453
-1945777642
-181006673
-925521057
-942479349
963072723
-1547555592
1625646992
1670217496
1547801080
-384984068
-1068292895
-1591693263
-714973605
-841175958
-813051842
-476844586
-1260674856
-1438792205
313265782
-495961256
539002010
-805041085
418361374
-872456969
1452205977
638770991
-1193148491
-1916439253
-1308569757
-1310414294
-1809822200
-597253310
-663099874
1416279805
-270376745
-47220950
-1027521588
1191901110
-1251301447
1066421904
1912080336
-1201931295
810179388
558427945
-1606318414
1166968053
245754448
1979904590
-560328674
-1468568047
327703012
-1611737650
675647794
1914952423
-1961198895
199280127
990877433
-368254472
-1099097609
631731478
-13994703
2040473089
-1621913947
-634874952
34837844
1847464629
-1946268866
1366539984
-910216746
1194438827
727405592
-1128925534
1622016426
1776895129
-606289753
537195296
-2068604918
-2048119358
1545841370
-1214584452
-245597065
-1741310035
491794628
-1601136898
810499839
-2091920617
-283284353
2142020887
-1913385794
734784041
1709868621
180140725
1801619622
-671595539
-650099457
996003544
1347284098
-557602050
678740121
39751780
1151579703
313019263
2030377782
440399673
168912205
-1785594803
-380148695
-217755008
2112490669
558065528
689244517
314992711
1949088940
1073792494
544242462
-225740208
-1191638713
1518215801
1068426671
-1356577754
382677168
-42313749
-763812418
-2027403664
-1983011319
-632340842
1157978781
1398797193
1928725614
223526145
-832783629
45846863
916434489
1517006809
1897369499
-805968838
1188994176
-1090986714
-450660149
-498206800
34153186
-816355650
1338401144
1705285528
-554718333
1765371901
-447560455
-973123795
939896660
-640357707
-1071109398
-1740898028
1156279959
1795014499
-1662714541
584936623
-625201758
-1950497628
1650269448
1334457523
-948110878
1529887207
-1489315758
-983745801
-1203487966
378386786
-312072242
-826317425
-999123699
-659499703
1453872533
-1737481959
-421929743
-1188375491
-725585252
-68996010
-667473979
-561823486
-1686159778
-361776900
556872813
-1447804555
466052279
1245007305
-1789086149
463530172
1689859603
-1772497445
1088177081
-949880641
857685447
1536383294
-1354109531
-1860647210
-1734124866
219601606
552911420
-1749076030
1118453336
373176095
324845755
-1536751903
1848472974
935616802
-2021916382
1909050525
1355440217
2107150185
-1005317062
-416384987
-1581335724
-1858195675
1344462809
-1061146529
1307680671
364425262
1779596132
280875037
-1162732281
-1570800037
-143929194
-139955826
700633699
-85476333
1997276287
151698678
1490823232
1102484004
-782701362
635039393
-1119546944
526919891
1727075666
1879885845
1270642622
-1801150925
-1424483907
471064710
-2081705418
1394445754
602429355
-1079900018
121418724
-719061744
1398750434
-1192577763
-747320278
-772816342
-773212709
23569837
-467721418
1286518423
-1989508991
1117141434
-2132781980
386092057
1326212919
355477873
2088684256
-906013065
516859936
-1419078233
-1493056369
-1675551087
-2049307495
-1342070004
1594040111
346428085
-1399753462
1032197280
-1855040580
-35149776
1194908894
-1899652764
1168720917
-2035531226
406461135
1904066901
-1530282273
-1231081050
-1044455066
-753611371
-146481751
29369080
1238090690
-1559048213
2075369809
1120635961
-729791849
600362349
-48598875
-358420183
-539220615
-298133381
1440177484
198512707
1806345306
-163752465
1614107367
-1294775026
1664623953
-1106976366
1692439666
-429724749
-847277412
1483441617
-1269093392
-1112673842
2009631976
2116369072
2035691591
1262534792
1048575439
-1354178563
-792787608
461290469
-861352287
1865557705
262011570
-1293315238
-1411725466
538189332
-1193940072
-1438908510
430037539
-723822905
-1012218240
-1525544495
460349020
-965094682
1643060718
-1461309527
1283129562
-1801047035
-1072224287
516684075
2029874094
1824185595
879873917
-1345989775
617802357
-486999339
-743523095
-350403398
-130117924
910076173
1642231674
1291963846
-512583322
-880892676
1990723088
1797524580
-1407243668
-1875164020
1796321728
977793864
1313636197
959292465
789630643
337783586
591741031
-950190055
2081861453
1031925995
1989779950
-1585746783
1915692433
-1693842047
-762552613
-728145397
-1778960701
1271956086
2059849406
-1652109458
1457055054
1583786020
-700343209
1318201581
-669043480
1934031108
-1910251431
-1958533845
721669363
549008959
456303730
-264561154
-1643520730
1696665989
-326692217
-940685214
1158686828
-1901746146
1356977220
-794560593
-1883350517
929897278
-1403623725
878403598
932186377
1569249692
510748394
991267881
906104266
442789445
-1381426933
2061269537
-460517891
139585708
-199773689
300585924
492987065
1256993286
-1955388477
-36375041
-879837982
1371071444
2066641470
-909231215
360197073
-2131201087
1609356498
1832828673
1407412787
-1137915731
388966329
1447725010
-1543072463
1976274185
1638429138
-1062447372
-1024609839
420663909
573473445
-741308804
1440195739
-481568186
-620237660
-1164857193
75005823
707860540
-1884758093
1453609404
829966838
-1964392140
-1039882262
685627936
1767090022
291404810
1756484761
156689007
842399690
1741686626
1115376524
-835749960
112922258
-204347208
618187919
-1330138456
1543502791
760772788
-512906956
1043205626
1867146098
-945102654
995407059
-1100468178
-1425150146
-1744904734
2079109329
-19784584
343893596
-1148363588
1749596453
1450901243
-596748378
-464764170
1218213144
-274331594
-1106460154
158005706
171184203
264833982
-824287463
-193688110
788807678
1330239021
712995854
1322481702
-1411458930
-1041863078
93146324
1252025512
1008514879
-1228687927
452511092
-1234794083
1196819516
1726028901
-1465023046
52257920
-1211232037
157768556
-1040264421
1463873554
248010276
-231511126
972365010
1726916533
1666209683
-1487000855
-878336437
813624314
-1873383907
26502311
359658437
-2072535944
-1264599184
672805385
-74261198
271448799
-634919553
2005918992
-1052415135
2033920844
2004290109
-2126646518
-1415716002
-2042108450
-598246488
1662030410
22258712
-1125569144
411171848
-977076454
1276033604
-1114562520
-1501015432
306551792
-1648210303
-885771304
62513061
-1737924384
1690128829
-1250658940
1194736341
-762425774
-839971882
-14050115
-350348501
62510836
2090037380
-516552501
51581224
-1437240079
1129668213
1342569224
2134561909
-1457201566
-1154274119
-1575509397
1392716255
1292274949
-497800608
-457192349
523216289
537431340
247723105
1799900901
-1752510999
-1534670857
1358087613
549617608
1244160405
-324584251
505947619
-1615246000
-1195456707
-1898193433
-1509451434
-510407673
679078005
-1369897834
1444755596
1664241107
-100008621
-638930905
-1386065639
576542277
1456802862
58852476
-301435636
-1455488978
559554985
444054461
1742445721
529836152
977372399
689405768
-680378889
-976227790
-1316656065
-1227662363
-1469284469
1648064492
-2016217686
-1967274690
695330886
-1532445116
1610311707
1625021581
-240176566
-814597184
1464467608
1338568343
-1081334829
-1779070497
504549318
1178557656
23827028
-162065558
202599346
1890215423
1908798432
1336005647
109476302
1898414492
-904846645
1533738287
-1671998151
127222551
-2115094639
1548391414
1072911682
783874019
-197092107
1844927660
1107982382
1583576308
-1738554771
-1310349494
1835628089
-737097874
1690767549
690868560
1848869082
-1291469666
-255982367
-1820815147
-1771949493
-441879251
-1381198545
536632543
-355045048
-888637550
627983549
846759668
-2018685674
2018637256
-1019705089
-674244112
1949832646
905394753
1590650293
-1112681959
-1893256006
-1642041319
-938646781
-474037648
-1234466456
-1918289265
-1989000735
-1397458103
474631774
-720711760
1170084533
651576862
-2007250299
448825940
-1663790531
544492191
1072517801
-1206966450
-1317080910
25407756
1908629304
48636382
-362780886
573183431
1036040777
-1491737750
-1361821891
-212590044
96733664
-1920157075
-491638549
1675386500
1650276976
-1258828625
476068540
1736741281
1611697568
457472182
-1117300695
-430620374
418730321
-296625540
-1724728774
-132372590
517636832
585721697
-168335760
-1845775580
-872684888
-149891742
-616800284
1888150106
-2013905974
-415841909
-1638285649
1629884783
1951523887
266258858
-507029108
1040616755
602323150
-1635185339
511305148
868220701
-624092630
-807646771
-921194199
-920648026
-37507810
1977157138
364665550
-983723052
2016011228
1112506618
-963302059
1766512404
-483683534
792287085
-1172963327
-2011833780
-1883629553
-1556933229
-1625243186
1079056177
1941164358
459351873
1048056533
1472110293
-1721568879
-1462838352
-1149792267
1357751939
-1953960489
-720539537
-2137869136
308514254
1337723825
600070042
-658147502
-1861832217
-1724853206
1950559564
2083521367
605200943
-1084133690
-1036447663
902379022
-1925019123
-1163843387
-423865824
-928398983
-44571648
-2067092312
-301420025
120330615
1894828535
303803892
-1173776472
-1287942364
1023571680
-29815499
287899811
-269533568
-360592002
-1618823099
-348973676
1597223502
252508287
-1752249650
111778367
890266174
1913026509
253211404
1054977290
-1287360691
-473747676
2116116183
570001835
1707623020
-328054300
1523954912
1012613921
-1049104033
729745447
-86450630
22849767
1006931432
-2087073514
-807787492
618384231
-980892892
882304632
1764648421
1404752812
-1962973901
-802736757
93154143
672473692
-878651618
-1571340009
1104910151
-718083612
739666677
536842431
-1736589812
-1512065036
-1883168712
891392409
-129162025
152805934
-62692232
-1194200063
119401675
-2073687527
743684668
-989162838
2049601165
-1554240421
651717160
1942697717
-489010682
-2125140185
-1129668005
1636945541
-125555097
642163700
744597529
-190323181
-1539989907
-337989521
778895274
-2108916354
1115436262
-178367823
1322167937
194939173
-723505805
1686041780
456457119
362656889
1635267982
11780867
1313165881
-2032387635
-285554226
387807920
-1444926824
64349039
1462870889
935371403
-1405084352
-712144388
1157102075
1653449616
626295892
1850975216
-701194875
636318881
-52801736
1672329852
-2117260105
146853236
750513271
-1954556004
-1918899343
1982534862
678129127
-2095693464
-714736249
-782139919
527977227
-2118183255
691538372
-1639315118
-506174024
193503407
-1383364303
4021390
-1387121414
213020256
1998538390
-1644583521
2112055
-1733522284
-273558975
537132362
1101276309
157380512
1019538949
-1869021989
-598063463
1916559920
73217413
1763998484
1451508240
1059556698
618497714
-867982238
1320947249
-1210454545
-1458442607
2077483602
-1691436029
-595670253
-663347647
1808025154
1754569980
1598390799
1778363452
998665051
1060286442
671202149
-982211107
1817641918
-1836353514
-252617436
-656722655
1499825405
-1574722906
-683749762
1293377201
-77223988
1226907203
-1272225641
311958559
-2104709385
500271355
1446441119
356865648
732408215
1267669095
693573410
-369851174
907486336
-1622581232
195131550
-4066354
206569213
-1284924914
1173490517
420018231
-28813633
1226855922
1330603620
-627731708
137543441
363114981
-480481771
810436836
660158288
1741390352
1497887088
893203024
-2045995878
2145323583
916458775
-1781823538
364139205
-1761202752
-377985197
-428659086
-27918189
-552322671
-189818519
-883029848
212515619
361278649
-921609678
-1230827727
508325033
521708278
-69714454
1598912107
-1913929119
-359545449
-1880416441
1398432724
454757824
478209707
-127957555
1587410896
2034861292
-1358648741
1233886560
675852202
189634158
1423368852
2139591450
-590191656
-1147911130
-2111995672
-1364759713
-90151294
-134825601
457065142
-1988909779
688948805
-1432973086
-268534905
-1455931720
736819507
1513389167
-102063685
128380725
-1797688290
595346922
1452769636
-1031624202
1503785494
-453223949
-754370191
-1827160394
1153953839
539906682
-1549113586
-341497034
-1491132025
-833014672
1174414155
-770641400
1611063174
-1083353918
485340923
-896890198
1605753447
1183127682
-668653346
1130086101
393334263
-1430977433
1099958786
1448708375
-955826531
1854459767
1649288293
-1855207265
1771143833
1546808578
-1164054561
398188119
-572286064
-347389486
1323102526
1837598520
1021748295
106363039
-1106483278
-761886760
-1706371409
624601544
1177087083
942079303
1714712097
-976074176
1047128192
-1207081188
-1856116247
1610192326
23594258
1761787594
1958573064
1442637912
-1082656335
-2132004809
1515417653
414825193
511270141
-1098037361
-1432062171
-1224886447
-1372628080
-103897004
29442572
-2060544124
-114067173
-1177509447
1541622370
338969606
-1460617265
-1683868624
-1127407126
-1606294114
-1055391235
-789947327
176801519
-1062085047
988025344
-1000687971
-1407813424
-319562383
1016009818
262132083
-80293697
1321960286
734547996
83148545
-429186363
-82753556
-317972085
-1832600211
-1459787000
-1626433410
-1414139136
-1021376556
865684304
-995532494
-1849794545
1752048803
1948769479
1109554518
1352001259
505759014
-672114176
778930969
1487850505
-466908578
596305210
-1335837051
290395138
-1611250922
-1857884444
1348784044
1752020925
1673557816
1415250020
-1456566239
686585549
-1000385444
1853615891
-1348652118
-827200489
-703049823
-1061831796
-2090829773
306038967
-908652352
2065211686
1019533572
1250646307
326007389
1498487230
1462976822
-1699432303
-1871617120
1343871417
-1093340829
-620013930
988075780
-1962735544
-1314681700
1635824399
-2066290066
2084452334
1278771359
1971614788
-687700863
-1391271105
-265405111
-164938935
-1235639504
1570206185
-1743196343
-926688601
2144663444
-2121856520
2068034070
808899388
1082190591
1993126229
616197410
2095463263
246243664
-455048305
-721956785
1199731783
564579464
-2103705635
-552459358
-240496211
1018455453
1190572899
-658973130
-1418487890
1904254606
-2006137932
1124087922
392360694
-1295113801
1256529303
-1743311490
-1792487653
-1414729114
-49984498
-354967566
-1595232442
646480557
-130204781
-135817776
-684266216
1805701753
-1967821404
1478344628
2000355786
487451619
1005478018
-1874149559
2075311510
-2003939131
1955082036
-693378817
159977813
1381379472
328576466
1499675898
1468616297
-115448483
-1471248897
-1768131763
-821428004
-1878013119
-1574430794
1573156711
-664221751
1209539812
2073371210
2091785933
297848826
-184839596
-1725400665
48523017
-121908014
-1404102890
-1076409379
-1274632479
-470299795
1253343358
-707020065
1998200524
1937349637
124998976
1384173191
-1082155871
-196637289
220068422
-835910948
2079532689
130828229
681334979
-1919879529
-1545150121
-833777923
871518599
1832123876
317302189
-623894821
-1331064427
99655013
-941819647
-126597428
-1540645902
1267675515
-1983554200
-873648909
-539878209
-724744761
1362832595
1232001871
1816189322
-1006346002
53572480
-561153252
1694356192
1099647132
455835058
-1035312518
-1821283546
1092157899
-548336477
-1305356212
12691112
35721541
-614701383
875999842
1368971506
1150599271
1465693944
1613181402
1863930718
1877830183
-1342541896
-77020733
-96147218
371201111
915580055
-60916734
-1808245925
-10823382
458854320
582523001
-1022884499
-1167006473
-637290996
1697196645
1510758029
14814269
1702387544
1440534535
-767429736
-793297434
-2012785448
64764038
88772853
842880463
1992760219
577086483
-1327965719
943461256
-1084219920
-1633959346
170064169
-287360680
-2099480552
702124775
1318885040
-328984701
1432050748
1641098376
-1846386989
-553777202
1157775777
295013874
1179543185
1502125378
427119385
-703734426
-192020177
-590967760
600035516
793950789
-209265916
-1990685067
1011636440
-1923316486
1627549073
1736951807
1273515045
729006359
972300500
-374116465
-420691651
-247269954
-757092899
1693040576
-1232946358
343650370
-1834314079
489714759
1186961408
-1057583859
980207373
545347451
419555534
-1454347581
293712734
952345623
-777639089
2105879463
1868335023
1918058303
-244706042
-232085187
-1716044589
238227136
-1391696310
938786353
517842532
-1256722532
1008892031
-1705670025
1716702748
-1488056124
-235144314
-207923790
1730162787
-1118652889
-469723530
-551570470
1610853928
-501700629
-8757365
355586072
1001015283
1385026041
-1468309666
1386217972
2004022843
844945343
733713238
627249329
-15322380
-1001545680
154149726
590334199
1615071340
-380363249
-336347432
-2082879310
-132925097
344774765
-1054649136
314352954
-1774365144
140179312
-103703692
-2045849676
1757860769
-640427691
2137463492
-883696713
-1957464403
-1881115721
350989957
-480637903
417180013
1799161104
-703483014
-930526580
982551952
1879300736
-1112910890
1040706572
335011815
553135565
-877811988
-1617172102
554828087
-1131257941
-1367828440
259353862
926496849
1948193340
378390850
175757929
-879328928
-1974016039
-414850129
997504330
-366903679
-1863521774
-860943013
-1140454942
-1135190631
-403841805
-693996395
360463330
134465377
2125136521
1041377099
-1371447405
1780493253
-1198583132
-1962890890
-1335721665
-1867055250
1491364573
-1028194601
1295613647
2129903261
-746603814
-572187677
-408397899
811190586
900903120
-2136739333
-1679878389
1234529324
-1356961207
974097119
-1349272580
256093163
1026927910
-1851594908
841335906
-1965841326
180038887
-186215067
-543343184
-1535274567
646471722
2073964791
-1106280430
1685641027
2125310577
850412768
-655231022
1985713779
-960176600
-1580777912
-2088394499
891530245
-1772397851
-194943056
554441030
-837671429
-1628877839
804331300
824273961
-1719695627
471845638
1024310188
1185152339
1684040389
1571810138
80270855
1111897408
-1600692157
-1958154020
876800155
763089958
-156627875
447494076
1255504550
288296721
2117921393
815370289
-908571974
734518095
-2061877794
-1472261514
-1016451993
-1378743283
-1413609256
1577299732
-1493332679
976561729
-1280697221
-1170997401
1106498788
-2001006901
1952618018
982325850
663884989
-707725610
1763991033
-954633868
2035071596
54536836
1617722065
596638232
-1374733856
424846794
1350586163
2057709320
134210178
11637655
-829156425
1221162538
-477146195
25828155
1378755221
1203607183
-1549384612
-1503191033
1362815100
686320304
1555796516
-957032656
1949208226
686123770
1590152037
-1832036360
298758684
-661771124
-1414879044
-1262777841
-787497873
-432140226
1206528443
-170650059
-1844006554
-1980539419
502941916
-342213340
2133427749
1213222868
196573873
526432429
-1603971714
-1616719194
1168993376
225774369
1387464066
2000813371
-681134769
1252385010
954741339
-1325628161
-224825318
-459577192
1586197081
1715712626
1943006925
-1484602184
1536182090
1265801699
1902902863
-1208222589
-120565491
-1823892354
1960209692
-448000420
-1823697559
-407734903
-1131165386
600508605
-778374886
-1822337046
1678936413
-861909669
143722029
2116804588
-896133763
-60988793
1535064973
-600384190
15032935
-936773930
2120458716
1655191883
1285231811
-147195132
1587925383
-73761385
190865221
-1770981867
-2039867884
-1830568279
-12906465
-1801193540
278624957
-166072578
-1834319434
-1055011584
-1917744062
1885003342
651584152
169827101
1949295611
-704747247
1791854764
-531610456
556453932
-239231932
-268287062
-1129169675
368946588
-1941843604
1091887821
585870780
-300628376
-1262811430
869556679
803508986
1937099284
625801265
-1050119947
251310356
-1882246430
-48841947
-1894298412
750815554
2072521831
-74390395
1649219762
-275992534
835702618
-1707443846
-760106840
1247111883
-1589393745
38613264
-1200281913
-273762916
1773384163
-524957194
-1832231024
-276882956
-368584551
2065004673
-1509260887
1952576940
1923548006
1633530102
24325326
1542723842
975212008
1760023048
1427942405
-508436800
547161629
-872516705
1357158165
1155277468
-471274255
-605659686
-1344497864
-1723090462
1997696024
2010213463
-1869331697
393302608
650908958
-1056579151
-191871531
-1422271680
-866910789
1613295434
1471170007
40754444
-591409813
960722249
375930403
1671717549
-947679170
278246
-1765195905
2101893541
236085996
-1674363164
-677327715
-1699116001
1423264812
1534955615
-1716173428
578853203
-2069506235
838483911
-325511568
1847562287
-524336156
-1304158164
-1711956619
1484722227
-1057857744
1627730107
46791680
-711846756
-938124772
-896248184
1093224231
1925762500
-462802693
-2079428979
969329507
1452092616
-263489447
-2141193230
576083844
-1417018005
1041801991
-582682994
2008138468
-181933511
-396880521
1217953197
-2146164001
-1816582417
664181322
598110995
97411970
1652587801
-940504025
-1530052031
-1394591871
1582597885
-911324978
-136423434
219911022
1398531255
1075626348
395316728
-232249304
-1183017051
826817584
641470227
-568356720
-606392316
-179201251
106002274
835856003
-1100173093
-696533982
-74304308
1783608067
-1486336489
1218299495
430402513
1699638711
-543921929
1490843881
454091910
-121765995
-432247126
714165832
422560733
-1266975523
-1571586763
-1117812257
862786858
-352941496
-735972710
1877246485
-192878622
