-1154554315
-1788337246
297431531
1075363145
-1265514927
-2112513223
-894165494
-1146456294
-1241656309
124202262
-372098796
-1692768667
725017301
-1221138743
-224756899
-1976352117
1649826765
9654714
-753026207
-975898952
-16087995
-1799679651
-483589661
1054248244
-1750783873
-663244637
-1148634023
1070267385
170110648
1498632883
1483813255
1819125380
1098307175
-1918092583
1527225449
-663443217
1794156486
-1620811842
-532311723
-925614017
-719104111
-2112193063
-657747615
-2023758853
-1260117235
-1296212699
1160114177
1785390333
-154048437
1042365972
1279225588
-908876405
-1276412243
-901078589
134689889
1577172649
985928617
-1985945234
-1124237508
1427154600
1287655372
460212517
1051508206
-68834046
-601602046
1094363584
-1421153483
-175546519
1952808724
132683279
-1239853752
-1073107939
1991801713
223133526
416756542
1688950141
1902589232
444212471
-889344849
780569313
1295802453
-2022372495
2143434651
-1206666586
-1717119150
564784777
71725194
2062217609
1783278033
1789190853
606785781
-834053320
-2016554064
2069436961
506193892
1041610790
-167059379
554663933
-1295517480
-967451490
1404304898
-1894866860
-563796758
-2087416549
1863665139
1652379187
760119859
551046102
-1320338426
-2010858137
-1134508690
-591336545
289327922
-1664220296
-1146789412
-1570046992
-101694979
-1673382954
581256039
-183147970
-1723919553
-1884058798
388663050
1886827666
201875243
-1916182833
-793062033
1484073304
-1067284337
-605044424
-343260199
718090359
-1652270502
-1524165452
-1354703036
-1184888415
1069187423
1168046872
-1226095159
-173741077
362045016
254499229
974189127
172790431
-427985876
274293714
1769020991
-2133834927
1116272244
1775624660
2123456000
715301168
1401502779
724903355
1113021187
441049501
1222974213
1279288407
-1902554984
-1123011071
775515666
-638360293
791097025
-1016037669
-118141469
-1047478951
847808349
-97346537
1325644797
669125295
1070180744
294383270
1350420204
35446977
-1753968831
-137502902
613182090
-1204003289
-1736933042
1534426801
1313976448
824876201
-1332898468
-368274747
-970664691
1997828265
-1462801815
1467852098
1709536262
-1997198368
85772134
1501685640
-1863974371
1158633292
1434451991
-706150478
-785508763
702716009
-1363262402
635966182
-522631147
-142723682
812268791
-1247895314
-1218468725
-1257050630
1572379749
1926563079
1944125844
-308406241
-786726002
-1981698055
-1621315606
-172802946
1402200707
1222602599
1213420029
185114308
-571066684
-1456449944
-320283914
532572819
1716669409
-890365099
1433991672
513767285
1552147044
-2036203804
938505640
-1776953331
1223450862
1554747509
1348615151
-1669551985
1840509855
1214178220
628566526
-1122250639
-2014134853
-61338817
-876359534
414296930
-1324809847
-2029327088
167753849
439995771
-478715266
1601422206
1707993939
534730419
670475675
54386679
92193949
-469988968
-241134573
385581777
1664044779
-504325828
-1728977872
-412951462
2032841076
833610348
1065831542
489786157
179728851
-1568537560
536225032
-577164346
-1346728436
748981070
2017672010
-1272132263
1363325644
163587479
-796869689
-630169634
1357255156
9015239
1950766677
1772646256
-369648296
1069986592
189071479
-23478057
-1053251133
-880564713
1969879553
1775084387
-1696317890
868910154
1880815618
1525222395
-544631919
2045530544
1045404125
133287285
-896497654
-1885840111
585796793
-1287749081
-1448408196
1289934265
636944667
-1987904835
-1759328374
-1624078232
1888835280
-1774959028
841123877
-971442292
-1028906225
-862148697
1812932690
-476626255
-1088359201
1084820465
-117700816
-695889608
1236171702
1493096051
-142390983
519697478
446952546
-847112785
705325512
2028401663
1261699116
-949914187
-1795170086
1744387060
-1632155078
591299508
2066145560
1413421785
78225205
811472595
-1093504492
949733755
1919834923
-365563327
1698786003
-1649169168
491999669
-2123762550
-597618549
2099120143
186094684
-1751357396
995384748
880529442
1135459128
731531626
-814074588
1574607066
-263744550
1118147935
848102879
-574239869
-869049749
-1657997739
-149249395
-556294792
1240523028
-1973329577
-952413785
-1715570216
610748832
1544517892
-94676558
1992479353
394933600
1277938085
173706693
1176800284
-1488482481
1692283522
-1837523383
1852209634
226841717
1271533681
1271214592
638688255
579403407
-1491731025
-1221915832
820057516
-1130859281
932133618
1164295583
1910705762
641640353
343020990
78624617
-1272319420
-727959345
-1541283849
1677108209
-982727204
181327974
-1095742281
-279680595
-928218871
184563192
-1262664095
170084549
501196088
1935125731
-332033546
1549196758
1845789394
1796738739
638047142
-1290007310
470671861
-186306620
-515061590
-2074208021
1109721701
-1664935380
1524157008
-1443927343
1794582212
1964706519
1492774487
-1745302088
-1082908927
-63922958
-611886980
-1556471107
2110162446
-986462323
1302040916
2060702027
1168484053
868389243
1906112092
-419399782
1403796588
-126378116
-1093363890
245014392
-664895098
1733361822
-1425730379
-524125364
-1824701651
-141763361
-1753721917
-223088810
367717037
-430970345
420748130
-602051781
440578771
-599536876
-1284313464
1380734912
663845975
-929448698
285194191
1821121749
304280982
-1279248611
1256725060
1449198550
1414334851
-807378832
211975038
2132310540
-1269904929
1596096544
-1258153230
364672889
1844922536
1711721405
195349126
1561333204
761009358
1829910503
-1976886173
1763140562
-2010231252
-1763365064
2120555023
-150101849
2025358517
-255044767
-1431643974
-573600821
1199494894
1916382354
1429831383
-1477843711
-1575091301
-1919489249
-1813868818
501659796
-1633852739
1489477472
-941323344
1063597027
-1791821381
666667992
-1147057845
-2009350624
-21487906
1441232280
1247248383
-1935910572
-2030018558
-294578459
1581937649
1613729701
-685006710
-855042024
-316946881
-795184933
271032980
-1136512315
1237893972
-265788384
-1071354003
1894441759
419283580
2040123911
1107448647
502614939
-1266193734
916777679
-755539927
-1333317934
785576153
1204161767
1544924198
-1443552341
485204672
970035125
-2110079279
-2080741448
360010762
-2070874478
1250157039
-1263471648
-2096594986
-372125671
-1159050898
-907823297
692990938
1173144993
-1050327402
-661709751
193403070
-1909481721
924842621
872561717
1376398247
-822264144
-1674363968
978674840
1073544465
388159949
-1305762961
403755855
1011910881
1175776
598668617
-316093278
-1372914758
1336069247
487806760
1478651813
-694683250
1878753880
-1176642
1535569121
-1663157896
-646723979
164013185
-67042508
963807945
957222079
-411640092
618325749
-361916576
279101128
1116643527
55637851
350943039
-1134392892
-1885943761
1905255966
-301110951
1881213144
-360398279
1853568350
-1781709392
-1641459817
-44294837
1505963972
1651735711
-713942840
-1826977139
2057289447
1995749236
102735213
433980055
-1661484048
-175804863
228415488
1778123115
-1827481984
-1678178573
-1082509313
1471942053
-1821536816
369840547
1775634859
30867185
-1993951207
601159212
735516171
1258272700
-201448393
-39803139
-1232388297
1070679597
960749960
1533029679
487070930
1338613846
-1012852198
-1034051111
-741221161
-1497927770
-493753596
1488349347
-1849103207
-1082875998
-2047221996
1894956953
1515892228
-1875991596
481488810
1374025793
28425512
-1088902909
-1869533213
-852447762
744917496
-478992989
-2058123783
-226521770
1559841358
1704426895
882644712
1547075938
-1905620943
-2140295947
-175028139
216095045
618123354
-761450864
1299348651
-926925872
1733706996
-450260707
1299836295
89619459
161290403
-750882809
-1541978027
-2024824090
-1800522296
-1963605148
-1440419525
1047249561
1271633410
-601965788
-2106322891
-584489302
-756281865
398104967
690605184
-1627474522
-1245015725
1950892239
-1020634564
308320242
-1764281584
-951162825
846511692
67368923
1677813240
-1491096541
-1524863872
-1536528662
1489453416
1607658904
-1615059978
284947581
-1183986091
-1222789907
-1408258627
-1007394414
1057136788
-1687843902
-15179334
1535434214
-821608363
372802097
-502622769
1173785150
-928307216
816599875
-1669309639
1604123651
1686198756
-1675174746
-548393415
1966890516
384488219
-1962287716
-198411274
57690839
-650158734
233255221
421208737
-555895919
-1236105607
-763234369
-1373483046
-1295292169
-58016138
1295278973
427450705
1231165701
1453122480
446241944
1231727536
1133368845
-1805730327
-237866926
1827752888
-2088207598
-1287180757
1857601409
733242794
-441089706
1381701319
-1579360198
1153267431
-1662182607
196231066
-102603061
-530211366
1524475939
-1901086062
964757999
115604501
1745344045
-306344848
-1229220292
-262302022
-1840577444
-1995203122
-1244781345
1198020892
-633554267
-1039255452
-331576948
-504816219
-1881191688
538481798
-511366225
-263266055
-67571826
2104769264
982236903
-1632926885
898497158
-412205370
-166555980
-1337148337
-1609176401
387945429
584077678
-1283578751
539785639
1172702494
-1105480072
575109605
117241636
-409497707
-1006296139
-1668775394
1236764049
-867556058
1246385723
-2113523933
-414905380
-525984776
-32056761
-1777145312
-1939345266
1180290548
-197161361
750135449
314896923
-1565971320
1272358429
953528277
1932570747
528239783
1054400315
-1641731463
341031928
-805556460
1804328747
2126967922
-41927351
-1795340064
506522362
366166296
-1347319072
-1553231823
1563324116
-1414987888
492781440
-672919228
1426458809
-1858199183
575841809
-1159442508
1418988144
-86300759
-1069117769
-1330120709
-529488196
1393039777
1627840800
1003595065
-48611891
-500217185
608600093
1875099444
-569148167
-1059286676
1404523124
-220547937
-745060949
801494582
341411059
-190179937
-198209637
-63694153
1035229640
-722316662
1788590655
1194483861
1744574736
1616716529
105251200
1012535820
374208173
1407899872
609159601
1214959818
-882638500
-1798626204
-332286276
-1705652455
-1833931003
1291848525
1282458270
-113043645
1727060565
-36562636
-186464492
-1315347151
121587082
-200733761
-2075611498
-529041835
1974466189
1061977891
958775428
848819145
334004293
38035178
563068063
528964280
1007521065
1279860469
639678906
1185253116
1143619351
-1678769980
2023472048
1055048712
420296804
465561845
846214296
1858242568
1757717043
-736130806
156755255
1311522118
-1650211830
-1487543953
1678626998
1496628687
1985085602
1921146810
768882580
1888576854
-1358148611
553786676
678088157
68148567
557805246
-1559494249
947232923
729548671
-1171084620
1420152345
57171597
1695525450
1155503287
-2085595991
-418318314
-1809988626
-410175561
-85368969
-988296584
-1184520329
1620170001
413535418
-1350907327
-963098574
268424740
1525719725
1231839493
-1839442097
456639268
199303129
-1319767476
-406579263
-324906195
-122156135
1078541262
-1376646039
-898438757
-1061729573
137037021
1356326002
-1669065576
908918051
529846562
-1395832322
1885659381
-1327454763
-804091253
1785886466
617027390
-1118624333
742151811
-1054034835
2146153991
-1136244573
1853622884
717825935
11287948
1107880886
2052125481
-2068541000
-57368455
290520933
-1747196824
553444896
812314117
-1438848484
-542588290
1027332614
952043844
-1750462724
441056267
1977078554
1995309501
-207192867
397256352
-84223969
-1985355462
1402997137
-1403309385
1349871564
-1613757729
1045650799
-1035736349
616389107
-966441090
211923727
-557862328
-1684590875
-1204765911
1000099666
2062726732
955937043
1273135111
-1652492892
-697301106
1051200760
507384427
-514663292
12078614
-990657738
-1919141342
-1183848892
-1535963954
2075138303
747257100
-1455807987
1244932145
-717329738
-275699987
-1662396122
-410606526
1236993237
260651653
-719541131
1829817790
1834444560
-1014308899
368739909
-483048812
829625787
80716771
672228425
1926729108
-433742488
-924115655
-1953153568
1596082535
1743957204
-588461495
1170311834
-1869087041
1837852931
2071542940
804138234
1888956878
-1576116312
435823980
1891747197
-1173531909
1131002826
-756410505
1443344859
-946108717
1620680869
1849299477
-1320141684
875264317
-1162424627
-769906292
-152715123
941731826
1147664281
-1352671069
-2046179997
-1640099797
2005557950
1782712180
-820422817
-15561829
1326238265
-1940180090
543694884
-469555041
-582905742
-1015732965
563479398
-1304307277
-744770402
1958784453
-686078988
-1368664024
572270948
-244650946
419656951
-510298605
1089171907
707391865
-393233541
871144328
133539890
2017862388
-184736721
787047176
-585280504
1697050192
-533458584
-1131968201
-872697570
-893476318
-1393425045
159032273
7032242
-795181045
-246461205
-923118626
2038702734
404315141
1989561808
1222829861
1535019368
1604082944
1652194873
-1883628323
1852093836
1437250221
-1441183804
-1695612502
1540395704
-1422240616
-1257284852
1839666887
-1989267898
1826430588
-762235021
383400063
-824635760
-1766662702
-1944196320
-73271327
770514063
-604625750
1431261003
1337482163
2064253893
-234687042
1991984311
-1251132250
22162524
-451699260
-15879040
-283594549
-2082688113
870403587
-1447339754
-2122040763
174327369
-1675932631
-232156279
942386496
342950411
-1384068261
1697108230
-187563743
-1550008302
-1047084404
-447003487
-755662594
-92180808
-877374447
973470036
-529395888
-2070618854
1572182645
1587445831
-430477081
-1850893062
307097226
-1522679983
-1830497507
10346215
2079324864
-1707301954
-688258738
-1654821733
2144546745
2092154194
962723207
2062443939
1023634972
439027085
-127799171
1975427653
-253691480
2078824241
-114121537
-83763043
-1304163956
1848596993
481952047
983506953
-338130442
-710023478
-1405274450
-1106391354
-1703157014
-1585698906
924554518
-1792692773
-156247980
281540735
-1490207891
-1666281675
634574687
-558412846
861935446
-273985005
973030663
-1652189259
-1830754358
506315171
1534632429
1201442586
-1111148792
-248038931
-1113155735
-2102875307
772177866
486815472
-1727315483
-1313977893
-202509896
2019504650
-56406936
942432844
-1089238751
-226922084
-386682511
-173664078
-536187416
1200533229
-420334330
1186770955
436194748
964867663
-1707938805
-1013473020
774940043
318137727
-1449761577
-1963927289
1617833528
1531161681
-1722202876
2046256503
-1020272502
-1499040884
-1105235834
194711354
237847656
1104317970
-2019422722
1375185527
-1150746813
1771378756
-733414320
717168288
2000278994
-1071519324
1919782258
1340959410
-545942267
-1735131973
562928263
-1727911493
-1750264270
2016538940
1519600939
-894477412
-878194027
846597224
-2084111856
-609913328
-113198601
1256938420
1883670729
153158124
-559071061
-1259872854
-1389009690
1700677800
2102581441
-1488595700
92759104
1767626269
-2099361162
2008853054
1099468437
983356048
227778537
1620836069
-1101409706
-1054312210
-1929078764
-1431185462
1690546879
-636211879
-1866017543
240058628
1933394728
733607907
983709979
-1209331626
-1105788005
-1433049192
71510063
1494985173
-1885441371
1155342785
-788291821
329837262
1510500465
2140119399
1176065791
79896294
1933414162
-435295466
-39426054
1341924225
679840799
-574146334
-284352882
-152494745
-2101170300
-702225746
-541132610
-1586010971
213466007
-1978267989
-1765147080
-162936143
553294441
-2138130913
300345286
-534667568
-1782705058
-1807308185
-144886
1604916412
-1082795008
-1254111681
574502762
1982525824
-2138537201
-2141395137
-180155064
-1742888281
-1836831524
-1495938136
-1500946314
-1675222123
346165718
1759318112
319110377
-1768336077
969287781
-661025989
-2129253205
-1194808366
1183844086
-186350213
1439218198
2026985288
-607169706
1918016154
-93232834
-1200404129
1275024195
-987414714
125871279
-1175994768
-929926592
2082419884
188168536
-1224397750
-149958487
-1961464840
-1847820859
1266203479
-1282265082
-658366948
-1870090092
1690021377
-1084698461
1441536977
-826828255
-2081596847
-66055073
1897437659
753900931
622893529
-662635836
-1054343792
-1424726852
-1892297772
1186187864
-408261222
1186700331
88671627
394492722
-1730860293
1414361413
-783454983
-513493297
1468397137
-333330300
1290189233
-1325629147
935396699
-1301913954
1948903423
122674937
366628027
1688815866
-1678890418
202837357
1547903485
-1515812513
754484424
542383836
704739799
-558978834
1020460867
-17428246
1885750962
1491570258
516591963
-2075217962
871152489
-150469835
-1851970341
-894248175
1250195023
-46031627
-1559000480
537001748
-987441034
-803996521
1213766720
374003822
1000869166
1862244859
-1432695897
-1768893412
-992967220
213749329
1369531395
-115957476
-649859668
-1761275445
1539494049
533186372
1400035960
1262395540
1783533720
-559655089
1343536297
-686818560
-1924659995
1890519096
-950807475
-1431603965
1736277207
-1357949494
909979147
1921009895
-1093065555
1897821304
-960172956
2106646841
1518320253
808398441
-1024499397
-1332785660
992685398
1582169559
968080278
-1959831231
275614377
87554201
171265446
1746988685
560651748
1067213053
-935547132
672975388
1734272607
195424219
1537883965
-1063738643
774752123
1074146278
-533738352
-27835329
1905071880
361652805
725050101
912017987
1044704743
-1811475359
-944142495
-1810729454
1692327664
716173056
-81435832
1559153888
-1340934123
283090579
396469347
2143942258
-475975225
-1965288245
-1760226125
1808568013
-95948648
2138641265
332541636
-1084072145
1097760033
-1517023114
-1884212682
1584640578
153392677
39962441
-1122468743
-681363569
92700918
468913000
1328228823
1396845104
900152343
-1684295622
592593591
915648201
303609890
-1421895142
1322580255
-535585607
-196855060
-63484746
1937291898
-645650805
-2042408730
-1883338086
-295036517
1187583410
-1425280827
1291115015
2033964289
1355713909
-1496795803
-2002713847
769228124
-819689176
2036355562
-1939481912
-803241905
471304604
-675437528
656928797
312646519
245507544
496765252
1950936424
-867370068
-1021676792
-139339621
2086060960
-770208634
-1841727563
-1890768670
-1793461589
931806243
894049846
991249293
-1982889233
-233425114
825252453
1457875572
2081457192
1527341314
-1076857194
-52702284
330442107
1913293943
1265220549
637665235
1158068939
1929525340
1492576526
-677261785
-1835449524
-1236544353
1490693729
-1246956681
-285063851
-1790454902
390176373
-1059932446
235803513
1613171527
2064403452
2050627839
660197079
1212951462
1774683673
-845887163
-1727153487
1965575196
887023630
1319210413
78689595
-2075929074
244396090
-1082457963
58321333
947212111
132584001
-746993433
1480789947
-1671706393
-754419572
1967108218
344902619
-515181034
2048911604
-537707336
-784595608
-1707921512
-507313991
-502682240
1270367629
-370153687
-237880392
225936972
722498468
-368357558
-1070499107
1006503318
-1235189048
179190597
-388104747
416165495
85451944
-765494417
637387784
-1457502063
-493759074
346438061
869238982
-1914111441
-824322561
366418488
-2027827521
-809279318
1468392628
-930339676
2087366328
-172373234
1776635657
1254340893
-2130616964
1443691260
1182542276
1973622260
-1701470960
-2018242607
-1093089415
-409128615
1511034153
-1974632441
1467072540
-1517884566
701337314
853263579
-1990173224
-1070736276
1792094121
607034416
-1902869730
1503085399
-1802547334
-1400634189
186146304
-1285498729
-1775176112
1291475006
1217100990
1729464593
-765621033
354363521
727848865
-1780195997
-292393883
-478363169
888054791
1330123120
1078917675
-1379764075
-955710273
-99475429
1141555623
1044522017
126348182
-1993062575
1330528861
188706017
-1745469391
1372571725
-1617009467
-2060201991
1379377181
-1832785898
1047906950
770997626
711740452
190411852
-1635357211
433419455
-1701439774
1197035557
-1154399113
-407403750
-897242985
-1238872655
935909662
1805977776
1202498621
-363931803
202314034
58435489
837597661
-244896298
-1246916355
73351531
1969230366
195902916
1584100205
-1265310065
51478302
-509128102
-1814411004
-1909810059
342224516
-298768461
-362835437
-306504308
-867854123
801579424
-2111887322
334165941
-18888185
1569172136
-476165438
1647226081
1653219155
524091215
54412109
-1036011016
-755675569
-199104101
-1725377459
497068028
-520173253
506998995
-29890603
-34698386
1980224666
-1473265271
-1190842053
-775907856
2133844484
1313460699
535148046
-1162043861
475612218
395544052
1751151174
848413170
-1111715718
-393750311
435063741
-1678211417
-1841282795
1927335266
-1010382626
-51766307
504327486
207367045
-1554170213
-1909021633
1296280099
397954522
1717266852
-1933793105
-1222416063
2087830362
-1637603627
939661745
2092394484
-485308054
-902152465
991003402
2123301965
158458392
-300451446
-712747612
-357266649
72157859
-1351783606
365783988
173003644
-293382592
1445491537
-781898978
-7947532
-1576603365
975215604
-441783785
-451913793
800968603
904614576
-1285195252
-1561791581
-232288790
603728734
-519635774
1273111640
520307636
254943910
-881432643
128685331
2123911213
802296753
-597468698
1369855328
-2014223783
-1866050270
1448028007
-1482833612
814301575
168210757
1136672729
-241281470
-1478682082
1267412361
-1228713311
-690746739
1682985627
-480291541
-1439705705
-1881212866
50998489
1351809844
-983838233
1587966647
-1204439149
1595975589
1195711292
-1012934425
1552995367
-1246682129
636769562
-2113947425
-2134944612
-525935960
1279289995
211884197
-1834781210
1699937916
157244413
-1512572856
-850576792
-538858399
-1793357974
1109483828
-450467655
-1381401330
-1085092167
-1712023865
-1340525910
-1352779347
-606650268
522075171
952879239
-1167218738
52373082
658998085
216751261
164143263
1051500325
1289271638
1025858300
-2083920038
-67951281
445105217
-1978279554
-804293890
-1677481726
-1311218299
-128023545
-1003348159
2142117870
2061325899
1602849037
-1668089660
22130542
-1729720133
529549914
909416584
1166202093
-38118774
-1474963952
856310432
742469766
2025579735
-824087570
-1299334104
1542247914
305894711
-1994026287
1611140213
-406501498
-1034269682
-1461419396
-972513907
1673166821
262814752
-41228901
-1907789863
-520442542
558704487
551958532
-34188008
-936541247
737744166
1345078592
859334295
1777879278
105502014
-1206023350
2034641566
1785986758
-531176257
1537508758
927735085
-2098114554
703236033
1106256980
1133023208
-50584798
1261448309
1948775413
-1439623857
1816852327
-226661514
-675497746
-1637422287
-1721470877
-264619676
2034271163
1709381730
-158878844
1294081459
14516518
-1520815701
-234193922
-262044992
-315422008
-1088226815
-1087764238
-1750109403
-1210795056
-1498787334
-562411060
1958041677
404721154
82979452
-1947144980
-1373925814
1641366274
604008119
-398445432
-1867849499
758029778
1543379284
1029583
190858742
-2112278375
-1407850258
-337680814
1364289782
543015590
1982162881
-113009761
857070546
-289893709
-1505084768
-672210641
139591937
1539111277
-1048515796
-51853183
1178469080
-1863176141
-1205231294
312416134
584346652
-886095842
-308641867
1064368447
-1158072871
1192779073
-1540450243
338302116
94592625
-973065679
280734382
-86135353
-1407164937
1385422791
1615340396
1391473977
2032798653
903918884
1249774877
-81794644
452774187
-659627019
-1443960416
-1270648871
690292178
-82004745
2080876094
-2122349404
-895979328
1629094077
-1932320993
1394814333
-1658819819
-165941072
-1851988481
-496235768
291540950
-379761577
678248481
-1804946945
-669162240
1317000921
-462254205
-1957089705
454330848
413630655
2147195730
775165089
2130245281
-2005896707
1860791200
1888011699
-1707400922
1538076722
1203154003
-26097529
-26338534
-1192598226
-392311968
1021599330
-711459516
881461685
1900430905
1258337592
-1429392353
-1306527614
1660213892
4742222
1398505897
-690606706
-1329492468
1270144801
1019398267
1363096977
-1441676804
-2099074426
554103833
1013027273
1388561738
-1390239726
1606914699
791614457
-2124637584
-695796805
-599854292
994539188
-2090867615
287731646
1075044033
-703220262
-838521158
958044868
772160716
-900994205
-1795357384
1886207040
657472034
1169798235
-450130326
-579220710
1595589819
-1934269907
-312107609
-1501605231
1065185481
17857571
2123919425
-1166493348
158276363
-216771284
-23885318
1611650835
-2008163230
395033056
1076847798
300022733
-1342561628
-1163199807
402843506
429051401
-580255057
-1661479228
1904531572
-74145071
861345729
1499925007
-325730620
-631524324
-1239776249
-889355006
708962010
-484189837
-1360009613
-257978501
1616019096
-557406504
-384738862
-1751622570
960494714
-1868950046
1202442525
-1257713358
-1870182901
1915624748
1405904142
-468416902
361122202
121756144
-631478538
1452295075
270270253
-810602514
-1119138611
-2006615118
1704133814
1066795922
1164102282
-686649855
18696580
-16879019
-1389187915
1726467905
211451132
-2084852382
1044858937
1797103298
197801096
1221548669
968266622
1692404722
950402254
2596640
1094532279
1949356066
850315812
210778598
-1683080
-1672961904
-1615037372
-330215891
768428938
1613569185
714434876
2004665845
-1825335550
1539365997
-176217177
-1986695666
-1860180592
1038574465
744026145
-615960462
-1303452908
-1850803233
-1511809545
413798639
1940004726
588168521
769767198
686280713
2025013686
266814654
217463654
-800696291
-1124149183
332980293
248994543
1647007945
-1787078010
-1385549080
-1228020773
-773868405
-425316407
-114911997
-1932437691
-1421368152
1230622519
-1408518978
-1373906576
329168718
-1034072775
1444035287
-1039109821
57871356
-1899042292
-267028572
-2097067275
955085345
-1886358127
-635806632
-1995771388
-1842721277
1492491361
-2009709436
2132063850
1564567522
2002874916
-1587915807
1582674195
-455538340
1182911779
-1135580084
1858149257
-419230445
-861124838
-259850223
1102311152
1860748428
2143942482
1509508203
-2090271175
-1833641894
444348911
2122680395
-1504182382
477660795
-1208608634
1035711320
351746332
146531073
548087794
-366857929
-1180777248
-834732300
1924001640
678415627
1959239682
2053904758
1537551559
-842186433
651163959
593051432
-1059026380
-935755902
-1760464268
-180749364
-1718970138
10220819
95242727
201851436
-1602280131
2097172286
322805290
1429466681
1814706201
-148143067
-791002698
1050510710
205871465
-932043837
-556609131
35985814
-57808894
-474729170
409404251
-836898460
-1847027023
-1981602789
836853334
-318514206
-502038893
683311783
604492804
-799780427
-162986333
513581908
924380101
-1785870145
608960660
-300921007
-540838447
928914957
142443232
1064115453
-2064516757
976435700
2082154528
739781294
1025659478
-1058057610
1171598238
-57982547
-527093368
-1229688855
1037122344
1300014469
-1440189155
600905690
1512575526
-1994517635
1986694030
1196590
322515438
-1681017246
1587828258
1918696586
-653178025
-1610870135
-2022031709
-1632346124
-774558324
129379859
127693909
-17384262
-974369246
728988018
-2046196701
31924370
1187200619
-2118435796
-941244389
-305751294
-1582325236
-2110944802
-1088607716
169010177
-956007732
79168388
-1674783282
87443678
-1090593361
-75568905
-104073775
-1320221855
-1340054205
-1484308810
-268695496
1022517039
-1911687880
-709424152
-393554376
1278366066
-899767498
-2020805471
-1735902436
24274617
1798297835
1765848164
-472062340
1996696348
-1424948382
571620584
2035191213
541683875
1009410971
1806007583
688996475
1705580519
-894970793
-1096477581
-842214123
-675201286
-777414350
-1782155694
-1023893688
-150865277
-7697673
-521256468
1927210736
-1836974803
-1821625041
1490801211
1438437802
-1635987134
1945024763
1420773955
-1853180978
1850247314
1996720419
1846387099
1111751836
-249821543
-98086034
1255830827
-1136315980
-890418976
-1572820173
-189292490
-121000501
1698779555
-668579537
720822682
-419817829
-985818957
1672017049
-2086006442
-577257957
-1629149538
-1070962316
809675341
-1587518736
-1352024564
1552666659
167357513
-704052189
1947973483
-1311532478
-1505420734
-1570391021
1326019278
-778839886
-1674536738
1866454700
-1341553646
-334012682
-1664945861
45782744
-419889854
401426365
1391623148
-1824891083
2091481916
-305156417
927381570
2076783113
-644818796
-27544629
811963340
-332481422
1174842039
-1075963103
1353655840
-1616813855
-33952429
-489087236
-1712134950
1767437513
-607420426
1763526259
125146084
1168319890
-1717544459
-560441983
1412396535
-744179501
-1874290545
2040179298
-341933726
1458707392
1292290897
327457824
385916170
64812513
374678203
265465452
-209311311
-1124355323
696018211
-1348948303
-1068672134
390805621
-374682151
-1746334106
284895148
1939487083
-1820902773
-1415115101
-472986954
-219095356
530533099
-904425225
1012476530
-1482770955
-1953147250
-1536319112
-154036051
-2134631621
-1738711785
449646106
261470695
1506513686
1988514964
1846452036
-1627745194
1436206839
-1426097625
-466172512
-1754199247
898242871
-2107668248
726192434
-1151317462
-642972597
-1859257591
237897132
-717429445
702855478
1444723003
-1022812161
-1752452955
-1596346050
153279569
-557571787
-2014603979
-628087070
-833657566
-2010156419
1479664840
1528211978
-550170958
-353978745
928576274
772621184
675192467
-928981998
431552154
-1464411234
1380800393
-740932158
687830536
355326025
586773100
-1040114890
1759102370
695215645
-1863925422
-1687611559
-645179116
663101673
1277026540
732784632
-1242501777
1347096413
-562258896
-564890987
-755118221
-678091262
-464099784
517116538
600883729
-505002647
1267207785
821437456
995248426
-793909337
-2049961256
-1497861775
-1691984739
-2051542784
1282356456
811095098
1138214784
-2014619679
-47500233
-1399021402
1539553196
2117523475
-435694662
-1771459112
-1246740098
683222318
-1817670362
1136037751
1566628828
1863667787
-1735420271
-979118977
875042934
-860138243
1603608153
-1824596138
-1314513842
335020416
-1405361852
-845534435
1909955705
1579068979
238452456
-1114369463
-1047436506
-313362365
79900749
-550835599
-2118082337
-1701055576
12174544
752257385
-1333228017
877889621
729942345
-2075359346
-1579540285
1823993515
-2082013840
-1634348189
1739250356
-636780754
-769819780
-1263441316
1488712581
940198266
1620784652
560548602
-869047480
-248109449
-1446694837
230421527
-2074308282
-996853301
21697614
-124910206
1811852031
-1521314160
225905599
159176142
68347759
746060614
-284164416
48501095
2072328851
-856499957
-1478075127
230012645
-61981398
-1903814135
1996608850
-739965788
1490898112
946690863
-269967624
-1860555884
1320560615
1334676771
-555796006
644733772
-409630009
425341046
277465220
1648950117
-979071015
1666556185
-1371117425
-1300879867
24828143
1116087567
-1809175225
1362606010
-1641298825
1839247971
939565198
-1207007096
-392482049
-1958371236
-196612609
420127300
-1877303045
-1967474704
-1121837994
-1019181021
521640134
1414616949
30800142
1838343053
800112870
912170398
973118027
1168747063
1234635412
127324068
-196961542
2095911280
-1997224838
385642179
725775670
-1544822087
-915630658
1873195239
-812671251
184157595
551462207
1789546663
1602768067
1045254837
-1950191331
-290789262
-1138884811
-1985215468
482876030
1917472007
947076609
-853453113
593242511
-267478230
-586209851
912404913
752160201
2125393044
-1811305498
584377760
-1564352907
1799481386
744340659
1372347038
-96067727
852009330
-172189751
112737927
-723087820
-247235774
-435155272
-49215269
1189559054
623247801
1821346278
1692395477
1654354612
-1982206093
371586995
607120060
-1626588164
1246810616
572852702
-2135491208
727870948
-1733885580
-282827482
584747367
2077073880
2027020205
1957799732
823971697
-1737390540
494834224
-1453300041
2117947225
-143174394
-421155890
-65564207
1848102998
-117869799
-424969914
-848572751
594730722
-1034192082
-1188305597
-525548928
-1578642480
117520780
-1223940216
-163224959
396081316
-629449797
-1730432151
2020455283
1052876062
-1939285877
-181331588
1244568377
1809068568
-1531423653
-817442672
899590332
389922193
-1075509865
870783454
591984144
-1803371512
1786699138
-1816824706
-1877112619
-731593970
1510340917
-942189540
-1554197281
-122128106
-350380314
266669803
-1192868583
-1325222257
-1835316371
-1457047847
946597541
-1415699404
-1539664892
515101187
-1785998776
1366026914
788979790
323102314
1777422341
-953727190
-1323810662
-272429849
-1213746937
681384424
-1974410136
-1338572964
-1594823741
-863649516
-1533217493
-1977985492
-1031666083
1557190039
135190864
-1605146388
-13059253
-1005085471
-1907481730
-1625979302
-143375304
-2031860743
-1284525537
1508308877
-998936790
-1815529515
1857143583
1042776686
1875403238
-115003669
-469827596
811081574
838643602
673560583
-1144535587
-1053043112
-518609764
1935893087
-1578029459
1291122385
1483664603
-1718627612
982359114
-1195303042
-1486620685
1264540378
738906162
120178910
-1131233284
1818026922
1589496383
-1247393993
914544229
435176438
1903491947
-720930867
1259068182
1741443566
-1774351531
-1898672815
41468372
-293910815
-1978616252
-2143047784
-1529902614
1159022615
1642760044
653288076
1693076484
-476698403
941323120
-417535897
1752744541
-1526416928
-507865304
-966061283
63942428
-1326499394
1177984675
1405892889
-1092762373
1340455642
-2040555409
-718323412
-1007421910
2144637551
623130903
1617885634
461983090
-1062329113
-287223060
510799702
1610659228
-655056019
-2067102200
1888630311
-738634990
1638502080
-1797297009
-797713621
1394103239
-80604342
-1001339080
80343108
-356165292
-1373859215
-831689205
423094193
-465510045
1285877036
-43579028
-1879166266
772690000
-1583717416
-658843817
-1736353825
-970882548
-534569141
520814828
22541202
-1831205563
2064037673
318325806
-560260829
-321624893
988432758
73135623
-386415044
-1992547563
-562170004
1295163535
-692625955
-238072724
-1622877297
-1269841523
-119513455
-546389306
-828519170
318860605
1257228258
-1675319218
574915594
-10823341
-1497439475
-1405318142
-890768372
643634239
-1490001159
-375440234
-1142165902
-2141360973
-562360475
-1554094697
-1640406245
-219394719
-1080594591
1132092116
1382142437
-1637379831
146351871
682538489
227524995
-1634757966
-1508639671
1605937787
2047299475
-1926857161
599242613
1901343675
-1533596177
-2146065147
-1974644137
-1369734811
1166778690
1913445153
1345530646
71714330
1387943134
827072624
907882018
402443342
173479885
-997713358
-13030555
-171117198
1756288805
635314383
-131675464
1099794260
1860659616
-1210784298
-518663272
1272867782
-877133717
-1397557694
-1252738023
2134558334
1912033598
-45835010
-792415462
326894908
-518402644
-2051085910
1766300089
515591729
1519090620
1980096415
982491145
-781127521
-914996297
-1032318672
-1795196670
-1215841348
-1438726333
2076322611
-406496839
588537820
17765808
2069968063
-95799344
-1111540274
1013436817
1067616054
-1397621969
-1779349371
1596300174
22856325
-1983867149
-1430594310
-1242442120
1603092906
826490278
-143281071
-1141696354
-1782983818
-1738791760
-1399761862
1258479198
967752596
-268268786
-1609850470
972247550
1613578185
1223685953
-200443543
-1463206724
-1231075972
-1840324472
-2026015779
1283159331
1311294329
-1794230448
1725511112
-2096472416
985140209
67141867
1086846013
450317908
-1019071803
-2010875264
-1310781830
-565384918
795415555
-203393214
1555816961
-865677524
-2036547920
249097700
1982086407
-1330108398
497174471
-107091636
118559506
-1619663588
629557633
871518342
-1868736547
-587019231
-1566469417
1160460795
760030334
1774755814
398117700
-1017856542
1270844106
-603260493
-1598550321
-1901265931
-484459784
1192601635
1308608072
316491880
-1613734013
-1561221316
-304594991
-110840810
957764437
-957807170
2013907872
539386877
-2060052959
1960004543
1778344194
-1086231572
986293008
-525781385
987631522
1233068154
-1035301473
1484250456
-674512629
-973073350
1411811527
1371051106
-987623830
-1482738644
-1938637731
-611049548
164769432
-1308248203
-273380165
-823325595
-1425325992
1960957522
-897795936
-1502199148
-142314276
-1503822774
-1174671020
-1613224771
-1209999730
-32413277
-997830385
607637582
347793420
-1534822378
-1737665637
-812035207
1866577779
1343092421
-1813105352
751758412
-684523041
1777160556
208460735
473212158
1285559090
886601431
-1273909751
798548362
-1382740459
-1134185837
1835203985
849851009
1806018620
432860648
-1428625833
-700972772
-875370771
1372032006
519358727
-1825118064
678535106
672486781
-564935846
2027868326
418496940
-492820750
-1429878084
-1364386422
1927457339
798971663
1391021359
107120866
982584093
-2101934149
1868921966
1787263010
73343972
69129867
1004250965
867099678
851465228
228499575
1749697919
1061660128
1674398011
-1830335280
-31286992
-545964869
1156992458
1354290033
1828457333
-1855561312
-1481802876
1202057780
-2082560374
-1741620305
-549792084
-1621539416
667964027
-1163900400
847811908
1296480512
-2065254387
467359492
349574796
-1460698803
-287707682
1989609526
975457992
-678553617
-1221438518
2045272151
-803820730
-1134368695
-1678884720
184600041
-969952609
-382622541
-1339923019
963076953
1090577724
520779444
2061634983
-1864371117
-145120740
-109478288
-1645570010
-2040490926
922293203
-1058384545
1734334687
964518517
-737973803
1941211199
-425903015
-221639015
62579188
1663122507
1039783700
1193190307
-1946065369
1242133421
681296623
-928111843
1043317388
951035184
-698782006
-1229797884
555464623
-1133601991
242074731
1146943199
1006005516
620940791
-693221211
1156536595
-1505687598
64138457
-431973962
1321431413
1621977577
-17986752
-759238671
-1902656479
-744661706
-926931851
-208567140
2034334601
1918021405
-1443304739
1396507419
-1998000944
-2113470393
738563691
-3905459
228167000
-95794012
1798743637
-1807813579
1952656793
-1133285453
-1356019190
-995552803
-36467404
1524508928
-1711315614
67197302
-1184064441
2053530862
2043323415
1781600451
1630338563
-1454846538
-1337536397
-850276936
-746217350
-1030952785
1341251915
1993875294
-193954371
-1935850545
-915442901
54878457
-1928734170
-386500751
223518930
1082202987
-984706063
1511915608
-775393568
1444714714
1387747345
-660720141
-1613709619
566857360
-913190847
1742004450
69139741
-1820917469
1400249944
-600427080
1268448977
1981138645
-1538770719
377370626
-703741408
-1774695363
1981414634
644270472
2047673958
-1529381082
1144785180
1679354322
519303005
-1262419018
-333924853
1844701677
1944463242
1389434834
1482014671
-257058705
415118841
777832641
1299084499
1316661687
782170923
643260175
-809402900
1058988153
-722761393
-1828182861
-1221946451
-1028081031
-1008219216
1775495539
-1125010183
-1542150762
-478695057
-1561335417
1532932824
-108003063
1100599153
1040841340
-69655154
-984322322
882224538
-1387519397
1315577577
-80201212
1067791162
-69206774
-319410725
-1005005904
-1318852921
142119921
584812359
273722951
281408717
-609252384
1879664671
758773644
-1560006111
-680735441
308479150
-1597769865
1913228636
-161609178
177314098
-1841752264
-1027497081
-218773601
126775213
1286591611
1416588307
985648106
-815337732
1048650988
-1188155381
2001934320
-649459928
1438846460
-1154596724
511642
772771579
-730958619
-446553996
689548915
1851746006
197356268
-1335356072
1950744971
1235711170
-1108379163
-2134420548
-1635899490
1282198980
-751979268
22493821
1144397430
-663379852
1154519473
-1759882862
-597119859
1259254992
-1994273500
-901906445
2145456629
-695691955
-687545966
-712299304
-520854660
-1053444817
2081214495
-643612634
-304942069
-2030819303
1937654485
-416795098
1732014158
-2015183129
-322745620
-1717192073
-1259892583
1485479355
2087075659
-268665275
177767689
-1698455723
268271438
2104507835
-2098233366
1143675304
868883914
-1148442442
-777321896
-194390103
-731400115
-401038662
481283880
603937897
-133431639
1587056169
333621256
-2129280154
1169731251
561223345
-1845610268
1413665309
-307558328
1599483654
-1638804085
-1471148317
1098907024
883373521
654044562
-1486032652
607429510
-226593305
-151168392
-87327284
1453237943
-2088340034
1638984714
1490610101
1819330633
2129087004
-1610295544
122225057
345745215
1895784464
-1853232631
843357241
102455802
1686794789
1179036827
913842229
-1002005502
-1004135211
-1803891538
-1983841811
62690310
-148453828
-647922127
-754079184
2136634913
1285999885
-1815629571
384667732
-1015904674
-1209716023
-1523236622
277528974
-518897794
-525847251
-256474017
-543587965
599630328
481004267
-1488593753
-126996450
367128384
57227165
-1616171744
-1524383580
732058955
-1626920202
-2069799874
-1563816444
-456831405
1663246138
-1099939088
1295294579
-1246644009
1608084207
-1221874103
74954808
1758915557
-470107692
1219385187
-1179995708
1305168795
1747968274
-1015941761
-362539259
-1776213526
487211697
1809043057
1691677179
-643186787
1928492109
-1972934342
1856910474
1356540313
63839496
569329398
-531347054
-728967578
911294146
346932728
1368531772
-763084818
25058951
1765708595
104749719
-560837245
1461469257
-2025108005
626668642
1418648102
-719377970
-1535884981
1163632427
546298629
-1955667733
1274042665
701529752
2089675333
1951521010
1844818887
-224733180
-1920976382
-178699416
-651266356
149599309
-770296941
-1808730117
1855179283
-216806677
1523926802
1769039794
-247259950
1672104517
-1698320614
-1564405914
-1769989890
1664307519
557919442
678829424
-1604851474
1131081239
-719126486
-1061142877
1837151038
418035313
-137846684
-1905408388
-1118146315
286870703
-1354303274
-1159813480
228884970
-235898
-2093994515
1558899045
852337507
-1458820914
-1031655819
413770780
-1040569090
1488972952
1679201558
-1855941650
-550062124
2138685829
-1854890463
380885629
822842330
-755547819
-1504823924
732990861
1862774667
-1899788098
1110270267
-926675461
1897911747
1469016446
-733508735
-463644179
740910574
-166581837
1385722341
-1340813750
1652943457
359031914
429833256
-1794503828
1636249863
-1006903435
283148166
-923864812
845793856
242248320
1881027132
20047262
-1690430971
1714363238
-155004086
1915280501
-151640241
-204047424
717769338
-1069428792
-1101957703
-1671726145
-1573698400
-1739284099
-339430045
-1729610181
1387925538
1165858662
-1392016102
-1714220533
173948346
1034348210
-203488587
-1510265706
838404474
1700463269
-280033855
916322730
-1137258480
-824139125
-1395531680
2106659980
410915915
1128051433
-1596929427
-1376108977
1577244893
-1262115338
-1936368924
2002773353
-535866782
1169610569
-1198607487
1837240963
1972843937
954857170
978010790
-1374368113
-205838832
-1966625010
-1741537407
-445491681
1899366557
601881206
-1877588883
-1645433355
-1475985749
1487789112
-1284723815
533425366
1061227866
1913745449
2055967207
-1149514077
-2128694005
860259833
168469526
558261417
1429339426
466434983
947984930
-79759561
-1666828275
-1860351177
563971306
-1135055760
-494206075
877920162
1413108243
-70268829
-723171052
-1499986674
635185708
-1950442920
280052438
-1829926849
221613330
634809196
1534691459
1625839948
-652390250
1061945952
-1662818132
-799996523
-803478180
-1642950483
2043744836
1974279412
143492613
1123294427
-843165086
-1578494414
-929713008
1461042706
-570103228
1601013436
1241688573
223050993
-1040072298
-2084265579
-1895457741
-376902243
1524922612
978858382
-477168093
267966237
1518805165
824804021
1919688236
454523877
1245976522
-1209012470
-550123839
1506826160
-1919133874
-1556741512
-453655224
626615954
-790581826
-879728125
2003008325
2006141261
-969625885
737681981
536206775
-547955998
459955149
1156880638
990611138
93195115
228706075
-874924461
709868941
-444656600
1283996026
1227423926
-2104649619
-1316071210
583441003
241455231
177249602
-1121154489
1005003080
2106836634
281314337
569105967
1308005000
-1834485126
339476531
-1173327813
1453690177
-1006857395
98611932
1402806375
-1259164434
-489766799
-301159138
488604304
-374439054
-1715583706
-1678761152
-2037206200
783724380
1705446275
623654570
2111448553
-556428692
-2020838738
2134243859
-1127038996
453536854
70175815
-542960675
269079931
2110119365
-1837712092
-155999553
638507843
-1912924254
-1805028029
-2038216540
-1051860593
303446677
1242821372
2072346578
-1901187950
869837515
973784438
244293198
2064743939
1880382458
-486604197
-806016129
243655663
-1373415007
-1262460209
-597595119
247800010
840503188
-938493027
560154652
-1061551930
-828303689
52708531
525266820
1937059943
813140489
804873168
1114300578
1132488791
27469796
-660476293
-460049117
85459574
643416962
-1875306698
-1797236432
465587253
1828440771
601389555
310415567
1731013156
-1373903828
964557767
-846336120
-574103352
-984356557
1245934045
-240474549
-2054678862
-1074216775
83182508
1439681425
697459660
-1613570601
-852198292
-395509312
-278920715
-1508284708
-1121714235
-1317953581
509113040
306858134
-1016605239
-1825750982
1912549081
-379995695
-667368924
-110110210
-429608520
-933760228
-239232366
1915734056
1772845017
307502802
754913424
780034915
1634124092
1345307992
1424089686
-67497504
-1197331063
981875107
-2032228605
-529075847
-1061255833
1174391292
-1662146022
25526296
-1254013683
1369487623
1620085293
1779492442
511294488
824197888
1934266071
-138098578
-1447569761
-1420545208
-1737233938
-897269437
-1258429564
1518456352
1650677753
-398595102
-1328026612
-500362573
-1532177440
-117629161
1654157490
-1609852583
-571780638
-2135244969
-723280073
1548784153
-1468615222
1744259805
-1854974467
1289463664
969308261
-128842731
1450150037
-953366192
-816533458
1358257726
1904990614
1251681387
1423733067
1179324490
-357270096
-1351759440
2114566332
1260646920
-1342587904
-1806120427
1549817553
1973290884
-1846894683
-221656425
1015188701
-1579852115
2067050130
-1348774786
1398231592
-1240292552
1602730405
695625189
-1222937559
-638284604
-1302455815
345900665
-110623244
708807487
796585847
1297671297
-655633679
-674146937
-1846201165
-622248419
1128057038
1475100244
-859849739
-716989742
-872313674
552104788
235628948
-1279715003
-704467006
-1902671209
2128756618
852645190
-1615448401
-947322323
1328483909
937699856
-556832559
-1910204915
1297014459
565695694
1887967816
-1468428233
1954965952
-751551647
771220848
904951581
-2004406117
2140035936
807471005
-989938113
-757789994
593700192
-1247685368
181558548
1385577813
1937590388
-1753942013
-1377472464
1701146281
1965928951
1780084596
-255309662
-245494619
-2059025016
1612873856
645041566
185661234
640586069
163123078
-1957538725
-1365736353
-477592932
-1652616114
1616532030
1994404284
376659567
-2124276350
1438551352
-358246681
-2125036873
-252111012
1948331627
1895656807
16626554
2044905888
-1427678445
-796868168
-480315296
1622786253
59258787
569614758
-2036183438
432084622
-1574536914
-898114594
1833710117
-894382730
1172777224
-1485593407
-218610281
775926765
-578912595
1887253627
-1071540456
1232339556
412480480
521777748
1196051435
-1113380657
591197975
707723589
1118614348
1671200596
264757270
-1460846130
-474217035
2080493120
-476640551
669916422
1029395548
-1987321542
-293978954
-1600836365
991259904
-1154967110
-1727875133
-1482811877
185120229
952317115
1582866548
1903830619
1508263453
895399854
1213110664
-1293382410
-1064059384
389396658
985184806
-145653776
-1376541667
-2112752126
1136280131
-1507990883
1431325161
2084663470
1141879110
1372209524
1730248023
448134798
-1164893459
-670222552
-962229710
674727795
-1685907855
1867943673
-11907096
-1788845666
-1928723480
-1402095546
-378835056
1587446133
-126393366
1481334631
-222898642
569077875
1382878583
867385273
-1680267467
848838496
608046615
1892713209
1999096652
1705633730
2109890627
1013465557
-753490091
-1743400814
-364567549
2103114176
195280810
-1997182413
327892440
1667697669
-1883026519
-1211951713
1433042907
850106911
259718514
-1457403165
1900527909
1099715398
486769135
383005389
-984316047
2139883341
724794644
-392222750
1036723968
1321013931
501712487
1595855509
552762556
-1950091306
978250178
106222774
-1214208352
1935260119
-717410216
-148293592
763780694
-1660892134
-1860389387
-1132522281
1023597089
-1971803258
-1004614007
622404072
-606447619
-1347849011
-301318170
647603761
388478723
1216482308
869340104
715946986
797164306
-1764185739
572720662
354491301
1222842027
319217588
2143425383
-1549409669
1045804829
-470323473
-2135757881
-2060122233
1591856865
1475180938
-54833735
1935078552
-1469765049
-1414402581
1916571008
1768224289
100620881
-615695983
714656922
-1187875212
-750738978
2067831147
456500620
-1875757009
2054689034
1150524263
1981239269
-1752153098
624784084
1983882568
-482639748
-1139770014
-1191579390
-322136900
814451195
319623992
2013041217
-1567699795
-844004959
-269533475
-1193937265
-1859632169
-1953207230
-198179063
-74910243
-588027750
16496531
-1969882693
-590084881
370667025
1461355428
1614811500
-844004217
-831072670
-1916305236
173881735
913006273
-123974057
-131177204
-780982761
-1686071616
2142973485
-2079047794
974025410
761376394
1688155052
-1885853203
836844789
-1124923600
-725595785
-1477566567
385133920
-1676501198
678588325
-1893073734
535110821
1565578016
1356011919
-1542657675
-144179381
1994523780
-422701845
220706159
-841669384
1825131263
-6205927
1825105807
1482544863
-1550150735
-102234692
-44726777
-2109902474
1244975838
1168853901
-1575495021
1070077292
-1145361458
1937691243
394245891
2030463962
1310601971
-1483837003
595852791
1355610552
318025297
-2030966820
-1685228567
-919554414
-1569359846
1289859635
-1253106575
-2044601734
-2124781672
1942031881
1399891907
-32434368
479093839
547256057
-1976322949
101888224
520554338
-1207093633
730130844
1177954619
558657333
-162539314
-1049219882
-1426033910
1429743955
-336291103
2049931527
1969348623
-174172526
142747088
1832392963
-1436533108
1730309493
669264740
-1747826024
-1707025928
1068187345
2049751021
-2126541364
998593264
-620748622
1094208850
-1201396632
-1815510421
-413965442
1108351848
514098617
1052761138
-98798245
2043079047
272616085
-445840242
-152676402
205686107
219567516
-1399157438
-186823772
2016201463
771505087
75763131
-1758406892
728013359
-693423866
71371397
369986085
2146979110
459275661
2090950657
-1002166963
-1472691163
-412369201
123282517
-689306022
-368354642
1203861798
-1816906589
-493289579
-610969136
1175240082
-791092868
-1816986332
-825312323
1986422713
-1977323881
-294642512
-1007627111
-142034898
-1146922563
381950791
-1391414124
-340504843
777166087
-1718469246
1962497850
-477377978
-1661575092
779425258
-1716980727
-599519855
1042664916
1305595287
-1795537853
467891394
-1913455024
138728218
758895110
-1322616891
-57593842
-1259334756
-654007143
-1117486516
-557138584
437330502
-155787768
218629071
1950058109
415756771
-703193614
1022950356
-715406813
-128121660
-1302282848
-1649310096
464677403
-1461700892
1253587290
-674747123
-2008697210
-1763211701
-426353931
-1367081108
-221029224
1959230902
970062256
162183405
2126611595
387261815
-795909311
531985934
-1135301931
-1260675430
-861552087
1633467953
-1127882596
1978518601
-1128000176
-550181471
-1449648279
-849432719
-147485491
-970978346
-1975344100
565270692
-3252220
1072380408
-1439595233
1375441985
1200058613
1187014049
-1820526626
-1119570735
-975154989
-1804641305
-1815414410
840703924
495221204
-701769575
-136950100
502890492
-668347833
1115639239
-2108616928
548586392
-966013718
-300867705
2072522689
-562936140
1221048957
483416054
596689027
1012519264
-1676402542
-331999363
1478414671
-1213904017
-1357502041
822625621
481374779
-152417631
1433764470
595084364
381453051
792715012
1065367690
1609674696
1530086806
1038893462
724921877
94987532
1987045468
283920687
-1826162944
104684730
-295634154
-276641379
1345270596
2142902424
-1608055937
-1774436080
1694087800
-1268602474
-111762189
-1179289672
-2093830998
-1645964785
-787935386
389674412
-484852623
1953564751
1762650519
-1673956595
745752130
-775332523
859908740
-1679710613
1956841730
1692699609
1562547744
1729893734
-1906224163
-1062194289
-729558718
-1392129128
-46875307
2144306349
-1659813663
-1158603854
250066845
1415503787
-1999034242
1365233380
-1194158552
1038822729
123714529
1097229954
-2092443524
-449301802
259397639
969888740
-1007038901
1700882094
-1563207846
257903245
-1240602429
-1198192381
-22137566
-1106636658
1157844260
-1134459680
-578227141
1677291820
332889235
-1165402773
-750224120
1899902400
-181590738
-2016269462
-1865750873
1109215454
-1998163873
1317498631
-20914331
-999725127
2028298869
-1229833769
-1815041932
-1266940474
515514224
1318253848
-146761509
1650869918
-1875891941
1526384698
47340461
-434294232
-701961632
-722050144
458710397
-1343060233
-1455217705
-1726729305
-484827888
-1679962384
-1884025441
950812646
-1296084140
539990575
-927972751
-2026882377
2013079185
92472362
-1861236750
-1192327946
1958075614
-597694697
196724807
-1910822392
1877393877
1329750411
1545195758
-1331816417
-1011666038
-1813867933
1118415564
-1118431045
199166648
-689852697
414719873
-831238797
1032507965
665835307
1111900163
747386101
-2026405432
1775258808
-933625750
-1154450358
1446948816
1255665516
-1799471864
-189456290
1346858695
2078024862
-686457668
-885808193
1930381711
533105797
598082695
-2089395035
375526188
-664524327
1671106655
-717480143
1653767611
1347215290
1306543427
194365433
1282452643
-366319151
-998657905
204696260
500905481
481571509
-1651775343
-1651562095
-2099624055
1478995087
1718428251
-968886306
1979441698
1683689472
-78556966
60739110
-425500303
1610786113
481337639
1871516074
-1334984159
-1197540468
-844568547
-724355980
1190091681
151827130
1636816170
-2089102952
472318232
555006764
-336265622
1391970749
1028504981
82194415
-760210959
1260921819
1483317131
1448161051
-1366755224
-1888831931
2021476219
-718515077
1774982362
1284037610
1570057714
-557532558
-1376268848
53459415
-1265707850
-1747802852
-1881433190
-914761473
1468356412
-1486144589
-180103185
1053956158
-1634595236
-1375079373
769780408
1787116187
138885959
1750242625
-2083917784
-1763207731
-1120539208
1272377928
1272720399
893953280
-1188062871
1664730597
-50209168
-1169783848
2064060104
-524661116
-1551217328
984585653
-1214526742
-792030901
1299060688
-280961735
-1707748673
873228086
-905173378
-42743802
-102265465
-1624262526
-581645081
1299608268
-1391570299
32410191
948760688
1838524802
-798908943
-83246464
-1558427547
-1441781774
-1450434254
-537672219
-1988687022
2042551931
1967727180
2047104156
140811665
343293714
1370742422
853756084
-1259727580
-1547643255
-434248527
-1534190830
507029188
-1311525357
-174286411
154555032
-194162630
-1180602105
-1345495636
175456643
233853932
2113450724
122880835
-1070353132
991451578
-790122091
1049005758
74087282
228477194
-127008779
335573036
1942676430
-592695263
-434469740
-784421668
-1028875064
1612893364
214669499
-117462001
1536202000
324438462
245601197
1748015854
1331610192
306054804
-1784396241
-1765172291
1635709513
-1860601034
-7853493
-455003055
-1186264516
926649831
-1315419312
-689721409
1901811850
789671422
-945149412
426927958
-1307321186
1628522494
-1033821796
-1791351090
971221258
437479140
8589204
-1269882944
-1995062288
-250898752
1441285531
-527425447
1529162147
-1856136057
1686832745
-864419510
-1837378163
-1486825690
1773867861
284131074
1201599826
1767136730
-1363276264
1376317983
-1203197387
-1991888962
1903014614
1715641121
1880227002
159729829
-487510433
-845712032
693495437
-832590038
1220482225
1015137599
-1407150430
-1972711420
-1561740351
-1464216158
-661892196
128301726
-1030750598
1713281181
874487922
-324398362
6859781
-1329914003
-992573616
454675557
-704698549
-392749653
-356831558
549782159
1352399543
-1540363330
-795861769
14975579
-2093194176
710589585
659606956
-1149576938
-509076058
1663564421
1165196742
1740045428
1776608507
-1670709335
-1407102563
-1068441624
389777764
-922182360
4733270
-2021029067
-1292206048
224536066
-172214392
-520255933
1600013769
1314517247
-1512837599
1930538550
1623723994
516523487
-1689873013
-307247172
-1527803279
1343285717
818921994
696869542
1329913429
-924205258
159357799
-143859014
1636014905
1092627565
-1629197614
-2086551098
801710657
1954463282
2091164420
-755081480
882064582
442087675
-2131835228
-675614867
-1826256042
-184971854
-1080635157
1076519943
-231745282
334194087
-1190198134
-625256318
-1519395126
-1724253753
-521911094
-164601911
1873623948
318777614
-1086038795
-736083578
-1760123940
-1679162822
-1063855628
1002700023
-252473760
1028666560
1536645689
-1256086264
-821174195
2011503875
334133214
2113956253
-43295187
-743841853
-485183218
67330606
-366549790
139806931
1045230243
-1894912615
-1883918614
-876781298
-1424316144
-705840334
1004874212
-412094581
692681601
-764161761
128065618
-1598727665
-1799678656
1122444259
-43893857
838637763
390177114
-1571777737
34939492
2036740390
1211358338
-657891296
-1760381210
-1324389308
1192616244
-1510838211
1053833699
303971368
-155184611
-1823739295
2055099789
1856078990
555730617
-1484113823
139351254
-815744291
1061396030
-931276242
-784528658
-453963437
-1876976456
-1275955675
640036617
-32136831
546535029
1246274213
-557109147
1272138234
452963746
-188422942
1050986123
-1929891001
-1168349643
-1227439880
1392951764
39989277
1317999630
-1036503229
-1332617170
2051960017
-68524200
-1829289235
-211310048
-1229970933
144055093
-545247801
1515232267
-936165703
1179814554
1389940060
-247128143
-1200931513
1072050038
-1314259645
2009995771
150837260
1975611417
-424285515
-71692042
-694513401
-146317613
-2043738786
-1125110242
2089697482
-1141878820
-1169381001
-1678073633
1138696373
593848691
-1414015212
376841560
1183745127
872583752
1463519930
-1288916127
1071822450
1847484958
885623604
125671887
2095688781
508426412
60670118
18188790
-1344371314
-338370876
-1185453854
1847416687
-1391769000
1087329719
-947864326
1932423194
1667472657
161986806
1366481941
-1782034330
-39038120
-11676164
1024266118
-1678608433
2110728758
900816491
1351859226
-496328280
1111034259
1550768245
1887212721
444024346
1611959018
78688637
-30219761
192063340
739882816
993810173
-566758413
-358420605
2043097169
-490899030
-1515122839
-768073300
1164458252
-421536043
1320513116
-1903106919
-1685171902
-1360370669
-591125393
1534290089
-2015602535
479467808
-386728692
-1040716180
-1066636090
-67726336
-857430340
-675892890
838399739
-1844518042
1436925881
-257737967
-964387683
309379929
-1586128959
-216309208
-205256903
954595349
913881900
-112166366
994555832
988672815
-106915008
-1735035140
-1416406830
1303389947
-2047547452
-561706693
842220736
1228254257
1646292434
-241240527
-1296551371
-1746592306
-1377005583
-416534402
411843726
-611987657
1752410978
791508185
689158983
498974884
1132723898
1494249232
-1681941327
1129313723
-835590736
-1792824499
-975292447
-174648709
1630633528
1736562586
55757291
-1760402853
-1065547056
1974540710
1932202576
-862343758
-2008111592
683375817
-762461516
-13729447
-1127670872
1179761733
1626584532
816303246
-854263267
1692003790
558440886
-371263205
-109825419
-1134571445
1270036769
-1445731914
-786442084
-646659362
-561385393
1957644971
-1108813498
-345397215
1776081120
903987384
-1177700097
489503155
450185490
68616759
323268736
-1279422478
-759741905
-963357054
-518342077
-1497112055
-1956263354
-1273333870
-1682086568
1809695276
946253085
-104205847
2026799481
-1685628382
-1297295259
118693554
742258780
-1815188477
2117060399
1621695525
-1189648312
-248636605
2110369951
-100571088
-118074389
-1922055698
188575198
1365246291
2095905641
527259188
-1310700715
1879716299
-1026084168
-917101528
-1183631081
1832413426
1607715114
366927812
930746014
-1191065883
2033473099
-1814932688
-417933895
-1157480857
-1982038036
1795697987
760893637
-786009852
805768575
-1306807223
-2124795878
1947642233
1475894437
-1047240441
-1351570744
-630417326
545983237
1271834107
-720343421
1752544981
-134420129
823355111
1775442651
972977182
-1490056224
825287824
-1843938385
750817419
-521073737
399515843
1659500259
-1227797671
-686371352
1793982104
-1253973680
454182543
-914529441
462398202
-482889988
-260946662
1218303559
608033126
-70929782
-1913051335
1603926172
1196130546
73818100
-2022913765
1034323966
1822901648
444810870
-1559058491
-1915536696
607725971
1015363021
1525444665
329124449
47227762
849674913
1091296468
-1950331183
1689277388
765435454
1367114999
1081704343
1443927980
-462981750
319324905
1350872505
935492365
488131379
1023874044
-987559141
816893856
-267255513
-1447913747
1064768276
-1533711412
-1183709879
-1938453360
353445950
152360437
-1939188383
-126583124
273136525
1557323776
1081101907
-1483411165
-268283742
-868813033
2032974483
-207634090
88077153
1304374185
-1430662184
69179335
-1877544256
271398324
1532177423
713183231
2071262434
-674694842
1030140306
1024359089
-607930269
27807552
540361369
-693346786
-1039657227
-56355235
-987462672
-1215031109
5643563
194957426
-70586646
-1521134
-288470124
71389174
-908440939
-1419581979
-150645492
748042693
362546222
44701080
402189901
288710432
1022761687
-1239331888
-70679860
691811320
522621574
-51515818
-208018750
-580852373
2144248384
2083338817
-361546104
1346491534
-574221945
1675183700
1595736871
1609267565
583170321
990988196
-876778449
1336603215
694508218
1250884734
-1173299513
1843643198
1761559738
-1672650361
-1722588667
-1341945403
8746010
-1325198045
1356384384
2132191483
1880795747
-1990914790
1694850850
-433245760
425929369
-2016640391
1294087490
-1594913978
-706277017
1004877750
-1666887183
-1867079725
-951747429
-197690090
-1019778413
1232310724
-634505773
1209243475
424013489
1643068628
574542968
-971346824
2089385230
749340574
1161530092
-407266544
97916407
1814612320
518722302
-13672577
285974239
1862518785
-815764058
1629285295
1850903338
31003220
-1426822674
-1040968466
-1170620855
-1886143842
1625040685
-50889707
1980234502
529380693
-227998085
-61697043
199521312
757751850
1154596704
-1572787761
-929082854
1642329417
-1456763954
-1466674038
1746682447
1504079583
1429577553
-664998520
-689020086
-571040036
-1828168316
-1922959309
-1797905836
-2029224199
954008518
-1567908972
-708387251
-822870788
-1942373842
-70151619
1394828223
976734011
135872443
1640379497
1111332400
-271721122
56927696
684032097
957799095
-1758074521
260624094
-1402878688
-467396655
-2076859145
760783970
1696453433
1488019060
-1952461111
-200787950
-719398920
-458321820
-2007599997
974931026
-1501673784
1869584326
-746482515
770490348
-1383697196
-1803549710
989814017
2047899904
-2002072849
1934827405
1436780772
-1393366215
-373902920
-375991339
976200756
-1321941695
767335417
1400958270
1548105284
2039140726
1845547855
-1831627458
-1237903068
-841599523
699525904
-1412491931
-6061787
1399603031
-1191510680
-1139525713
-740525925
-684512239
-199616827
-69478371
-1345924124
-1600345791
-1897434252
1126005633
842785193
803076110
820016012
-1417150567
730749795
2068901327
93546762
718059616
-1387308511
921191288
2138547261
-940667233
1525109639
1347741776
302998116
-1890847799
-497851623
-366916633
1709671061
-315375864
1922524089
1256379207
-1008524065
994199443
-1350984338
1794174313
1535088563
1120227394
-2145055898
-1105954070
1805596543
1127913571
-459571651
781810942
-315612005
-924441138
-55501185
-682082396
82703208
-1178952650
-1629547669
837448475
1942731446
2006922690
1305694714
680781972
1585849446
-1547423525
1434441759
-1079122392
-625777584
-663763129
734779471
64964108
-1532937882
-759496074
1915590979
945476866
-2085659367
-715718372
-1130623493
906011666
618071291
770212351
1806920198
-791264903
1794529957
1896925201
-740805120
1746210018
1551961562
1125657537
-1109874596
1833769683
1285907692
-39850611
793003619
1410227049
-1526239394
-1425662501
-978448004
-1804535736
-1289077046
796896777
-1198668627
49356236
465127941
-342229310
2109269601
-157179004
-2073928064
488013715
-860573077
2130462687
-1257061392
120075197
1370366027
734884647
-646941135
-750505908
1240828334
-1088113233
-980248217
-718051480
-978340549
437417288
-1416983450
-1457171222
-1387902580
344882681
-1400816301
-1771544526
2034101370
-295015954
641901707
-429521097
-658992483
233706672
-1219786301
-221370657
575587090
-1343517290
1040971631
-1598163824
877843326
-1745142405
-967638936
-1234928378
2034065491
1030239152
2147400648
-294667162
-1154316974
492817972
-1235903720
766157715
-1299998128
-193515230
-300122451
-1394237760
789149756
-1949548182
332344398
-121081529
258968159
1479481027
563547162
600144568
474492902
1864112352
670453672
-1991001805
1128739229
-853656607
-623122577
-1105847046
-1853403139
-961277940
20376168
1139540289
-427020952
-414607172
-1654238223
-330310072
1828853938
-729538919
-1286849548
1814464683
-162432029
-700681976
-208016056
57840120
-348916934
-396932379
-1386447273
-1769693566
1775587445
846384751
2099761152
-1770339212
-1309995441
358304899
-1363667267
1500399656
1020328010
-827798771
-121613816
1490045369
-345896274
-754319685
-1793174022
1533753302
-382677295
920169458
269699893
294132697
624080791
-975265019
-106313468
-1441524969
791036476
905038756
-882840128
-2003596935
-1892425904
1333851026
1405491573
2054555979
918939651
311579802
941436612
-1607027629
-426499166
290457027
600931850
283294245
-1968987807
843959234
-60309823
-27238475
-775689638
1064762543
2035006246
-1822004179
656330709
2051697404
1197117980
-1027797247
-1308599862
2113244066
45396816
-144796865
-565143133
322915228
-865011300
-945851349
-141466299
71714968
-1216575568
267036427
-1664205231
773677292
1049185007
-719835586
-703796826
-275984698
380061846
3230099
-1347323094
99435175
222501155
-19474473
-835659318
-25841390
-419023372
-105661009
144244670
-1565800576
-38011603
514745768
-484017391
1832008854
1613271007
1009364364
-1600982432
-802197607
-1779634586
-19475209
2034282977
1262095137
-1520044271
-1046527703
-2027715417
1398841100
942287624
1346775580
-863543773
1874617781
-2036048534
-556825384
-556165139
-1488017306
981971125
-88424698
-1516124220
619411210
-1933867413
1693786051
86208979
1928046374
1009009905
-1387208265
1945246517
-1114943990
1905792953
2139839077
1733656763
2004429379
2023558563
-675429693
1005843948
-1955680173
1182808480
-1648790259
320155725
-286282077
-534005352
1569305557
-651164959
416005304
-1256470643
878857823
-459682317
820701605
1227962624
1709422123
-346642670
429022656
-98430829
185752018
1366654300
-68885608
640615919
-1545053931
1716764159
1160678438
1926178791
323348018
853032188
-271982015
-915342115
1417013370
627926574
744513879
-662518428
2126623775
-1635845493
-1641077926
1709819175
-135795886
297786792
705952247
-1876249080
-419963763
-775899262
330721037
-1425815156
2136207917
1688759930
-1050466212
-983901067
-592246973
1852554657
-446150019
258523312
1042396586
1324444470
371914513
1664401777
612495708
-849026196
-1676709315
-1660828260
1914209537
-707708049
-1327563947
1602270310
966607816
-147136343
-824277802
1454506044
-1657011078
118388800
1770289050
916093923
1849801164
-417352989
1575679302
512613855
1041382388
-1109714746
687820294
-384592359
632854398
419041770
71736700
1502665147
-1406339745
305704609
723174133
1177356638
831025226
125891665
-389928739
1813239143
1076034
888648311
-1896345739
-796212050
1351105904
731063279
-341684542
-1870266017
-154056906
-358358926
1322042312
348295205
734971011
1111286367
785505528
2016040324
-1291587480
267363517
723188198
-609710714
-222802453
454925695
-1118137794
-1680107111
366422555
-1838114806
-1328719880
1014712503
-461591708
-182471691
1177471178
555285959
745800228
280955919
1155588830
894523459
-1425043843
2075412901
-1785859899
-1109572838
-688058516
-448092156
193372330
443190742
1749364506
-888853444
-678569270
335705089
1606877298
-1216998105
-1813574877
-549013819
-1149943309
2110703529
-1248669077
-1825297198
849639878
-825509064
1827754563
-157029244
-753516781
-1412158818
264276140
246576195
1163871375
1281199357
719351481
1220965677
-754255783
-333505773
1789775494
-630774798
196660486
513926335
-262142872
-1985203200
1973190650
-495043900
686104421
1896866015
42725625
-60854069
1098585318
185444829
-765829379
-1678558290
1325136811
1535026157
-152428983
-210096141
-1044479490
5146059
-1554310211
33760406
-531950805
1328730724
793624940
548634122
-2110169042
213894517
915869803
-115694206
-644792402
1087170162
-2042887189
-173068180
-1354426070
-556440152
1985450378
1383627837
1846234993
1964943269
1458559717
181387891
-1052811689
-1926126889
418669681
-1773147945
1925881765
1910109042
-706189941
-625241597
-828380335
1688717719
358188493
-820694493
-749435154
220206514
276077474
-308466689
1091836005
-661088477
-284213220
-349816264
-2116775963
-1049382624
1469467652
-361715503
-91603688
1363814873
1237226034
-29285647
-1804893290
-640731172
1272343327
-1125115674
-363404642
-1508015686
2037114296
-1468333459
677725187
-1969173
417640820
2129723696
769508963
734236910
1910642088
749250447
861894303
884318132
-1323529703
474277794
459844742
1624497214
-1928870702
1282109054
-1582629165
1111395972
38359352
-1200689224
18219609
1835445144
488178779
-732682970
7489660
1117283595
776200846
-1245673748
-183938845
-594228593
-1526773191
-556925002
2037277291
-269393443
-884770835
-575725246
-817397922
822008025
-566118472
952343841
355789028
241579507
284940218
-1837824579
1223222713
935209679
1766305784
-13624419
275300383
1733324071
-1595747473
575613671
1200303894
1197554160
568835692
-2129773274
-1890083125
2076796603
1228346906
1290412877
-1892873139
-355097250
-1753428644
-1386767364
583952518
1248058835
-1146993956
-875554303
1876801128
-765345185
352037988
-653922528
1613650022
1113457142
-1315937428
921296663
-2014691035
1192213725
-87890189
1967677148
1175255923
-993124463
1637262994
-295369688
1584577911
-953399321
-383849779
1650387256
1172896554
1653332084
2055433900
-879687470
1838230533
-457515474
1606188682
-405940603
-1833060356
1540877395
301051948
981833525
779894698
-117337463
58951700
-19186218
-1015041076
-989556410
360292375
111399031
-581963789
-1030852495
-1315691731
-2004313726
-271856523
429939785
-690441593
-1807439551
-177874012
-1923584891
-480245785
1014655908
743654978
-169494083
1017833771
2049332801
-630752461
383640840
-1390788311
-1702890853
-1278302604
611382757
-91262526
1835714726
-1115413684
-94195106
-856214735
-324211318
411131328
746509674
-187525980
993606311
-1854613685
330286995
-688459251
1949790425
-1852292402
322289112
-1661537479
458542076
-885527611
-252288301
-2043418592
797690546
-689120069
280718878
-1514662273
-12964253
-1062307585
515427827
-1578120028
1145599877
83328408
-1877391598
-429896312
-1583980003
-1316643467
-757420313
-1311184350
-65788284
-1309004568
-281992213
-1500783623
36209262
-367685547
1044047946
-230574853
1870646824
-1263640026
440713925
-726435699
-1436507616
-81755135
-1770452519
-1773882909
1852231850
469733181
1288813856
-619177072
-1890732032
-1264887663
-1144499976
1796123744
-243322741
2124184334
-138145694
-538305179
-1515414688
1827282511
955398443
1556692303
1695274252
409562094
188823120
1053140225
1160384660
557475897
1038785694
853516640
1759698614
589111844
-1467101799
-220305811
1210705269
652570242
530015390
379051925
909773780
1989321327
-1898982837
2054467911
1839537633
2030305553
-642921954
473579463
-1209324300
-996552577
1806657116
1970130753
-487509960
681462272
164046387
339808545
-2044548758
-1286547080
-1760024030
-500583775
58872289
421617694
-586198376
1598734499
1655313357
-1336906126
-1482873637
1693447360
1291506627
-33248914
1949211179
1556627360
-2025795976
-1774924037
-1153352410
2005804171
1041862348
-2117530202
1397832046
1369553472
330612746
625845139
1185300872
-1207868155
1465475182
-1715734351
-1905365241
1363910143
766318567
-545347538
-1159429911
-834315325
-1135364323
1294478637
-2077156288
-922357716
-262593868
245049014
1485632276
-1969066130
87568082
-1579260178
606336391
-901778325
510996190
-1681505913
345502010
-283814331
-1477755509
-213922439
-284998929
375006004
-1520991980
-442364431
-1975353744
-810945384
10350536
-1271646582
441856174
994078801
1677154505
-229146950
-1826873300
-1763472562
1777382672
2142648462
-2102284387
-979967644
1428161715
834739865
1153910476
-2071185824
83049578
1725893929
1648813499
-1435339681
809633615
-2092787012
-1037154801
1854258012
-913088284
-1633926222
329199274
-1881647607
-795587750
1511464259
-2077303399
-1535793181
944580112
175719346
-2102940623
-2005047168
913795161
-1440712766
2080264564
409387051
-1909603198
-1524195479
1349412536
746592690
-1018366190
-1098834493
-1211624822
1471790461
-1401174445
1923692105
405994959
-1240036894
1681192465
982183746
4781868
822041784
-40488031
2069571449
-1230182233
-294976983
-1134346716
1288491823
1013515150
479575244
-2133012723
1244173395
-290896233
1142995699
67045088
-1958141456
1175831112
-1625092800
-810327493
-1951255834
1214398360
1513812606
1019116313
119463900
1105145046
-431518547
1576147541
-1220562828
-1825442614
-1151315106
-1850712723
-449853503
2031690777
-786376895
1884615817
497804277
58917101
582265596
870694075
814556510
746813653
1870169405
1136409222
1437913235
-2128574231
-121442286
-907167580
-1430945814
-742751183
-1011345033
-1471148285
-1067878356
1548213318
942774576
-1806346735
351081611
-1007529926
1023164377
-472315335
-886080044
1243456949
-348437701
-1113758804
-851762976
1186877535
-270443552
115336804
-1445291952
996715397
-668620823
-396857755
-1596588680
-1075336714
233006878
6700101
2064635035
1521754158
-1070537658
-228407826
1695025241
-1617687370
2087395256
-1538633821
818849892
1094419146
-910618831
275157312
1054302074
-2076239045
-1243445528
-2002261051
515495055
1010962327
1266950111
-652348652
-2131072184
508060550
1349169020
382226425
-994437200
1320665206
880157784
-1811595669
-1360840411
488105850
-1626547115
1819487249
1196732563
1968037231
-1205483531
594492167
-2098485788
-1407503008
-478089495
-1296913183
174043319
-1789059797
-1106564632
774732271
-856926129
-870510492
1877157314
1599903938
234757837
1765758328
-834468940
-1052853777
-1647801439
599370005
-386716931
1861385234
17688894
-1359037495
-601874511
2117426197
2075699725
-1208916503
-1833536820
78308786
2003937443
-662915660
1543839626
-1891112906
1247655733
1545354167
848816628
112571270
1440756299
2121415026
-2025811266
104702311
686262963
-1900046789
-1688275888
1024290553
1344535224
-504643998
-1914348254
-5690748
-942155117
-418852715
1754774348
828881270
1240746018
-635257466
-1143378595
-534562132
-1624500777
753810890
-934884246
-1894332176
-2049821454
-1495875068
1133822826
1165451714
-50852110
-1271348926
1929512897
166589531
-795639224
1099434406
1984612122
-772481810
465270350
-1728579768
466148985
-478457808
1132804726
-231361189
-1367871857
-866813158
1325147334
170061197
-1305091760
-30909715
-900717693
511805876
386774210
-1427336842
-605080020
-446207066
-891052264
236173715
1426653610
-2074394777
-961093633
84934645
1127936964
-2056664183
1662964534
-541719513
-2112443944
1402299344
1542330468
300762574
-1743024441
-906534380
-29367259
-593255887
-1764236239
-469382805
1675677285
-801331717
7645922
267220870
-867847695
-285362369
-785178997
403933275
1532522827
780426173
-1600538444
81186820
579581117
-1536942237
2004479729
-707490074
103019952
266198806
81207379
8504342
280324925
-109413455
-1890949599
1662829047
784051204
-714131123
-1845085240
-720312025
1160321340
-2024649021
-816303601
-618615397
-1659279604
688548206
-1514790514
-733459960
-978069992
-464770763
860328032
1720567172
956232285
564451528
-709673193
521744237
976284481
-364779992
-1811672848
1496987017
-651896603
2123947885
771212103
850294894
-1471249730
1007417283
-901961652
-624016860
906722147
-1562158923
1666111735
209421064
-2000050777
-726416467
737317433
1242118386
-731351318
768559035
-1338723981
755999898
263948972
-1562046571
-1455782869
478409015
-2140513438
-1967027234
2025676540
934294120
1523725452
863010219
1739304910
-1760371624
541897223
-1776900798
-510886073
-352642532
-108109665
904993060
2132088193
1563010654
972444648
-2126214835
1026012669
-1256977856
-320813747
921105081
1701684950
2145543802
-2070146967
1957857066
-1842481351
874392261
-859791211
1121504552
-1423591148
1737121659
1151443905
167328841
-2076335603
-1979423362
999659143
1179572658
-465287243
-1395240871
-46989955
-1652778787
-1735169283
-1999487322
814669770
-424115045
-33945880
-1189063506
944756475
-1567493028
648812162
1662991702
-348010473
1083134382
-879475184
-816753352
-1018979856
-1717292541
1148388232
-1169234928
-1809220420
1867040950
1224319555
-245888935
-1027369245
67630416
-1530427920
-1700316873
-1495127271
65630726
-333805365
-263224681
1865255855
-1250826618
-1369239281
864018324
1144614694
-1756699918
1644136873
-675850468
513833477
792790828
141177389
-536101165
1936593388
1969674836
1063221773
-832616394
2146029032
1175393934
2033343239
1669282819
725161991
-147231480
2145871583
2045282264
-1904159697
775489083
990280782
294978074
-1267064789
-2129902992
715020090
-335640552
-720731898
810647173
-638291930
-88909201
-1717497444
1128063216
353296107
581524399
153060973
-1297124604
1156396200
422843710
-550561100
-875558285
-1977581322
794535548
-397493577
-108345581
-71174560
-342818264
-1293353119
795093220
-1932860911
715005441
-2087334131
-78052783
717744847
-579405648
412399524
273992374
-1978873048
880450020
-741714455
-346286814
338492138
1610707135
1549557267
320941917
-1865352233
-469191568
-2035476069
-1466618580
1581727129
-1751078112
1009806935
1600644051
-1851077389
-1296172270
1906426568
328047066
-1117175239
342649349
-893168721
-1526108396
-1147886846
576958172
-62599451
1772601564
-150656229
535116160
133711724
-1119613278
-971362114
-1764485883
576313024
686432933
1797822466
-916043765
199196531
1742373633
-593983083
518084454
1640768760
-1418301716
681271465
13225729
1788456126
-728241092
-377617364
-1308101377
112958592
-1642157780
254484283
-1123939550
683461083
-1581074850
867429592
-1160854928
-858788064
-1312137948
-1427272999
1655227667
823409003
-1202678278
-1684273117
536246912
-1169415180
1805509463
1115922968
1556572635
-1110035292
-152202076
1212933453
1624956570
1855745515
-1005210228
161981824
542749544
-1868002864
-316134026
1089470664
-1012439221
-614968759
1502073679
-2003836402
-1588797176
638495436
5536140
1098954427
104957125
-2081218779
1455240815
267406258
-1778548752
1243286410
871918728
355665281
2097835872
-309022228
-761964674
-2136676398
-998915143
-1786916721
2010325263
-464576473
215648275
-573272612
1508229716
-984676410
-85037347
1665846645
-841927351
777441521
-136820481
1683047050
-1995982196
460280666
1129597759
-1055861910
-763349147
-1666864171
118277605
1885217373
382070790
-1329159345
1473524384
-1273213008
852697619
1962217726
886553770
-515815152
1989952355
688368601
1555015467
-268486117
1649010952
913178442
-1633339942
-1799622092
1148951180
1461942050
1776024554
-1011330154
1959662973
-684542259
780580131
-187228245
8635692
-725962810
2100170062
-1810647906
1473671857
730475340
529660373
-349269970
1030058289
696105814
68454827
-1289835579
-962344349
991381187
975654761
-315357752
1214132047
-477780779
1243793849
-976688080
1034465624
-1413088288
1736535543
170187865
2113963901
1492113214
-1074906860
839715866
-512859173
-178771835
103869118
-2136215531
-214295179
-901339141
1006653117
1094341455
-980897225
-1011070903
996489376
1734988802
-699800264
1149284719
232723864
-1153836622
1080753471
-912787720
1462057123
1625118845
-275224696
-257884818
-110213908
-1058474569
19940040
1202733839
1138317937
677798326
-157018515
1984036800
-148182810
-1797063959
1822964265
-1189490623
-473346855
56430127
57913777
-1248501599
-469525738
-749451163
1597735105
1734003188
829374028
-965268159
1094761316
1688377156
567233263
1387308894
-780609935
619226565
-238899872
754320790
726400088
181294155
-2019256757
-2006517353
90008094
262911488
-908277423
-1269404752
151918757
1827978321
-409751066
-705939476
-760596943
141724712
-1818729861
209528929
322319399
-1147112864
-578493986
-1816674103
1624796438
2139040629
-552637727
1905897297
-1490508037
-1138199941
-1858239942
151713457
494859712
1368918865
-1458043223
-231135876
854573574
-1262568426
-1815240865
-1063375176
104527908
-1270421030
1898130590
-1186744399
265331566
448384152
115875484
-745738486
1835891129
-1691390364
52352685
-253869804
1442192158
-509416992
-890800480
-719618718
962595326
-1817732108
2084422248
-1200995940
-807166137
-791462723
-2038368258
53460371
1034059508
-822340667
1271316870
-182573930
-1734192934
1957280629
-110582352
1083662339
-1229733472
-150329401
860723809
2045761312
-1680207858
396616767
828874129
662003755
541567627
1947843867
-1812498314
550219439
591962336
-1360836663
-408481566
863032088
-1766068670
-31392104
-1465062167
-195977335
-649535602
-857087054
-2110665530
-1669397011
-1265755691
-1361322166
-1487175938
1989329740
744228123
2090290449
-202485051
-60625825
1692704604
1298230509
631819425
1720266597
-874054705
1571859180
-74219187
1111220023
1954345581
924906102
-2017903905
591666074
177587124
2071822530
274320428
-927094060
-1030703960
493939339
-1309919637
-251504511
1326901018
490948866
-1586821864
-1662259802
-746327508
-904281594
-1330641894
-239790586
1612775187
1068097425
726840359
611501748
795766302
1082550901
-1949359769
-1750795799
1156859896
2102574153
217120855
1542902807
1725038377
-595280739
81343728
-1238137282
-1479916062
-332595852
-206428153
-688488067
-804258823
-2101368077
-1836478730
435343339
602241329
-598719915
755796348
-2078890329
275756991
-1839381471
-2058536479
-1098021587
-1389157623
1952994719
696728413
-101419541
1271402160
174753159
-481649990
1312375827
1269897680
-553932804
63649080
-1177109838
1713242758
1090452920
881631664
-1817362175
-1190548046
454466183
-327088133
1725458427
449472253
-1656602887
708020884
-321438417
186096925
-1977247406
-235067781
1768322775
-856121769
12394949
-976409252
-1714893528
2051283269
67634657
-1191395856
-668265237
-577739303
-274671797
1748426403
-124326068
2129713825
-1851395667
1643454071
-926932239
48017996
317574126
-106242009
1545990734
-178240148
-309155677
79147919
1539506999
-1769890691
1654938052
786129226
823897014
-1278370267
-1853486174
-496202595
-249317346
244538813
560548632
-918745197
-1854800289
44518927
1723251457
-1406831256
-221687140
-555721631
-699912983
-1830602966
1013166330
-1289930830
643764486
42704541
-1931104069
-809482173
-1669500568
-1064340641
632132746
611654488
385281135
-1586899380
2089978903
1878673215
1953653374
1456926499
1952316134
1691814801
434916077
-2146086807
-695084956
-1483460169
-1135287228
696202637
-693338821
-1098649169
-320556123
-1913192628
1229681126
-1717772528
-1711995000
242520662
-2053893497
1856512587
416379310
-1732805583
-429777928
-213679565
-355308465
-402914723
808023583
-147062338
1214291605
1473216441
-243675258
2127435276
1115911245
1006810149
1273486890
2040838313
-1500185381
-1887507865
-1962321518
1363204622
-1696578193
682432594
-194117085
-871958419
1972281973
-1150526172
1330727346
835247790
-1667523503
-1467514320
-1704627877
-2021797964
1154380620
-1217437252
718418064
-365190684
-768381239
1123702828
1049508212
564629222
226388923
1799824223
-1227084183
138263469
-1436328358
2011419736
-618079001
1077591221
42515220
-1807763679
1779552655
920820363
-360514879
1870222571
-348612225
-644539758
294104603
1711797370
-906476313
-1059631101
343528557
-1177404225
-1269301540
1635170613
-388470391
-499524154
-1813066132
-76911330
1328766718
868115410
354014449
895163673
-698714998
1951897797
-2061001302
1392701161
-1816353843
2026510277
523260551
-1205701891
-106556609
-1774258404
41675331
1909996277
1014350948
-1533957024
-1311464520
285004900
331575613
-11170093
1647665774
-2114114601
-1761522431
-2017027060
-1641496460
1305058326
-1246979059
653222614
52881779
-602919511
-992258280
-544720809
-1668443393
-1117992291
-1373352534
-1330504844
-1381063120
-1943901561
163740622
-1879971212
2133290609
-1302562103
1588299526
-1342779677
-193240681
-156760301
-1570990465
1560347576
-1693788875
-2086115796
245365381
-1922278983
1815033134
-1887211790
1623283512
523509278
1456181130
-1954711137
1791837823
-1065597068
-1707505267
92123469
-1747671747
-75100988
711463429
449280443
519765955
2083801844
1820484835
2092821841
1369100677
-1197056916
566965261
-766331039
-566129649
-441039108
-457111182
1930546863
1743821113
-443456516
543045214
-1747987405
1043319961
1752229556
1670898703
-1323754980
-632227783
669639934
-1184556665
1759221528
-2146723703
1117963818
-1462777181
1000753618
-1500329066
-1296679903
1847542892
-1568878404
-1028192388
1927949004
793545388
-1863960050
2110276633
-1738333770
-2014938428
-271953907
520391683
-974959633
76859324
-1658788464
-374724421
1697511987
-1849285733
-156571969
-545006046
-518575284
-1660474887
-1155190242
-633804501
827897524
-1438326830
98663881
1544664529
-826475139
1863769244
-994980607
511541323
617170293
-2091224934
2077702630
11818366
-1139793275
1361665138
-1351805050
-23845197
938906201
-338956803
1507176470
-1366367094
1379708485
-1360030114
1933452158
141219117
-666560666
711478613
2074290714
-185230905
1344569608
-1403759147
-15155266
601724727
-130745017
1222588371
934476539
-1746094592
-780210184
895091552
-779184992
773500292
-33305655
-1456721671
-1067719805
2023509618
-32178778
-880692450
1656180864
-1351057285
-173823394
-439349984
2059830978
998434635
-1306779002
-1701477569
-314448831
-1171823945
1697263773
173193203
-1534726517
-143598030
250717552
-1029494
1287704518
-1553390715
622380735
-1496888590
218898420
-812211010
-910654431
949786328
-1752990088
339243369
-1474259420
508326897
1550630874
-1708143875
2073815992
1541733270
-762399802
-511046503
809765324
-708629610
1562363738
-1667966481
767050041
556773447
-1635383391
932301184
-1988632865
-1791640610
45500505
-188875255
-655574515
826244864
77099772
-424320195
69584166
-2086070632
1941127678
2139128243
-1743289216
-332135702
-1698567086
202841633
-1808625777
-1571652632
821724466
-367978550
-646021054
-1629276476
250876959
-488490443
728364204
-1855229754
-1853380313
613742111
-228161817
459690847
-923274906
1187198385
-1603150027
-1239546499
761204686
-1697923083
370885735
-1980498400
-1155875286
1396039558
-1247326591
-1908184020
2129328735
1864122503
-672555106
274843521
-1443380235
-1768736299
495372049
468639560
-164188715
1938683264
231649997
-1612252785
737232980
-2096550794
-1400745210
-671164392
-172382353
-1015453311
534598679
-772098450
1630177624
585500531
1114051238
-2010213064
-1264262863
-1342611810
-1902367227
1046963921
-317404650
-1730030199
1471438043
-1436421865
-823908767
677824737
-1059166205
502102146
182546216
-1605402962
-2054787149
-467302280
1598388234
-412510010
-136782112
1578069216
-1368708309
341817989
-789139231
178073845
-596082308
1952994749
-1636438702
-2082392228
-2090321089
-2132815125
-49054149
-463814793
-1780998966
2019592364
120177776
-587928581
1157084042
-501336465
-1462661574
-1143529793
-1724913846
-59640214
298406966
-2034319913
1474026421
81713873
-2003246979
914863585
-17832423
-408507835
556123140
-972403298
-906781843
1787391882
-1655751098
-1446371644
377502357
2025967741
1047427871
22759441
-641403165
821780548
-452834565
1411394723
-1331239199
-2011209529
1184610607
1918063750
-248865971
1084729182
-1550637914
1987461774
-768499100
351181002
-2073837888
1266111335
-1904837789
-286363543
201692278
1181612522
1834335818
5326501
662472129
-1595020111
-275022878
1440123565
-984297668
401021165
1551374849
-534125721
-1607726585
-602837386
1932537868
-577590363
2146420207
-381626077
-1118885954
-2103280234
73998795
-487654565
-1956862425
-679706242
-1824586200
-1290961428
-141491978
313947049
1242490408
1712130331
-821738502
-1787849315
1691757222
2033335035
782207717
-850854258
1340386206
-132960510
767865683
464387862
758307788
548235992
-1713067254
-577598427
1702660754
-1406319502
-1954095485
1723393333
-2010423266
2055017823
1137740713
1190062530
1076525004
-112996511
282524895
1103548921
560905416
-916470209
-72617912
-1185530193
295038199
-1989950759
1295167297
-708717420
-1212652009
1164555133
-625960398
-854927704
-1029168860
1844415864
-520868730
1811379180
-1550221315
-978832402
-1726366473
1766177885
735629639
-361531410
-995787250
1524920605
150580881
-984775232
337543914
149693427
-2112120647
-1455991935
1808714815
-1228514827
-592349555
1864295665
-771186271
664249731
368040372
-1243121525
-242107646
719121271
-236966449
924774870
98107001
1618691994
-262851110
200217851
899929668
1401242713
1423932376
-810653802
-1876139248
-1343268424
-811166033
-547501360
1350176375
211347333
1408658000
-191028563
-1085128247
-676454703
-2070034918
141729442
230114574
1790611100
-1204943488
-1679460502
482839115
487278543
-1241409816
589706777
741337348
-2122658706
-622228266
-1727276943
1787268610
2008038925
-1614766775
89024115
-82533546
-1417773181
1998861157
-1520644807
249885853
-827900451
2021291857
657789698
-1944710268
-988736363
1333162082
209926286
-1847803762
280969476
-960912008
2075941804
445881364
-1395877612
71622568
-231674096
2064999309
-862799559
358609691
-26600598
2015837967
1765907873
-1078283723
1121164723
-738467050
1807424169
621244153
-285952311
1193314947
-2050430829
-1351504213
-426770370
-844034842
1543190134
-296094794
1261124204
-1950313217
-1813448587
-1645624880
-1157797940
-1900495999
1080714547
-2019475365
-1722627705
-1521939942
1106859654
1613897486
760975693
-123917649
-1142259350
1175560404
2119392358
271599340
586004791
912650483
205310982
1241013243
-2056080874
1100031601
-330445084
1795982994
376633009
-1344366158
1289646093
-577402061
1039729961
-1208127387
-277528844
403185327
1002948428
507347873
229221582
-342052117
-284894713
-1422785462
1078311708
2096155622
2096846873
615481785
345405321
502931706
808721417
2068919963
-881704715
1412697697
192654682
2064367641
1701528017
-42722566
-1321382660
756130617
1361316781
-1185245619
-1709320956
-1901050749
1360158734
-1189047604
1295540127
-2112735769
375730820
-1680555941
-1140201148
1161690846
-1937754116
-1909658862
-617061848
125223630
1691391826
187310657
-1825250569
-946443854
1927515946
573164468
-1484785472
-984666374
1038165248
1608394551
-464372688
-440616273
-1810222724
1984759388
-539318270
1200302298
947543562
-1667515269
-1184406858
1451008806
363063210
-1235514631
1155854208
1333555396
-125551868
-2089153075
-143983997
-805789554
965590462
170748992
558707774
-1691766418
297031954
-1016311309
-1365643194
-1199448831
-1810916966
-1124207578
-547914955
-705435530
1876850798
1378789174
2020367330
-111435844
366354800
-2114336665
-1808927791
-196059428
-1872344347
2135031780
-380357907
1330400674
372437576
1505566467
2143834740
-224841341
-240348582
-1932976436
-139474126
1327364538
-173201795
-1598815557
-814482703
758540723
512855874
-1554471995
1016737071
913343917
-961795008
445556632
-398001391
1319216538
-1519993049
-972281817
511915672
-1954590135
-1489572844
1664864101
503829778
503730374
451537702
74607440
1220119762
-2135130112
469843792
169557552
39066146
1333816492
52659824
-2011001056
1313890168
191086441
-901663072
-1067827507
1729090792
-717493979
457333964
1141662845
-99943718
-1637436994
1661579397
1873557331
-966278148
385256684
147755283
-69875760
-1741149575
-2058036899
1880735696
-1026470499
32531562
-475632095
-473044045
299306375
2057792397
-316597688
-143891925
-1516430391
1370213428
-414778679
1790146861
176717457
304213887
-1025062235
-1745811824
-2039515971
-889170739
-317812405
-264996712
-59579163
1007775343
-1290775746
-684629041
-1353631587
518657438
1015982324
1012701723
871704571
-834745937
-1115594751
-723837171
-517523114
233909892
-293565836
-1417966218
712046929
-36536763
94806145
2120729152
2007838487
-1750146480
742430815
-825892742
-1867476761
-100604051
-1081272205
-1436745036
-1054163758
451641670
-348510290
-1279054452
-1802012221
-166964971
1566769202
937383816
-518748992
1923031967
-607786949
-1058825689
-1167036818
-377038240
1795437884
1821433906
-1995748134
-1688259577
-247669432
-959011497
-1704311434
-2130827228
-680248653
1341561591
267072353
-1811756513
524412409
2138916414
-1827279382
343598955
-966276643
-1327633548
-220400810
-74984196
-1501309483
881941138
167214049
-58843146
1715466917
-696487656
-1734657790
1703089574
-1854268087
-1319344867
595346675
1231443637
-1323774953
-1673253465
1130235504
2107959706
-807534043
-199779268
-202896194
-1268350896
1909306599
-593101896
2048796654
-635640503
-1243453411
1288652897
185287010
-1669807199
1611998187
-1673767624
-702367600
-874103145
-2106840759
-1193053551
-455849978
83299384
-1458173795
1545103846
235583149
-1824061604
-171114843
1400890087
957208913
-691835690
-1005012070
1462470100
1271179360
504117222
-255657838
-1532662001
1557949937
405426674
87392037
872859628
1462128648
-598963851
-1984002221
1906219212
-389235944
1793623095
-98398300
-513070999
-485068600
1203511486
78713745
1928952946
-1635434759
-486606076
1065600034
-379334822
1467654920
1893402729
-1612306728
-43970708
426564944
876510954
660455116
-2082161886
-967100174
1149795219
917054487
1005563575
769166295
1203051570
999206260
388478715
1458516726
1136984141
1354338340
332725605
-91091246
-2056821419
1634638353
-1589534354
1434600518
380457498
1406134838
711529244
-1731607164
-2113960574
637094717
-1146486052
1130817370
-1158144907
850728041
-804849004
113608375
1264329499
-2078034762
-2035354631
-1234795922
226526537
598625341
-1018658787
1641975097
1109987896
1228863453
-804301749
-1822319617
363300727
-1639992552
-646098922
-996117415
1240192802
361428026
892686511
873602898
-929686188
512190143
-1703451273
639321198
472774873
-648386570
-691324459
1411494125
-240501976
-223139359
-955856824
1740279632
-1230036081
-1721065377
1889839807
906367772
-1936156240
-1521312628
-1833001944
1463000285
801708843
928037480
1312161606
1280678509
621629596
1837630646
316505799
-899897482
-1217430073
-182553818
-1592517995
-662326732
-1093320430
1817814709
91436652
587147391
779441715
1839237204
875986348
1548054792
1624920105
1688579527
-1658998673
2029466850
-1996325265
-992433968
1408609758
1860582724
-1669566097
159032460
1861701568
1630661005
610456116
-426445541
134212435
-2071690873
1376878948
-187269754
-107967649
-933435409
1402548588
-1018753059
1774073735
2028106036
-2104102916
-686937184
2098126049
-1604787585
-1453305162
-1652769184
-152851511
1009179891
903363361
1969212068
97189618
801192245
-243046941
-1533273840
1025580989
-739109074
1537816879
-1670293565
-1677165619
-1424316913
1589151356
1271221249
557260763
-8722283
366687095
1102969362
-2069853242
1601894798
761724473
100394857
1356870637
832935067
135909564
-1389110521
1606042561
515630902
-553429109
1392099361
609056149
1078390262
568643512
-1434153216
-1142287433
-846536175
1022050323
1380802600
1362065092
470121251
-701001320
1877609916
1699910968
-337114835
-2064958679
1688602400
1451587652
545958623
-609782660
509754079
1369483748
-1327094759
2094539862
-1116783921
1974267952
284563631
1594031609
2107833971
-1963136527
-625102996
-1377402406
689825696
1651204215
-1597709991
163304854
-599200414
-447978840
-1534789314
-1280727257
-1227812577
-1863549604
2107574121
1554354002
-889028099
-1705335576
1797213613
1575266147
1713902209
770614264
717023149
-1496103396
-1078336392
583476130
1798648666
1603737578
1953525529
1519886519
-1562985031
1335756378
-1946205333
-1026563493
-1438140439
1760535242
1720529636
984335831
-1580189596
1109264483
-130696110
1263760301
-1926181755
-720475834
2000282366
-1054780948
-1416487351
127974149
-1018899442
-2136717370
-693980583
-2017380780
-1551172053
-330684833
1640235591
-2048549377
-1127186589
1913080551
-931629288
849576223
701369679
1343081962
2119698434
1697377416
-1371948168
-839396378
-353795722
-62111867
-248822794
1642976029
-719669153
-648341561
1290384986
-393551188
-1930285652
1869842585
-89476915
-137468195
314107404
-389017256
2125039480
-1165250888
1770224120
-1422260446
-1367409113
-809675041
-1947360778
1385784781
-821528536
-1725200997
-45366502
150748187
-1833450887
-1003400143
1405763536
-450091221
320003105
-950077062
19566809
-816082639
-1161994018
-2055501390
-62231917
1843111785
-556041729
1262641039
765555324
359086920
154696083
1315275413
-660190984
1755185908
-1634106429
-1558208856
-472650926
-1408307978
809953916
255156450
1427419648
1055357742
-614654128
250564007
-1729597654
-1085712121
908091294
-141401099
-68193939
866558186
1906081519
611262976
-388206885
-476543753
646738851
486784765
208378950
296439538
1176209868
1294446142
102593726
1876290427
-2083757991
956546942
458749271
1359115394
1408242806
-1627688834
-747024081
