-296553343
-1192133897
-2127245138
700091296
1064621159
427790331
-1016240461
-744723278
-1555919771
-380290188
-1792447941
1141211798
-661788033
-1229557591
-1877476205
-201525697
784994059
199234923
-1591592638
303472076
-1886382189
-264397534
-2080229998
-788635723
-1224141825
1425326370
1204548687
-1854270143
589277683
-570168766
-265596466
931307579
-224523658
2011504559
-1849283536
-2031343644
1216552403
1450217213
694307816
-1625247445
119802307
-1579744898
1231212665
-974158309
2019390923
457036503
-131521148
-1968758636
-26594845
420166864
1747043329
-1143567299
1512776536
747310186
-1073396788
-1100057671
-1173971982
-1400826826
-346390173
197741848
1313046361
-205525020
1489951726
681925007
-551101772
-449843942
-507129985
1888644203
207671954
-786748026
-1798213735
-218059453
-826275059
391206454
1205437942
675072365
1257303596
1476812838
919558532
-126269262
1619031177
125132314
1428709809
-456394427
-374320077
797526958
-1422235160
-989747472
-1054557739
-732218966
825747802
-1667657329
676458519
494300059
808686337
1482512066
-2028824253
1002977950
-1568775711
-1675541795
137715500
1009439102
941860240
545537315
-899990197
500635137
779801336
-364526796
376293674
-1141156994
-1157685924
54241219
-813228796
1467579059
1310268312
1733855371
-2120529747
-626455851
-628687444
-640733309
-1630704465
-1440352281
-841738630
242111312
-1923554378
-327736753
-1239892530
1964206842
-1281810899
1810641829
759680671
1741326562
725685288
1807480014
-1965079148
454848755
-897748604
677998921
-702168119
-1972675049
-1077223348
84376520
1165425106
1934764781
-1241770658
811034626
1321025279
33608120
-545160371
2134445511
2052511969
13399962
213833609
1387227476
545896205
-1915193599
525903293
807300328
1385211679
-1641996960
1982260600
-1617176681
125388033
-192409566
-383834610
1735796061
1522150253
-384987941
1414765760
582085749
584919216
392231104
-1554878182
-613467157
1242659759
799437657
-1929188452
-147992720
1295408431
133587060
1641310876
-1426051987
-936486576
1006050652
1022181738
-164955047
1951415642
557864267
-1018829387
-72402865
-271409733
1312467228
863964972
-2079131174
-950323120
220569156
-1794658968
-1851390701
-844384541
-1323759358
789698568
-1346609170
-721840652
779511253
1445207325
36342479
1645687740
-1768827346
-200879672
-353096093
1064323950
513913959
-1214035678
1238848173
-1120116545
1467937523
-2090527397
560690015
-2123505752
-844121387
-955533531
-1590885013
-1525877654
-1025966763
-404922542
-666680872
1511612370
1514859761
-2045663557
1666664921
-721499202
-450391662
1247109220
1303443482
-614767649
-421401601
1354164701
-1136725155
1334884031
-1815651178
1096588778
1165284933
-1047321850
-2010365640
-1721938586
-1673297806
1777095928
317718149
-1725111709
1276961997
-1339451327
-392435639
814584214
557181220
842465780
1621343541
605568498
-1068619016
716486353
1669704145
-2072710510
1030667670
-1855729210
166921905
2105972443
-561105564
-1499681096
705316326
39534817
-417753988
295214466
-214056009
199543305
1632038014
-579518147
2064281233
177441264
-2096117343
-2106056766
660372027
-131638389
67025675
-1669520020
380605005
-1247194993
-1881371549
-857530078
-1797570590
1136834323
1576993955
-1443529581
-581732724
-3385998
-825999822
671265987
-1682932600
-1606745994
367193137
-45918521
-120544718
-843255886
1240015124
-1985116980
1897495738
766342190
1690856053
1930250077
109418520
-1531251383
-1612229084
-1669714204
-1434004419
-806004773
1025356930
1522993521
2006245770
-583453799
-293458930
-1106202438
-1279094651
1548647101
776270400
-1218628510
-1003755318
-1906870298
-1891844715
-2004032387
-1883620545
2073511484
1267221739
-789381036
500867979
1852123095
-1711808498
839126373
110537927
-1080795551
-233300590
-1042015572
71699830
1794009593
-890281502
-1652591576
1326165682
332911194
1192092569
-42169704
2126475944
-921313732
-89089776
1358828421
1409904198
1697504506
-1414730953
1796777349
-997553614
893183604
-807124568
-1538304835
-214319363
347157814
861649913
-1801514073
-857972584
1195146969
-1274696623
1691933716
-202167034
-1914114391
1544529725
-1819876236
-1763896749
-1498372473
1566653636
-627481259
25944004
563210769
-417026376
-606358743
-113879473
689461247
1911830606
-1829064629
-1489613747
418764239
-1243890959
-1057891516
1878579309
-104066652
-536353710
-1773896375
651278316
-806240661
-101113405
-1816347384
-1360894974
437055039
-1969097531
-1262315101
123243167
-2045890802
-532841249
-2030497284
-1253122474
1303268732
-786150736
1760558131
1658220953
-2125798905
397594695
429740396
-1067577049
-686027669
1253442226
1681453525
1326469569
260047175
1040711892
-1539169049
-1088928477
1002393088
-951069828
1009146347
927468082
-310970652
1182046898
-898306881
-610554767
-1476144238
1233501266
-704384295
-1597634887
-1659056742
1709107167
-47819636
1134337321
1887429984
896009104
525579914
-1626168742
1047535941
-331458897
-274270295
-1715299369
-1677669625
1645577507
1503676137
805919180
-1861443736
-1200345013
-589032011
1621898748
1484641293
349786380
-1065325975
-751841800
-562686039
-1592484051
-1093249260
1067691149
-1154224038
770546145
-1730307970
-218458498
-1350230958
1104807333
643080556
944664178
845928634
-130157748
-925919710
568976431
1503081170
448570455
901577768
-1008639224
-1649621156
516087946
-274783663
-1062734956
-1570466758
-756510533
1562739960
1436812448
392020054
1129362156
-1782467955
1569935206
-207782463
-1089733732
-620268465
-271824130
420964894
-1812744103
1960853338
22995732
-642707135
2142750618
-1332334108
1325229530
-903317998
-2060207669
138092739
-1481515712
-748698185
-1446219864
-1389070030
-1343010974
-166815503
-1999058483
-1912800557
1441882690
-906270778
-265470578
1891208695
1512373942
1592136544
839607044
1649326621
-1650585949
-461985227
859033704
-931626823
-379067797
-569259417
-1192634717
624861237
-621852253
-911849876
798880549
-1757707460
-941782263
194899953
955058933
1825333301
731277237
-799691525
1139786504
-1935323891
1756798349
-216057009
1454803415
-592688327
-321676034
236013076
-393992661
1286246395
-1684773400
-1290751562
857857850
1569950947
-1958297639
-1345830388
63279607
1276476568
-1080868483
-1041105220
-1296873562
-702580776
-1843012779
-1985480226
961094062
-1824172356
-1270359641
-89629473
700296882
933880384
851677621
1439883175
-1345979167
-862184958
641281585
2145652222
1859779981
-375614902
-259043601
-1412104405
-1893528070
-2142491062
1000435676
-57908258
780777848
-1642743130
-1191621842
1425542735
-1525348172
595078197
-1249924388
-982230874
471790154
1659864841
1910791505
1138298269
872857757
-1395215956
1346650459
-421939357
1162051819
1383905452
-191914647
534870211
-314191973
-1253292454
-1901971979
913364101
1589220825
-1618193714
2116147006
126224148
2091748452
-953331667
542066235
419354208
1513068454
-662284499
-633287477
-429065211
-649441020
1662654425
-977480400
-926642772
-163491465
632525457
-279033666
2128480177
-1011936933
1839652181
-384588337
-1875124730
1124102535
-150832830
-542834439
270382934
2012692893
759299163
603743619
-1695959443
1184782242
232461196
-1532016364
1435923926
-1632695088
-1140186900
-1862334804
-1270441531
118567850
265550402
-411986728
1961958455
-182723759
-712602678
377678625
-1962952873
1053717526
-681942215
-654128443
1400836643
-90232497
879978237
-793125207
-720202929
-336296850
-2019607096
-64199027
-1248330135
774745423
1226058319
1593827713
-8044739
-1166156848
22765390
585919383
2093811578
202690214
-323088432
544850649
-356703595
56056686
-1237532756
1582507901
1410573293
159935490
-611542958
1526500183
-1833544913
-1150026482
17745351
1114031246
457833211
1085469154
695345133
-561530990
1755151815
926405000
418358280
-1426674611
1840698627
1564590361
-1676246403
-153337192
-1852940674
399789900
1847903451
562608624
-1318642681
-1633163953
-818556897
1677361256
880331095
292548825
-1084209357
533347553
931851310
1922112384
1299255736
-1584347015
2137932475
2050171719
2122943236
-1389442239
406074432
1061103739
1405295982
-56299470
316286966
-1147894594
744148424
1101456480
-1642535379
1925939043
-905217236
-704473745
258369463
-797019395
711317243
1788371782
1228584838
-779667406
392255779
-147310333
428788372
-198710828
592557215
1786954030
-1449758206
1257461297
-585068477
254617904
1143262084
-2034585174
-1855748167
-285661179
-1791175685
1376476802
1340258502
1117404208
-112852893
-165618184
463757522
64771311
-2022244113
-757317994
-640266586
1005542064
-1484320143
714316747
2050370678
-1644279101
1222148607
1688306359
-299506142
1299176016
794117843
-1882894266
1386852280
1922684042
1516295795
1155718272
2036428861
126855204
-892299503
1421936414
90674349
1413994499
955443
-45352609
656117567
484131638
1889556886
-438750948
-1249999124
-111380446
830871631
1396222234
-919798990
-1946908927
-2138801612
-180374881
-328703979
-489289843
699254649
1160729671
-1991248282
-814856713
-559594851
-1608433129
462971975
373803806
-933110138
1740882642
839242221
1116779517
-2132561173
1600001675
-438006105
-2140500892
2074202865
-392416645
-940015073
22061290
-676566504
2084169236
-1961103904
557644833
-270974120
-611140267
-515226856
1224966923
1779375751
-1298320288
140251294
-1780620083
1495693309
992809033
-1534767819
-962965086
1931257465
-2084441808
2146927122
797584658
-1044352186
853832081
488479131
1315778402
1288540313
2103797465
1140807281
-1972852146
1809748541
-554166467
-1615415632
820110581
-84718479
1658419399
1858193269
-2113027308
-3949296
-1430008399
1285532832
-1099486346
922084082
-1232129546
1288691930
1960894891
-254859374
-606802395
1530327513
-1795242249
-211796240
-1678466185
-61063966
47036045
1052025273
-1523079900
-1121423473
-15699715
1820132772
1790972657
-1912287022
-689222935
2050914334
1404471565
-726165959
100635391
-2121924824
-1778222819
-1554396813
-1761418462
-1086659456
-1056538475
1837597202
-706883350
1076367102
-1164226487
-5015663
-954158769
662113857
1092155715
-476893287
-1168874592
1113439370
-1041780010
-1071035265
1251497913
350853863
-1441894925
1749532689
1247691636
-1126020205
113691067
-138680686
791100255
-1821454692
-326943404
-1577923070
1345135279
-490773306
1414367999
1023684002
-1709267339
-55034705
-282013590
1979109814
-1715259377
-1867035085
1724106818
1324973964
46119648
-78510063
102568204
-1435003459
638310723
160281550
1355058485
1453386930
1613968572
64992217
1792159847
812694377
293397872
-361693201
-946090467
1941406841
-1798898474
1576174528
-1873232519
1399344979
1015742383
1694909395
-482646444
849981898
727419699
-535073626
183372695
-1070633516
-444950132
987344920
1331783368
1114220433
1865095559
-1793420021
145811687
1348663181
1448594824
-332030651
1154069627
1089920321
22324671
-1706138217
96380135
-862038561
1461651865
178398272
-494602495
-1113023665
1389675640
-1446762094
2071619300
1670532980
1264617893
-1517336874
-1462839547
-1601333325
-724155515
-326353044
-939993980
1752296628
-1041718774
1441507382
-402813756
-26041750
1149541484
-466364105
1875511357
124218449
-1003038183
-2086021770
-278610288
23224822
852113130
1954958632
698079195
50546620
1657656982
511057421
-1455050930
-173006884
-878412949
1492645401
-663852290
970409901
-760867782
689896535
438746360
-1142971099
-336087662
-1688427510
-1235934823
-1481660257
-280137167
628231701
-349425891
-671340835
-938686793
-204759908
1996343925
-769896623
477990045
-1534092054
-1068739236
389038744
-1071470492
1406348180
376973739
339479878
1362290449
-34162977
-1669794324
1286671080
-2084716840
1096663902
1576521518
167507270
-1920014570
1976293087
-15201257
-145873944
1335819140
267038088
-443925185
1866252251
470720169
-384033476
-1218062661
-1187450956
-443756656
2029800258
2130403063
596656085
-975149381
1830754344
-1550174520
1809107694
-665325993
-1898060315
-2090709312
-1484724538
-1855829584
750328893
-1293197884
1101158715
-372908058
-2027745431
1913679068
1419073927
-1189921311
901786870
-1966617526
-661134908
-2092211327
1686278893
-1394817571
-981330767
1216426010
-708479693
551657606
1467530166
-977231329
435090738
-486160085
1614487845
872275484
-1671082055
1961178299
-1325544766
1199124713
1527678240
-383561854
-1210591099
-819691236
392159152
1442123197
-270464099
1533666239
-260768703
1373827441
-2005222984
1031424066
-486786781
-918218377
-14798719
-1488556109
272674625
411610587
1672433002
-676093141
-1216865917
946814311
-1174778453
-507454069
-302166412
325967994
-1074783607
-2023203736
-1299828699
123417885
799315419
-850080701
1861105232
-1309112233
38185673
-901741571
974976703
-1831616320
-293460265
-414678135
-1306374162
-1094394285
1161273121
1692674531
2081954287
-501013624
-612964888
-842148288
-437026419
2080062370
342676556
-851974010
-1133612620
-2024738235
-1849856933
325899517
-1227641072
1963741259
282040137
-89112761
1509853683
1121661399
-2011167743
287461517
2106149499
-833771095
1963256284
-1698317061
-1338787085
17089971
1084535727
1272720493
893219961
-1338996499
-1099049205
-1630274966
-1039805983
-1340920219
-1744938049
759005520
738045145
-1458763367
1401804705
-1209178927
-384480947
1075157000
-497753459
584355741
1385370380
-2051303418
-617003346
-1670522784
-1712975445
-703645488
-482971396
-1305706001
181483177
779532255
531490308
-497677635
-1401230892
-576782464
-691814673
-1285226605
1438545898
-1967187292
-1063816516
-793131648
2127775618
763269620
-1301712945
-1355182323
1295513644
1279002152
-1362998864
-909446987
-1257386025
-462251111
2075688715
1352845459
-420275597
-976090348
1723735038
-699699875
1362190295
-41522192
338672788
-176465776
419337187
-1586885790
611496843
1785708524
1524540649
-609426161
554195293
-1395469789
-1708848056
1545769186
-707213443
-1283683636
1433159002
908114463
-967343135
1557680541
-1563210097
-303729736
1732829376
-1666656039
1362073817
-534905377
-988343140
1569124103
1164183883
-425996068
538070659
1091516388
2062807292
-540081889
736578193
-1870790502
787685169
-1736814440
709634744
-1346919632
-1428000326
696680774
849057731
-508613308
-468023396
-1675641586
219311767
-1107018248
-1705215504
497100493
149192124
667701034
-684015862
411035824
-727640293
604691943
378182620
-1733798974
1487436297
-1902172640
137414556
-1110121274
-536913533
1168467358
-1147001435
-24100282
-52559173
280287795
932952474
1343260651
-802363437
-633147599
-2094843439
724267791
-168258841
151473696
437511149
-225950576
-519879343
482592426
-1248757812
-1691522073
-180697305
-1869725222
1643478180
601182072
138226440
1273640069
-1637272472
1918289451
-260077032
786580744
-392109713
2116228666
-1823081400
187308083
-1219280297
1017417036
273436890
1616607620
-1169004505
-580516413
-1590473948
-1562291561
-572962125
1771892050
-230791277
-1755961891
1240710980
-2110480175
-1060475662
910360716
-1927498377
-1978453676
-1440395796
-1450764330
-1668751771
624748153
842276559
-998275748
55714308
1241321985
610018194
227137253
-837122356
-1265629023
-1008715239
838034762
-1325174883
-114076646
-1942739786
-401430860
-331328545
-1589742969
165378291
-1519980534
1314543083
926398197
562181774
-1418831452
-995337303
956178232
-1185330492
1017690948
2029358457
-10865924
2023850962
-147197115
-262512810
-2066399206
1190377656
2064444692
-888502216
-472414164
2021468479
2038176479
373590970
-1962724509
-2108466627
-610576755
-220874243
-1077207913
-1972178409
-846570003
448776651
-1616786785
-835626616
-1611243983
1872457983
-1995560222
1478567071
-1201388899
-1293836509
-1531387602
-1075476466
1279572602
1069235801
878592199
594632352
-1385289135
-1651401089
-1212267837
1710392075
1067973717
-107483506
-815460972
1030914536
968229920
-1775736766
-809770522
826402814
-2146834014
2136347135
226197675
1624486086
-819212459
-289522957
1016487539
-2130536149
524986293
-1145891465
-2059257856
-1122870640
1819799023
-1567943750
-852632551
492507671
-1759922728
-1669928288
-966181218
1336760352
-916895968
-1694867737
-1621940004
-2124297200
402896839
-851296117
1078008610
-1058072493
45431247
-732678036
1103836052
-1324502365
259985458
-1950659539
-1427165634
1512103049
1019436822
152976478
-572861844
2081466404
402737982
1281040604
1180655928
-751237848
1426005188
-1919555721
-1827350173
2060327465
493312261
-849504042
-884136856
-1504285159
-2000091173
249989015
224690382
-958421489
-1086679023
-1550463558
1543355837
1335548745
-387836141
-67322817
-1567745068
1826213236
-509825051
1126768908
461760313
1614181674
-1926585002
2014938900
-241164559
-649938245
-320586892
74634422
1404353904
-1816767185
-1085324222
-645469086
336492147
250418571
1932805032
-1416481918
989724174
652747347
-1102225750
-519036010
-311284480
1227417424
-761755172
-2023405151
2096993870
-2015052397
1341762325
153049027
203907598
-931360839
-244276638
1391602983
-1586593405
387186287
284323390
-2052917218
-633106326
-321402568
1647566591
-1568614772
1320089491
423329645
1453821330
-803432318
-1818352462
1819458949
316148074
-874018516
774630262
720009878
-2107477579
-444898835
-1830460453
1791699484
728034768
-406074424
-363996740
2111092216
-680019715
-1381756159
217686443
1869714618
-427903661
-1076236029
1455482628
-387022814
1108130293
1590202500
1057539903
-1063743517
-34533242
1010118630
1429360262
1549515947
-15018532
284231136
1763977607
1905790815
-1132121613
681725021
1910317194
-1702625109
-1046832349
542676388
-1404391483
-1982411591
-441673579
-131149896
-2071965457
803061567
-1006585869
1870633473
136399378
80460735
1791666782
-2074685141
-610789979
-2092792310
813087909
336950605
1104394201
269061893
1428627122
-1561637298
-1728801485
-2132915793
1836691015
2082206340
1926733402
-662287262
1658009834
-734325859
-267918030
-770981288
667445534
-1561971262
1535897384
1821438320
-1811164461
960509177
-410691377
-860891086
1707856670
2144681162
1525587628
-1272502256
1306670892
2010388005
422321997
1155932142
-1948066188
1928589186
434285216
1167919844
-969552852
824968009
-1411960191
873490242
-63153155
366264437
-1916768108
-389482028
608734713
891312499
1831638356
-1197780634
-399991348
-2125275825
-215329684
-282755446
544758065
-1426047214
-2121932219
1242170264
-66262616
-887558299
-950028577
597377269
-186186395
-17568647
-1712576028
488300952
-899499125
940534826
-1819788294
-119206966
538660761
-2127592350
21045592
-1676191188
1030543396
1662285243
-1833868900
-910171906
-773548858
1249410152
451911898
-2019507299
-494129322
1637829461
-663198216
1918443085
-636789671
666867083
515732024
-863221703
-1788965193
-1036957223
-1550156267
1185722807
-1751600463
80831664
-157782189
1537204943
-334420974
448166990
-186295215
1841651197
-1229040732
-1939903713
611905697
1480747830
-913256475
-1086866337
1480722138
-166654168
-2102811398
2044968707
2142473132
-1016024378
-1518188572
595616473
181665332
-1959051517
801865969
1747010542
1783898512
1619636444
1831602548
1553565743
1315353526
-1841337956
-899755848
-1119718574
-665043583
-238829733
1539054641
826070262
-945598452
-1801088569
1681389300
-1277643512
603898691
308078374
-879516568
715186793
969460150
1343935899
-1272509891
1715357645
858975664
-455590745
-847100515
557918950
-807384184
1943540466
-1737039966
807188928
-466051786
-2082845621
1176196359
-746354066
1755835176
294165485
-715987679
-1340477210
266860118
-1535731964
1821301775
777867049
128823188
195230575
-149042128
837665702
-1310306266
553656006
-911185195
307878368
-1554716775
1466288541
2013463607
1331831118
-266702128
867107594
1091943083
-1985687935
79679580
-1125478300
659358995
620743308
-872798703
11349325
1098326167
-1778789217
1406634965
-603930637
1481271701
-1922459147
1099632571
-1352921710
-189018155
-140777488
921462607
-1597852868
-1916020223
1957190785
2033246771
-1159371044
727444563
-1867106099
581464554
-15285128
780453520
2062105101
2057493235
1382624181
-905810636
1388879029
-1806802151
-1064406624
1306063342
-865030696
-2136829687
-1722127701
-1281831090
-167670070
1971245349
1817546996
-1142895684
1254362886
-1504832617
1490897613
-2061068372
346538066
-704792665
-719088264
1588501263
-515135200
673667153
993531954
-64051700
-1493878473
2100448786
-1520376974
1310619887
636445842
-601163262
-89563022
-1955309727
1174800520
-1839518169
1441936622
1253776089
879755052
-711964921
87367467
1968339026
247235830
-1078932866
1482427962
-276730562
159306914
1644994514
-147129731
-1106376774
2008882520
-1041222396
-516930966
1837956610
-2133444852
-1347148440
-152596594
1808714022
-270288601
1258829175
-1409841195
-1208535299
2144622438
1943123940
1792200456
-718821542
-1529566974
2078453740
1175002262
-982292355
-1000686063
-598719246
-1101174378
844687052
1670063916
-24880310
-368936180
-193879101
1173640016
-292592044
-425767830
1085679655
520579081
-151205939
-1177477542
-1378720383
360970188
935153761
586755514
-1965409590
1266563748
-1763658365
830494440
427102306
771599633
1544556673
77277502
-745357497
-424920788
474528466
20786912
388708226
-1226027505
-1552409678
546466996
883792356
-1204909709
1787706096
423780017
-1243957006
-809117799
463875334
-265292707
-1106103011
251866478
943762538
-1768009328
299411510
424689897
1216246819
1272600445
-992963552
59958200
51195806
1812281842
-624490298
-661068774
-1521282111
-1667455778
-1659882161
266770446
-1752009408
371275284
-1065396080
-1119848787
1786769456
1493454670
755549378
-1578474540
5960921
1729266803
-1378620812
186487301
608292303
-1574950372
-1569808702
635444878
477590339
2031208532
120721607
628607979
-1461534826
-575507041
-1761795505
-379355544
-210511570
610688573
443488209
1079861002
-443161203
-85460049
470340507
564250799
429939103
-383598470
-1941303217
1255498612
-895714478
-1490666454
2017676941
1369903702
485025900
425261977
-680760847
-84895973
1485715096
415410545
-568653504
1206063218
-4915007
884552430
-537698851
1123726937
1910437282
1035269352
73459329
-330860354
1015659421
-758369008
902572330
1565418601
-1661223476
211184505
1444780116
581038616
-1436010922
758915162
-546498714
177054699
1419315715
1853907473
1640026735
387159298
-551401199
1474107243
1840602385
-1807687836
-586389177
-1197755870
1259621565
1690827810
1512017227
2020083110
-1459764704
-1541504581
-691311312
-193772000
1184667100
-1454512958
-682838957
-602311757
1587813499
108863166
-278271898
1180415492
-1873693280
1093885776
-1490080307
-1650037764
-1248093570
-55432293
598834472
-1719536692
-489054322
482840543
-833151440
-1439076559
-137634436
-631290009
-22250554
1500710905
799962465
-702284123
-72768183
1483307205
-313990089
1190138778
582881575
1764679183
1004181897
1944025211
440235190
1885148014
-1112685206
-1563779951
857851204
-1206378216
-801861209
-1911783584
1623438956
2022407592
-886818241
-1108061685
-445888085
-850188254
1598339347
-580564234
1169638194
1456332339
568522969
1143836589
-1679321091
1650848444
1581171542
-1765320444
-1395906269
-642611055
-433266996
12957054
1793351792
-1372899971
297340592
1465945586
-145128912
-1975234167
-1575294048
1655296107
-732247987
1365931645
973850259
-802167472
1589090972
985133991
1941637969
2003817156
-697010061
-291030566
-561916378
-776228273
617375614
582058937
-481447726
-362783555
584711122
1459174965
1908779715
-752914362
-1270854334
-32246445
-1733541755
1925256430
1977445873
-570439374
-1389115783
-1848433874
-1089128920
-1886605492
1042434756
-2099146540
232552810
-683539460
-872602998
-238139353
-946210620
474820671
-1639737764
-139670194
879994472
2005821374
1111712238
-672639503
1156845180
-224083189
1904802573
-20891872
-1537410769
1428896299
-1483156529
1385745780
-1044801010
-781434028
1606290443
1733378931
1477697684
-1981146633
1334724107
125360696
-397033977
309719551
1888064128
407803987
-157780863
175151963
-164059211
-2044165395
1848722252
-831301190
-2053449721
1956758832
-1528036237
508032149
-103253100
-747017755
869896085
-855424142
-2142912205
208702302
2082534908
75872869
-703784285
973151637
-1113592851
-136725798
1670887430
414496405
1159197505
-1189106542
-130169201
796195096
1567300404
875832043
456091258
-458914447
1682205052
2134676067
-1876784068
-395209556
62210205
-99919266
-1906228996
1991614963
286414715
1293166375
-1298729407
110085682
-1292888528
-1128927180
1316151531
-2128107010
231173151
1982863021
2133863
-1494666830
-37129399
1022126127
2113351454
-528791589
368669919
-115340852
64173357
-110204459
-838196457
677482326
-2037031333
-1271604555
586423362
-1510817059
-1434633657
1940955241
-284620002
-10428299
-775637535
1824632606
1990719592
-351909316
-2059052773
-1543444767
2079105461
354744474
4664287
-8730744
385673602
1979787978
103052867
-1543045421
1597289609
-1546118247
191680506
-804768563
77711446
-16335250
-2015022323
741456504
-2042200296
1500563593
1382680011
-995688792
28533948
-2072474993
-1097641986
1403186479
1224020279
1994153541
-716533921
1762892858
768922659
-170480484
545578826
444132346
-901773939
-1758867475
-968136779
-98894714
378736652
-862890364
-211335330
-157835777
-993884138
2024171874
698707267
-1307304204
472769678
1507679038
-335932073
-1118626552
1250733216
-1373723699
1930615922
-1262208046
874524369
-1596077245
-1168007288
1855841796
2103514449
-223016424
-275146211
-2022736690
604072851
1823777039
1882945528
-1734567548
697362719
-150917773
1365528086
404243837
1218090406
-229868125
1759424225
1153518654
2062555734
-496457263
-491500126
-181466152
-565685136
-1242729210
1064428851
-1580177522
-1197736682
1877228136
-1137289736
2100609210
-1996195223
-1662063937
1774268174
-395240976
294530515
-2120032715
-633071931
2081540195
-1951345760
202931805
1107150412
1244354439
154519507
1128074358
333221034
-500989192
-1216527305
-1283192849
-1529770763
351627929
9497523
1986656558
-983749699
-12425984
-1652345118
823305356
-865050680
-1749871599
-1384081949
1382607268
2017843716
-230514712
-168797331
46584525
-1131333447
-1102562308
256951589
1922078948
-258885123
-877569408
-2124761805
1519755086
1719214445
-836685300
-1800474350
-1397314500
-814824167
953186684
-501745241
1166074161
-1484655168
642940440
-1266102123
1281439680
1784559164
1779628021
213008079
1074562714
1741092415
1756512410
814575726
468996808
-1928870849
1318834149
-137102909
-1033834188
1776364206
-74636497
-1790273104
-649216915
-1689670546
746681006
625298739
-2035522902
-807562108
1708710171
1361086531
796954639
-263222005
332910996
1993648095
1284864303
-187223702
-1576652861
-393875101
329451985
1723469769
-1463617986
-2092649700
-1529824265
-35729984
634695472
1666603551
1860197147
-1390320559
1192504121
1218023766
-534038597
1880794904
130665107
203734491
1413517080
1769769664
-1875659659
-1436586872
-1784927431
759684793
1563271355
-3373874
-1663533258
892825127
173610950
-1547414331
1395639218
1929886749
-1515238240
-658847099
-1454123096
721538826
-1772882588
1990160051
-170071701
-593313933
-602749476
-156634018
873147367
379649506
661090411
1774154251
-728228820
-232029154
-1920315091
-2134271986
-1827136723
1447978395
1459234652
-635799525
1664442308
-2094304461
731742453
1166848540
-2045147912
611116566
605863067
2075728452
837499010
-431798785
-1497381446
144190563
-1348874867
1335819944
1831399150
-1468604293
914929598
979982464
1106808486
-1534348140
642331251
1585957018
2012955140
-2081292340
481335374
-240137241
2050947591
-1549868367
511586036
-1144995417
730412780
-1924896558
-223646959
1086093596
-831842864
-1756581997
-2001866593
-842111359
1943409818
-262134207
-391982232
-1990413511
786346007
-2071512218
-1513169975
-836919989
-1484242843
-1977021603
5755831
2044647950
-565725291
791536680
-19455993
-917245920
-1398724980
463843968
2074487273
1713093788
-1759630295
-322982867
-523674443
1920767883
135901868
-1713255528
-1872315414
1381616538
-608198827
-343674723
2063684978
1507611917
-94021557
-514082138
1753420842
1131682804
1900692671
-2002554891
28489378
-1485431397
1226681169
1427605056
-1119097312
-1427162810
664375986
1693163650
-1026823701
-1333095395
1549305994
447813135
1835324101
820365413
990278299
1698060009
-273745224
-1633922064
-462762459
-1241005742
1154925845
-1325991466
-825425524
-1330660190
-93156679
-440202395
1394189368
-1067635366
-820248942
-90125227
960094396
208967288
-912468383
2002216512
293360953
1476492300
1932966849
-927981744
486610436
-1455236341
-1316304537
1967245369
-2112833914
-1360606622
1243945130
1857066346
-1788838813
-1791583922
385164101
-1451894914
-1933303586
-810156310
407108956
-293189896
217039996
-1999818999
-632968260
744806192
-1460471578
1245636677
-1837950361
-2086976377
-1321204461
-1280782505
799962958
1953550817
396412838
-111301719
-1609829024
877324628
-676537452
-2100405975
1412774851
2141885468
1181410057
2108654432
-1694628512
-1519059502
302062732
391609794
-1541098331
-396069155
569878112
1504759111
-1482563707
1063430696
600904749
1238579002
-208267325
2086926869
1961114336
-719427248
504722288
-1368966992
-2085857585
-1546744069
-1375430222
1572613928
1316155423
-290166784
-1489807418
-320427910
-1786175127
-1371556793
773653063
-879037586
-763616101
-1398535951
527902383
1336676295
1443580444
1355637423
-214216418
1888680629
-1033650637
224069969
-1973360038
-2135306610
-1064779607
-1020487523
-699895273
2066524605
-2062208340
-1284095390
1630116215
-268594950
-739401995
-1089561140
602538451
-725106501
1917329453
687446008
1339728827
76685801
-1126053492
911825354
-1909054917
-2112367145
-1416661565
1059534590
68849248
1148783983
1439834140
-828114307
1012752122
-1748656211
-604689442
-1584389135
155230370
-1141501103
-541114891
-936252773
-620977666
889130960
-853242670
741874019
-847142845
687237515
-1863071088
-1008330704
1946761211
-1526710974
-547025577
-169429383
-733503993
-768749877
1493457413
283675420
25748711
534716158
401061130
1224736110
-905522631
2094230771
62578067
-940029038
579340415
-1574693265
-1490479382
-159505906
-1507751643
-1490515046
-1227906020
-6055781
369087169
-101103114
2137643483
-2014926788
1202528156
154342028
-1601049946
-773820783
597592176
2012925799
-780152538
-699084180
36310899
1616239686
-1881015077
-1061200476
-425470060
-1460558196
209822967
1978884137
1602292739
-1246701445
404678025
1160949848
-2092745737
486769569
1259277022
914332817
-187224405
-1569522031
-706105564
-131866107
-1421970520
-2011076138
-281571761
-1297105708
-2012531894
-1870131164
1675637823
-749640362
2057962364
1992234449
-1941837534
-1986621768
-336739131
-1723061373
-1867415529
2091825867
-1576154232
1763522601
601222163
1717466904
-377038457
1865362990
1915600648
1816188727
122923944
1722843116
709556035
1811267680
1157242876
-1301158050
53722901
28367426
53884924
40858906
-1138949451
-209307373
1826388757
744954493
345899108
1276056808
-1524531867
1477518119
-322292014
-841866683
-1425240377
-1344122455
2073122240
1535139832
-206055923
-1048145027
496702694
1624272418
-1100981109
-927039434
-1848699626
1909441173
-194196004
-482797577
-652791904
203574885
-1665536032
-140085975
1324144632
1277061305
1625822979
886531432
-970427498
943461089
-1118496059
-225894979
2073283613
220981677
1428328053
1539014162
-466681921
1432049660
-1285537217
1164154850
-1037462561
82894483
-311472023
-2093781969
1736936951
-660306641
288504537
-1169484615
-1434143045
-1350186788
-1075651366
1580649580
1011247998
-150889593
-2068892385
585141017
-527523371
-896513838
1489652743
-1521276823
1797849465
1989956647
-575751646
2023242253
2146777201
1303421967
1713672947
-1294393030
1526721904
1896713924
930396151
-864093356
-2125597573
1739168772
173004774
1452567017
789817806
1234964519
-829448648
711419360
-817064192
1597805684
-497232150
429429233
1363527269
1814335663
615352961
1722335320
-51418957
1542719990
-1464183218
-236150844
-1930383129
-1568335156
-197491468
-925252715
264440425
-1470736266
19573543
-719357113
-37221010
-274351739
500812982
-1456394968
1402983837
-197471820
-415937078
-1341183919
2084282100
-394758413
705442927
1635131859
-1216164627
2067473347
1820753492
158126383
522108892
1955244740
831885006
1705664524
-983294822
-1199894644
-252774110
-70803165
-527013273
-1191077703
-9229565
-203931011
-517133556
2118152009
-1040860327
1126723296
1922027840
-1306763480
125133123
-1917939066
489699660
-585790198
472766303
-779602160
-717125647
-1466616454
1557016392
1507076794
-1664904311
1131399475
-591242912
-1129617714
1350122347
1098644142
740746446
-1642239651
803361172
-1542156036
-840287286
1596716589
112720514
1617171413
1561255959
-1089637651
-1930123421
1052157168
1563847633
901534383
2002718319
1962908308
-422225304
-1806875498
1344390545
-611995794
-1226056212
1491933646
-345021620
377609125
354436234
1828886204
-1311946276
-408278229
-1243893162
1929356150
-157450085
6497622
1892823882
-768569483
-1205715034
-437806674
-747935346
-1198564215
-323219008
-1654659576
1108433913
-259242740
-2117226378
333384147
1203710167
-1172573862
1774124674
1322064561
-1467899668
-1771106176
709543028
-106172855
-700969287
-608286670
-791080050
-2019816101
386117117
-573526014
-1302170896
-690666476
1454937982
-544060465
-176801036
-1549311069
-1735711480
-311215749
1237369563
-2066937589
-396291659
916424160
-149666648
488865082
-1545741713
-1213539069
1354865484
1954021979
-558488909
-1152743030
-1220788478
1665933927
1817059735
1080784747
1809261564
-512240894
-429696243
261696998
924737343
514425476
-1916655255
-1081740108
204191178
858874453
-1827939552
416520320
-1735230979
545686141
-1432721198
-415268202
-480158919
-926313862
-2082797687
-112453670
1954483139
-1804444844
306780995
-1297313030
-762257171
445794031
-1865986643
2019020263
-1226256009
1273464991
-810758863
1652141696
116028978
815905537
-21432270
-4052336
925692134
628229896
-1904215914
-1173612806
546954613
-343005098
-1928916092
893728306
-785927873
-1578179892
-1620070034
572799471
1926245576
-2121810588
1258054225
-1110397922
-632700008
-1279322563
44786235
292287257
-1508565406
-548740105
-2007604723
-408296168
1809718120
-1257785280
-922773374
-23421209
1212281117
1369757615
-537895057
-810642983
570578699
995719888
1271783756
723057916
533190903
-108753793
1343003378
356795789
-1659652030
811170169
-1267485274
-934354258
1780744081
298968367
-1880261291
1472122966
1234349232
809850845
200439585
1426374024
-2019355469
-75154981
1454431260
-2025363001
-1329666466
-1335054285
-1813349294
-1820138040
-120164666
1505308275
329207308
-1970361495
-630324169
-654716477
2050698579
609796322
-61031592
1152440633
-1402892365
-640459975
383699597
1319358315
282734656
-1527401477
-1914683492
-1072940731
835581918
1997014568
-578098286
1646517789
-1816943172
746448494
23898343
765787396
541064224
438397594
1278828512
1015546719
782595433
612684875
-125932236
1808636085
-1398028974
2144842472
936595186
-1464003639
1709681267
-963137325
-127026271
-1427329813
-740305907
-2006679586
-1363310680
199885194
997449734
-87975683
2081881328
-877740786
1571206450
990364477
1119389895
-143230236
1815985619
-294414859
-186457081
1145583066
-910506397
-765629894
1854478711
-2133403476
-397507440
2121953175
-779088272
545375197
683543175
-1395795971
-236228157
880237771
957721205
2045529848
1264596186
-1383532035
933760586
1537421347
210957084
174112959
-511670337
-684183330
1821043606
-943765519
-1336157030
311259453
389574871
1013978138
-475327696
801187907
2098721562
-1912520509
-1504181461
1755275087
402196650
1060891394
-2143572339
967798998
-981264254
1931489620
-223172876
-1290912174
-1786279117
1744886960
-205782241
-2099162759
1623959050
1132988120
651405488
1094606002
452097137
-80784911
1853943347
1663422148
-1445895275
-1169455786
966711646
1759931856
-1811909559
2020909992
-1007452774
-148165247
-1440667863
-1374630359
654327490
-1605127039
-395999486
-94795446
1447885865
-120896210
-762120847
-1281870207
101476321
-602342003
38968777
1758451552
-1810362822
1956618878
811315770
1356295651
-1373187703
78801457
-1155410130
256478729
-183968214
-1341687336
1131700470
-2132609883
-538944825
-1612182883
-14596187
-533514379
-1006741287
235497942
-1787235012
1444930163
176146798
-1191622537
-675393017
1357616747
742292013
1689980360
845198149
-42468147
862346903
-1445256873
-241987570
1116906692
-264263281
1597487
783425649
1116347782
952269595
-1491914423
-1575269668
-582360595
-393140628
-2106266302
2031387584
-99555001
-1522379749
-688288434
1728611189
-1665142423
-374045515
-302983828
1331754586
1694094858
-1900497031
1282108891
1468566336
237078861
-134596257
1704697803
-778763256
-1276739169
-2048532388
1949870424
99560586
-389435197
-1061996828
-1607541581
1464392632
1343379498
1909873584
1674968737
-561028350
1011568263
675912129
-1718970327
1586171900
1943440035
1300888739
-14798967
650290238
1739458413
1561486582
-883057559
625207180
-364489388
584376618
439085907
1566619701
1861774553
1189760649
413369441
1082277311
-2103601569
1236043386
-1818851017
-467000892
224492357
1542429699
-1562206669
-816581866
-511986634
-413995633
-493120797
-2014898391
-1815910209
-622129423
-212623945
957083058
-551234527
-451817560
-1140908297
-1287845237
1009369960
741990756
1029512950
-1055413799
-1891409733
444064456
1068301192
-696466832
479518710
-1303719310
51181744
-1664722315
1675878517
860499511
-1738233698
-722795964
1280088114
-1560264014
259612375
-1583113836
-1700455406
-308580608
368714421
373670617
542923131
-1685495612
-1909205742
357017833
1213633833
-1464103823
-1846182592
830995170
-1659731134
-2138806841
37220667
-1581301175
-461419353
-504292195
1570458913
70121334
1537021324
-461643295
33549793
-202573776
730257738
674167005
262660915
1870414995
740142963
-1626269509
-374797113
327558714
-1954886105
1144513099
1195857601
-477420135
-1378951771
2003136002
659671395
378368426
346714404
-824035771
-518758389
1444453835
-267077405
-996875801
1629215584
1819072998
345162111
862827248
707265224
1097009362
-258812797
-1353474656
2004617500
-1626253064
383045189
673008563
1417939103
-846314695
1939963119
1342214117
1371654699
313136143
87055579
-75035208
-815641684
1431659250
1169966628
1019156851
1979759058
-18015236
-2067996807
-1320414098
758305026
218824655
1841556020
996788621
-1463428723
-1761362506
2077932459
-852849143
-263015645
-1322644470
959281092
-1284494730
876782473
394289878
-510205746
-677654528
-289022838
-939967299
1417203855
737254904
30928170
1006633499
-1803899239
460356495
-58879455
805503595
1401452513
-1700312608
1680513415
1884889064
-66966639
-669208013
854969803
1801720182
649376028
-2005986177
1261181929
-344301887
-1523414125
681990704
2083743963
1446148774
-88871369
411676971
-1631532464
-1000693806
-536148402
728199950
-26405221
-1132506200
-357396934
-807551812
-1477574674
-73616536
-1597375034
-1961461224
-1528222009
-1833635956
-1120670781
-1848514033
-1011216471
1724422517
-1925155629
1707531996
1239042063
1767089991
-1651065980
-1466941817
371721885
1681674768
732812704
-1294760019
-196828520
323957295
1700182722
-691773817
-1762050408
1094073843
-1646393300
-1260034524
875979388
1552846466
-1855607336
1629940217
-1658928995
1167789819
813947084
-1182262373
-421750203
475036127
1899343538
-1234704182
17069922
1801013420
1275702951
1677634993
-1824578186
-445220406
1984875346
-599111829
153104849
-510898005
22188601
88754889
531452674
351826989
-863374257
285369170
-1754368630
-1648292030
-2111470640
261430922
-685416493
84072402
-1941226671
539600759
2043093344
1744707551
1379738130
-2022492576
-1790918332
-1182706454
-380280426
-1025951529
1379131352
7442837
-483024779
1907062266
1987002280
1897407881
-1173309840
45986549
1202874797
937834393
-1697444410
-1602577462
-1718951743
600696359
-1805695547
3535956
-1827891121
375556550
-128324957
-276671096
1460576841
518520352
-2041031026
-1412498690
112216159
1972573466
-1426845695
-237607761
-780532627
-1682204619
579156312
-72429312
-474936268
-958235593
-262412890
1373229823
-374643636
1702177545
813262534
-440366869
-1453478311
392234979
-2142771025
-1495386375
1899701884
1612222885
-740299252
-273462699
269714444
-975321208
-1638890996
1354172518
-333336186
154907637
1700279158
1981705814
188321729
-908901964
-1454756609
-38599471
1379022949
-650264759
-1984168225
-463688692
-2121436258
-603343718
-1538396767
-609377272
137647371
-1040388395
1302911546
-152021737
1714172924
1276176016
-1024845987
422223007
-1213828387
-431168463
744931341
-897408483
51692
-806123889
-147496077
1202550892
-1015871182
196055001
-226092559
-372240569
2021819823
633740470
-574728330
1690253580
-685595177
907192750
1573850900
-988559166
1038958909
-252474681
680590287
-883684259
1968490382
1402190195
895230646
-37476544
1616732864
-680977239
-674438600
327356674
2039056522
-594759855
1442456239
-1179501452
-730222826
-2063324956
595950657
-222156061
948312308
-764736429
-668506648
-1059164263
1905585234
-438091480
-135872050
-2095585366
1239288170
-1777100053
105667293
-2120996372
-1804512198
-1703087418
1238902678
-202017978
208364922
-1529563285
1392993826
916362029
-1961896245
1654527797
1469572518
-1951753108
-1497391572
1764305037
-525987621
1403543075
1362439345
-21908337
503877085
212199697
-1680391051
-221411348
1948616514
202941717
-1332823600
-789287407
-391450003
99793649
194679749
-1746257272
-548116700
1090442833
-1969143874
1517651102
-411149216
1386710027
1576324218
928250182
116383332
1658826920
-303341498
-1979226307
591467025
271977251
1720475242
304408942
-1428809353
-596291600
-1696206874
-1249782889
-37016145
-1613774785
107340638
-114277077
-5766681
1806977409
-926148527
-555398
-1451375683
-615505621
-268703343
-653093873
-93041455
1722276025
1297435375
-507413416
-1476372075
-2107691531
2039844405
-2048887924
-398075546
1240931192
-976551080
-2122202680
1841736672
146664817
1491462126
95809403
-1934663827
388325028
52713949
-1887448060
-1122450145
1525612981
-1170325163
2141743769
-1951502912
-119571801
-971938305
1593872746
681010214
-491959138
1692214134
1658656517
1417656522
1541947372
-887066379
192657916
1920381595
283288650
-2061225902
1338375876
473872656
729150309
1114044459
-1848573984
719932283
-149907556
1153355102
-876110787
-1200973403
672324360
291012542
-404838432
91591062
106775228
-1878811134
-842464578
1386903219
1616042573
-1464519424
1192999402
-634431986
-558484588
1192939036
-1066363147
7007225
-1427104078
-876977926
286769553
756010716
884694612
-1598870406
-1391503497
1110373192
-1574904777
1627302629
-285073782
1659231563
962863598
-1286597277
-528698052
1336808197
137894370
1218718384
261809456
-2137480069
-1701815142
-243651313
-2124088287
-551953237
-1377595843
1053444990
-1322299647
1857449951
670535764
-463672790
1036798821
-953894074
-359101485
74022437
2005121823
1082780096
1680349017
-1751453611
1808277036
1956909560
2013396406
1677900719
1741504208
-349199945
-846698322
-127714651
-1213111297
-1377326473
159478780
718067676
-954415617
778429239
2005691545
-518973918
-1068422838
-2027916403
1226129469
-632708193
-2116172872
772856833
-1601117914
-1444877239
-808857635
-1133473897
-80371177
-1452482659
894071471
1621955245
1292816035
-561783413
910088044
-545344761
-344259670
1740570289
1844946362
69872936
-1793520604
664546252
-1451411953
-408497437
-333494755
-131745685
819603539
1072170800
1029035008
-1905494811
1931886786
-1121836221
-1565778409
1681681292
1852288791
2010126554
1759930450
4439330
622797798
1220568534
342392902
-60403573
-1850386359
432352525
-1376860296
1584417220
38202302
1795983454
-447275556
-1811645421
-139084721
1541629956
-1699778408
1992510335
1203051763
-17394897
81260813
-1401310845
-1124561356
-146104880
-983353322
-135309058
151182609
-1252202572
322886034
1290143084
-91370459
-395511596
-715969505
-733234853
1616947976
672059114
603015465
1472483351
1022263284
-1558450105
-1882027742
-1933148505
1232775083
-64858141
-1612906478
1792241661
-1173549160
-171077962
-669729198
-1928368024
-1670549964
1287095877
-195438189
-1191879604
-1913709141
215222399
-1123057115
424003093
1145928894
-528297783
1791535222
-655489175
259193323
-1551785386
618329816
1286779292
-83678006
-575082564
-41868410
925634920
555917753
1987241924
1631706856
1348123101
-1971504197
-919209087
1054925333
-1274721642
1010192541
2004431267
-42737254
1064297773
-780410022
-1627792628
1871538297
-82770448
-701980480
417299619
1628168052
653177812
-1871281582
-1152122264
-1321515894
1267350441
-1417790608
1124306889
2027706050
753920655
1365103797
492339507
-611567066
-1125942360
1822628256
746418923
1916000274
863579406
-1824736139
1148739869
-657031250
-2047430649
1140806757
1515140405
-1182037320
970352759
-1057383956
-1940433811
-1729688954
1887088533
-1364884102
-2099838042
-640564917
1455820257
1622815829
1933096059
-1743721576
1839767637
725399485
-344092781
-1916625370
1694637274
1470902864
-1466052553
-1323582510
876292605
1426581423
509265188
1359005672
1659895266
338960994
451906209
1893931171
-349079432
455939064
-2109025838
48246260
360787182
-289074318
2085439822
1790521474
671092325
-425861663
1965914864
-1189815054
-1248939034
400735566
-539282710
484335463
-233216107
-1421624871
88720415
-1263017140
1312388391
-133154524
573160880
-861938864
284715920
324120561
1276110295
-2007743054
-99006975
-55752183
-930050572
1643081918
-1525239791
769502303
-1179413531
-504495210
1548015929
1795437941
-459889510
-1299820747
-277312634
1277386751
1448645607
406137777
-1988331127
-116773947
1371659676
-588978752
918091665
51556557
449553362
-1906900868
352424988
-1718337352
1432862343
1270992746
-339786871
-1727284628
134328429
1042230456
467997458
537064435
1096389886
-1162227771
-1953982726
-2115346782
-1848157229
1012598759
-120158206
497437053
998630710
491970407
1051673633
-305961510
1187697653
-676271408
-1044502925
-1587776957
-1243010951
-1717286807
-493229456
-655020128
1537866006
106796031
-810840479
1345127573
1936186275
-533343513
-75732720
2121134889
-412167091
864656450
1491297983
-1545419609
795598248
182976898
160735578
-2025222200
683957766
556333869
-1810511889
-85590767
526327308
-721986079
-548599459
-718738054
602772609
2140576663
-217614773
-1965463728
-1906467991
1852626219
-517009828
1323625819
1158210130
274595867
-1036522336
901489731
-994528787
1703748750
-1949350067
-1451300305
2011813087
-1511721064
-498190674
-1215347538
1176877529
555308476
924677978
-1049573158
1409491685
367485361
1599511465
-1597283910
850523651
779242345
-775790492
-1161914136
-1877277964
1089930062
1629165755
404145523
1070977621
921787854
980772219
-932461306
-289156626
-1519293671
1327541120
1812964169
1346466379
-938997975
-260833945
775279495
970131852
-1868700158
169045128
337764496
708611961
972595259
260371747
-910772512
-1336899879
-454720580
-877954600
-575804160
766748675
-382063416
-281968036
844148267
2140676277
-1739117763
-1789611671
-1459475659
877428004
-1495713766
1209935350
1233499560
2108132947
-2098610366
354630568
1206446384
-149167705
-1134050945
1974296199
-409172168
1607638459
-802270519
-1881217548
-976426796
1859573873
541997255
1163274970
716516065
374848073
1818520981
-1372631772
-1615431574
-1533476107
2140113607
-933733266
-793831603
-896613588
287465645
36886526
950213405
1385848766
-1840103976
-944195083
-293412278
984363496
704883421
-1173716543
620347775
-2056365847
-926900648
-844172843
1240564043
-749563692
-1508938445
992244892
-1105358334
665199272
-1106117849
854547626
-1800726043
-194231907
-288821373
1364161588
-849264256
49310144
131002924
1098551234
-900767149
1141347265
-1440992028
870389794
64814004
1259360779
-408761138
1239203743
-51801613
-818992363
-1600610255
-495397261
1659427775
944096503
508292220
2064052857
-305536569
-34032064
497789065
1110040102
-1354894172
-1878978554
-1635956955
1747714746
-354509579
222557501
1674419664
-216677966
-2030048821
1006359372
650310592
1800106368
-1964064441
-706474019
1523744044
230814077
-1187965054
957431796
-642005306
2119436574
223883180
640498755
1926288776
-692976026
190008183
946841275
-1002832205
-1207414885
1412656309
-668945050
-766460908
-32449476
-1338569409
1191007859
-518193015
1427032369
-1442909927
464585106
1253363907
812809284
1362851539
-1341470078
-1829362612
416811727
-969668047
567838951
974082763
-1795631177
-1316971250
430713184
-1144352378
-582706024
-832091524
1920760793
1976911145
1415926337
-1597077456
-1974201571
-1820054587
1530178658
1675004445
-1135212114
-1776180454
1809915012
707968094
-1601585192
501452569
-1855221704
663123800
-614734077
2105189539
-578396525
-1466543585
-959156663
-1459282793
-1301210919
-2125351143
661005384
-984935669
-940297609
-1311858976
-1758059976
231413464
760919094
-527723156
-637119425
-880693924
225930925
-1763021455
-221269245
-2084647302
950427639
521684486
2144207489
2047384805
-91078490
-1900165497
-1954010595
-1170547042
1100049399
706524347
-159548935
-2063140422
-890464442
2112768312
-1093570167
-1863288472
-980087612
-1784158715
1859443558
-920756430
49765734
-1241377919
-1444654493
974767235
1727184416
1257760644
1174504414
-1491693464
1405912147
-214746429
1359856471
-924105318
-2139458173
322719864
1340195654
-1230426948
638967372
1460261954
-1930983640
789995232
401908886
1526223433
1486414554
-295734193
-133904121
469667237
831920939
1953422217
-774239303
744904960
959282092
1790188682
1906616364
1151849849
-1922697783
-2080011185
1950571646
159333323
-668197604
1391146135
1913794521
-1758227538
-312339200
1112142830
-1707430869
8846717
-729267355
-162391578
1600225052
-869305832
1337842915
-1073413209
1943582269
272702731
1714789904
551124138
-1304622468
-169757457
-852736490
1178527681
-757600544
-1288800752
892577407
-767855526
226973297
-877354161
-1954653102
-1486756861
1317496183
863416650
-2063235484
-148921296
831095271
-1284079687
1025707239
-1171505092
-45648102
996099355
399527494
2146398125
-1049059136
409997457
1247954229
591611068
486166803
-260962808
-1717994493
894189331
559670863
-560744290
-1033019086
-1703328040
118637408
-910866626
962580809
-161885206
-1449287715
-2042159220
463399399
-1457994391
-131603659
999787272
1393064475
-1588679300
215023399
-477533587
-1685871629
1992725837
-2042495625
1181795162
-1302690990
-1023640232
326546654
561513524
-125374970
-1697833499
473520449
-289725879
75669785
1312992210
-1060480218
695465529
1750888295
266511766
1944210019
-1469744495
-2099690127
144501890
-1964855273
1802096824
-679405969
1488760392
-739896354
-924766194
-1092286805
222290625
-1884381121
1929257809
2003658508
-1677565462
-915006871
634239043
-1127000592
-998910417
-1751572193
-1415543415
710089023
-26210580
826468079
543402710
920749500
-248678608
1172167593
868691784
-1803548770
-901925693
-1503594225
-2147393007
-110092193
49066857
232302281
-1512758950
-994021933
52076648
-653956709
-1468322973
-994406789
-1365665208
1675219417
1265425902
1985640218
-565176103
-498836199
-351205411
107810185
-322219654
659111722
1177661722
-394453817
920460183
1698383429
-349438794
177403476
-527099533
1931628162
-684095148
675042494
2107451687
827390093
1380250568
-124300421
-704814615
-653092967
347168762
1937018873
-708042351
611682963
1486302224
240240627
2073226841
-1966771045
192295372
204441862
108605668
1066141871
-92259791
274318724
-1227748735
472276137
-2136701076
1835295366
-1447375952
979892075
212834546
-736488633
-146026780
1487146583
1163955685
1395463600
-1967801462
1745397253
-1014511173
492741678
-1195281078
482249263
1431879457
1909141707
1942567820
1727811824
-1403845348
-967393924
-123355843
1147788589
-960161166
135652791
-965597998
-317385645
-1993508025
1313172809
-1078566772
-2045789374
-387650294
-1289000859
381102845
-119951736
-87612271
2019184895
-2069915701
-2126911022
-868406654
176135514
-1406129996
-698608994
1700733429
-1720931360
417050322
1596946997
-702982825
-1801316303
989494303
-1335899432
144354705
-1869427331
88123706
588174393
-284100760
-1772787178
1596748650
-637916372
-736519386
735037504
-1209141533
774803614
1385409146
382845003
1704577352
-1743367227
485124252
-414091293
-1450428303
-1932581991
62763188
894227110
-1258606227
-175701118
-96477572
-1963403273
-1408166966
1449613138
1912020259
-1792990703
-1161104109
395328116
-1173733260
656845407
-377939815
-871000474
-434140105
925796106
-1754751114
-1676497820
-1873408553
1460039122
-1255557937
-419428763
-414684092
-1873932256
-447366568
-977075382
1586647578
2077336668
921516316
-1213369771
-465578494
234041468
-543319426
-1642663465
840992088
-641373731
582675834
1319175469
359527694
-2091631019
-608551888
-1076750868
-472908593
482630280
616379811
-440216485
-1194917785
716456315
-2088226883
811379489
338094945
-807483034
1699202454
-1453376961
2144584433
-5762611
2082182645
-1991373505
-1701121516
-1069857071
-1934629354
-825818963
1175630837
946914755
780676269
-1227552058
1612398738
421099257
-80164566
-1646634129
-332161121
-1916440347
938371903
-1159198872
-2020719190
1139357794
2105929375
-1308052799
-2098208897
-777637295
-1637896441
946269836
-1188761651
1018174052
-1572497279
-24166957
-964615415
252875577
1215002599
77133260
1604681106
406266794
-100315226
285240651
1241040917
230503779
1567077572
-1599066249
-1458577870
-289740620
-161318877
-1537333824
-1745239201
-1642671705
616964102
1211952400
641573388
991425109
-771164716
-699348416
-57206520
-2092267915
-1291277284
884666829
-144737501
61699125
-416161575
927274699
-1571232493
705001036
858193910
-777882343
-1921364581
-814722225
513034771
2105199317
715781097
-1675381180
-478739575
-542706414
725995583
2129165428
-1392898133
-632413240
-265295146
1251773573
-311788465
-250750709
2047786238
-1642951993
703250828
-800708736
-1345322871
1481113294
397654468
1011278859
-1182887575
-1453343168
639538660
-273563955
1801602456
156741871
-224177686
2100328269
1265295159
223232553
-861180505
249405428
-145392390
-593685681
-2033127994
-2135841602
-1626460990
1565770660
-971118324
1781336366
-893025141
-1661542042
-1100929568
26481027
-917740152
1544837154
-1997501426
-1751168216
1472613771
1786769476
-1183158585
-1329092496
1776605866
-199248915
2131948268
1619796866
1743086879
1415138569
-21293685
-1636164463
-676080784
766423199
-328001879
1671489360
-1222374193
-1658213526
12733505
-1129563227
-261771838
-2095373399
1320853900
-664240740
1307304710
766256179
-1038203261
-550563682
1379765937
-1291057971
45241249
-320329247
-390063210
166216639
2033280493
1882379810
953262828
1418716325
1476228919
-48552302
313346097
-689084286
-169838943
198293773
-1344344245
-23088358
-534813343
1398214545
1975103729
-1607765632
857471940
1480616685
1368830280
-909912595
-1308812683
937630904
1255685328
348306643
-292123649
-1148287868
1342656385
1339395889
-1890788721
-716428204
-1054873039
1717925416
1496989182
52475978
461560376
320254926
1436935695
-566256220
-1438001323
-861653694
-215014156
-1404119831
-1843061805
1662628352
-383631849
-252249249
-1195910425
1891626102
1854201110
1087346623
1188772188
1798563799
-758875890
1803449899
562408561
794502958
64038939
618418015
412017409
326388149
554936095
-1017106649
-2090427164
782538855
-61498941
1211518480
72815765
-1034397485
-1247852869
2055098978
-1991123180
-1059784398
1434342477
1719151692
-674208242
-625382981
240994579
2049311073
-566271942
1813657398
1238095102
-430122173
721349637
111950543
-971757921
-190509667
-1384697744
977924908
997839009
-219773098
-748967879
-45294911
2067989401
-320044286
422935352
-1544204446
-176873470
479152796
-739276276
1991302937
-1992694654
722076274
-945483786
-2085089735
2004008050
-1410486432
-1466040572
1853483699
55833245
-1283331008
-462259599
2145190055
-1975923642
-763952480
-1392438453
-1430092738
-1366962065
-824943946
-1149654186
1102169270
695385944
290027152
1232675376
-1168163650
1236401733
1303833743
1599090869
-1557933053
1754102660
-2128079595
-2091772252
1118709258
1366642350
-36872323
-1532100990
-1266621888
-661612244
571638347
-2027930690
-2106681010
-1872925955
837483172
435603221
494177202
-1662799947
-64844032
-961110728
1683705227
951805896
-668546787
-2006588501
-442674253
1298575880
-1499882698
1314453487
1501609490
-108762772
-682843020
-90256157
575861553
2087213842
-1119369051
118176358
2022301965
2079479942
1416957739
983835457
1618474797
927836740
-407438026
-1239378620
209530358
-69818757
281927477
930564014
-495931586
553414675
1489221001
-1402201135
-761007074
953229809
1188935803
-924679178
-208049140
-715462023
411936624
1102378109
-1533673176
-757277868
1305237339
-701512888
-1546252843
494301554
-34982798
1800411482
816027531
1088756050
-797332701
-87172422
924115690
472068993
-138236855
-150886243
-1340623597
-195797665
-1787969381
1646682563
1977538099
52888104
705191780
898090273
1074571616
-389056462
-1410630536
-1171907905
-716247641
289484403
1831371110
712050403
-1630733211
-745623994
1370498538
-902173841
504043733
-1851689618
-232137819
-1457489017
-1795513110
1644620890
204062991
1925342582
-753381537
1436548266
685658028
555824849
1056345867
2077559794
1059993981
-1757421859
446955385
-1446486340
-1999492679
1043034925
-1069387080
1209870291
41770172
-1145496945
1411173486
394905534
-1998372033
-360889815
-1479083469
-892338038
379036873
-333545250
-667640549
1562255821
-458623643
-1268200203
1906849940
1250455782
-1598827883
-626268164
-1733952909
-444968567
1243470726
305800426
517107784
1408430714
-992126844
9104515
1993784825
-1302756712
-1390385744
-2116639744
-752277106
468791836
1283822831
-231220754
833753161
448103459
-908641499
196599126
-1004365575
904639593
1192352930
124461853
-1135364209
-130140842
-771724068
1126440366
-1973856783
268667454
-114272930
-326538539
-1470188018
-559808027
-592807936
2009496558
337535281
1796609344
2130550872
-1310974914
270088346
-1078366590
1928992880
1862826400
215317322
281336918
1011176632
1930728291
363320606
-270027416
2145905470
-1513147534
-1978283233
1576235049
-1788392932
-1076111947
-1644029672
-700288301
-65019600
-847371849
885576807
-731029589
1923855122
-2072978807
1736075288
-1269669499
-361987774
-245274395
-238961105
-895075187
-1089468511
1335321493
-51172796
-645978301
-1671955678
1944173077
1116137813
2093330375
1792458689
2035901815
1343965911
1182282070
-1041430093
-584858746
877123342
913415700
2036587998
-597884882
-162789730
1026334987
2059511179
1190474011
-1204199583
151542899
1227901273
-1982789729
484575865
2049198131
2041939828
204029144
-1378732119
-2042825561
-1814169337
506600465
1261167072
-599018076
1343126254
1137102696
-1130247914
1128757688
-1682510416
594170545
-246958757
277172662
534544556
2057973914
1488672557
2098949232
-1692337007
990735887
-1802872567
1855032006
1221574931
276580319
-235964860
307638239
-774870565
-1582061921
592030490
-1793060426
501894846
-1759417138
1531826695
735546840
2059621169
-88800454
-1692122539
2065442411
1438103804
-1778268255
-307674122
1496730482
-1924142546
969359770
-1239389037
-1668942770
-1309381040
483213749
-988268060
-1702703737
1791983325
-297775391
-1002668734
-1586823476
1322184432
-1549990386
-1096061831
-854995656
-2119148993
704598035
810183651
1573887446
623693640
-795569712
-1999313487
889789543
2113431753
-1136772457
1882243723
1369148002
-1902278028
-580627257
775509852
1787329083
-696077085
2127428794
1240128614
-539264280
82126025
-2125471264
-1719908
-1010272352
1702998378
41891371
1742894128
1290391525
-364339636
1989783470
-1457297047
1945725892
1108366382
-38174592
813466298
860901467
-486132423
-327784218
-2073813232
-114526053
1071382645
2122532784
-1242337941
-2022377905
732133502
2028588259
-33499984
548446045
1362182518
125579928
1557693628
1919142730
1660627517
1747918883
-289110852
-582097661
-2030742305
1837898614
-1999187269
1145558233
1916072526
-1718670137
1568499836
1729136333
-1856600752
-2109171599
949041545
2137329933
-1743724358
1942344471
68058763
-1600766274
1933399262
1431507983
-88743460
-2069527812
540065857
-581359108
1237016922
-1978689506
-1849133167
489780668
262207870
-1156886722
-95864619
-1887162491
564686252
-1637395465
1750965734
-1503438262
-601308724
597289072
946127389
-1936258717
1640577304
1396825497
-250015923
2109070444
191688247
730352564
1990354419
-51456660
-1279829877
-1731801321
1084626091
-384307911
-557624634
919489839
1377456870
937888283
908818115
577144264
-339070246
678509743
874242707
-849415030
1607614137
1214670606
1125300949
1980614342
-1943194331
1715319342
-1133117879
-1918768782
-2014603038
-823560825
-1820688729
997815154
556271565
904885497
-1254026579
117305369
1148554508
-1121150740
667702646
161238510
413426310
2086241465
952272658
1736865202
109893013
165130056
-267099566
-62337631
-2091433222
614785529
-488965149
2015243512
-273457647
617431495
759955101
-1332673609
1457534789
311576235
415553821
-1163871576
545895877
-1493220035
-371019632
-493973601
-1483245449
1493855905
-1146737455
-1645907454
424956460
1928030880
-1258327626
-880499829
1930745109
-633409515
1863309735
-1548934836
200712566
1025572746
20202863
-1953621773
-340169831
484287521
-440134314
80539215
-1974604540
1047682744
614342511
1581880594
885404909
1343790920
-664914131
-668450088
-1357509651
-1548488563
-39118276
372620648
633954036
780450284
1656084110
21743928
-1161697923
690666384
-1392443981
1588558902
-76777726
-1374639915
-2045298323
867924165
552715185
839681257
-1438771837
-1866181371
-756194210
831956400
2007700181
675656279
779187643
-1766620952
-1232185424
2068498719
1825321671
1053468557
866619747
-1175622452
-1024966012
1449628543
-716252398
1525861396
-92820244
-1853412511
-2027635255
4026756
346336037
1407131843
-2143707693
1665157175
-1442658573
-1011184510
1672358220
-1525241627
405667181
1171877230
-1043096587
-1516129505
976017651
-1485378258
-655627193
-1538558248
-259672481
259297120
-1105775158
-669732313
541501817
-555307260
-2114128730
1536829258
-1069370192
-970920422
1989469818
2030751469
-1329707001
875002760
-1923308436
1373137580
1324366669
-984329407
1149520512
310393814
1247524752
-1320297308
-949108691
1684136564
962249683
1381927713
-1736477139
-361322359
-1149736706
2131977506
956607892
438025626
-827023083
2097255719
216177700
1128670832
-138705491
519137587
-57998881
-1281399524
1337749914
464479334
-1123417124
1786125626
-1138423315
-1414904085
-443129762
811481210
5202461
-57724909
552095778
957370204
-294539389
1770208962
2014095607
-388998598
1594966027
-1498655735
1638864276
1419767435
1545709608
363912212
1966044837
-1912566683
-501982200
1357955398
964935974
1951318083
-55826423
314043810
-165089804
1460083976
-894747542
114097772
-176501087
701649475
27902021
-976941553
-1527522425
-448404812
-36823108
1286584385
508776223
840646415
-822113933
926727268
632890003
-260617985
1371426621
-122756561
-1582514287
502825581
1817517593
1325794445
737966945
467823873
1825653087
1577346757
313601849
924900840
543122742
-749619238
137527760
1850100184
613256264
1547724852
-1100106192
-497791663
-1379259207
-1495255681
-1281748016
-967969500
1199810644
1565724882
-581747743
1669827384
415929351
-1576549612
-2123169816
1302326155
-544439663
-808455269
546934156
-716462729
-207337863
-939690731
-1511259216
1557818678
1163386689
890043563
931054788
1491313064
-273971749
-2010994845
-1268639144
2064575059
-780891044
1828647365
-1382220302
12202410
-678558481
827917761
264968992
596541329
-1841535989
-2081062193
-1328521521
-1154910176
653038056
-1147198376
157657054
-988183897
827203374
-392631724
-496538386
-1882792719
714051823
-1837651917
319318907
-37478707
511637463
-1697964544
1419228208
-710610487
-205502814
417136580
-72701834
1864499520
695081933
-1773236440
980467021
-1522702697
1888547472
902015837
-1509943457
-1500834365
-299634934
1985248064
-1647881134
-1393226227
-1440892482
1449989560
172103005
2106282777
-597221827
290770018
-1546445027
-1150553564
-2129632987
-99812240
-1652546903
114268044
749830473
-1764652594
-2038922269
-955549547
1072748593
142829701
1779544337
-1809738391
-923873852
-1964517276
1836638123
-159082656
34378563
-332581156
1040401014
-1572548734
175053177
-707753173
-1073541935
842013001
1023325744
-1525862211
1436079950
2143724970
834088167
-5094450
1549678980
310571606
-1306325311
-774917037
-784356062
1410560316
-1474779713
-1687739622
1621691975
-1811372974
-1401037007
-110432976
394874129
-1000164971
1849420137
-719844990
-723049356
-711609522
-1226671950
912104646
-49681844
-733198187
-1777997952
332359579
-1814639436
1235495450
-446519832
-1026657554
758386840
-937900253
1233366098
-1620730208
1162421640
806104784
1683023212
-888277403
-661937457
-1088501338
-1413102751
1181282543
435585476
-511006902
1046443082
1513946442
499788127
1958700172
-740988444
300089993
1040785166
1925705127
849750147
723105186
-53579575
382968006
1026396486
790489494
-1529336733
2026935498
43588492
-1523237420
-479102941
1755121738
1281470886
1506463455
-443735917
1160920283
-684055347
1427361070
228241303
2039169680
-237212586
992747090
1571643584
-1003587644
1007625252
-1141281698
53315298
258523414
132120157
1696941954
-1279117597
1135984052
-1247339425
1785019897
2007649238
-2084537380
-1003322635
-900592091
563681351
-836996704
683154885
-159557897
-1331930920
1015987689
2032141837
-695768428
-1563018228
1874589117
505413774
-2048055499
1630507874
412025284
-323197241
-1788872114
1104380325
-1292775416
1867640678
1358459378
-1702413694
532209147
-1064367621
-1498021771
1107666778
-634462530
234537454
-1161505198
162530649
-2000813664
-1089315661
455931471
-731787065
-469197596
1759913787
1495001054
1028100510
-1399111482
1739663021
-1255363642
1467833691
830371520
1735303253
-1943546110
372449817
-779177719
-1121211172
1961883625
-496890150
-1159385507
335694522
351054222
-671109848
-821766653
764322791
-930547351
-28278820
472535052
-712607016
1870660406
-2033894595
1817107928
1713762985
855435037
15395404
1700902622
-2036062570
-1807647214
1638372701
70512043
152388783
-1076268930
1837252073
-1999691478
-783867956
697668382
1380860834
1739554342
-2055181123
585477675
562005704
1943917837
-203809082
501551803
451795899
846120951
-965896374
-170876313
-719084592
1555584229
2097781957
400764204
-440623257
-1008779187
130764031
536824214
-1491645124
-1838013482
-1709736322
693898010
-1712559363
-673176225
-465287877
383531716
-24810723
703961669
1258917529
-1223821807
58979304
1248402149
-1714747246
1330305053
213498838
908577375
792512563
-1773203199
1823561507
-373827939
-1777900727
-350220426
-1669477730
-705399661
-1540918948
-142499651
-1066403903
1524030663
-1760581668
1740810947
-1431423487
1194593300
-1621883494
-761731969
-1348752025
-57717590
269992313
-715837281
2025997920
1503513432
64942181
825261666
-1697955120
1696054541
218109570
-401910585
1732236396
288872603
855709608
-537367577
881607752
-1894635330
-2098316529
126679199
-346718289
66550365
1047606854
-948466063
-388358606
178973455
-682003606
1518910379
1612002563
42163168
1923483283
1785119689
401247107
-1880437677
1781859985
-1361568745
1225327896
-397811285
-431801129
-836333926
464081988
529407590
455237815
148318000
-652457229
56462857
1530614223
1611747062
-528655341
2012408099
349504963
-1764640279
907223657
1623815563
91233580
1085016783
-1825505118
66070251
-1525525553
-1079488169
-32887128
1850721154
-1176748015
-1141389697
-2028484553
-1851256540
-1963518550
101608245
163098799
-825995642
-1601216615
-1671074495
13328427
262634680
-261298857
-2080082335
1131343313
-227197710
-1022939314
1949190581
52030315
1189365394
922312332
-730901667
-1341462985
22264165
-1213248589
-283963808
-1795186438
141348901
-615440076
1525638351
1952275290
-389105854
982639804
-1128042967
952482413
-1915057180
-161963027
-61263871
-1229379956
-342767823
-1165805487
-1435482914
1973465709
-606496309
1300027019
-2072933023
-1180246160
-442893412
-1051599665
273305517
1718080313
-833129515
2005767315
667904258
1912001150
-1823285965
-1530537082
-839944789
960501025
371894915
1451485121
-888859878
665536385
-1901236376
494443324
-1358389167
1834241292
-666521252
165550722
-93118334
1718949912
1633895668
936352424
932848633
1693756147
-825836697
-2005165445
-932783303
-1615030728
-2644912
-1834747144
-2050443163
-1816688540
-998856782
1143122688
426132194
1701888680
1011399741
107010636
756351289
695568128
59309519
-1810241635
1087085889
303485827
1178789948
-1633518024
-1387288964
-1673855236
-659621294
662673041
840079041
131336890
378012951
1201688134
1841823003
-595018332
-1680889004
1799932750
-176622863
1835785360
-1143155370
-1343512974
-210288794
1350439892
-940106509
-1559078661
-2133537534
1970038300
-647072309
-1504884308
1596609937
-339331971
-1941006897
1865258226
-1883084725
-922537014
1270997511
-1429463975
518794804
-614276314
-399514737
-1651316414
-1735683898
-1523296294
-715159326
-2128212269
607299276
1169060456
-727337126
1856255790
-2056615024
-1771188000
-391319305
1380339684
-560987080
-1875963279
904598111
-370603605
1812633452
-2085535678
547777829
1367482191
-1326777540
1981116290
1337705037
2049873894
392691009
-405933891
-1100291825
-374966201
-1786820351
-75456399
1065872859
-877291588
-630083433
-1402655519
-1916037731
757107702
724097939
-220109528
-1881362111
-765992895
-871464929
397600144
-414048903
-1546974216
1958447714
1528214820
1351862973
-254813126
1063769640
-1554732925
577653139
-1742060323
694771394
1444781559
1067210512
1972096162
94112042
1602807493
-1363268194
-1256126294
-1820758933
-647073338
1986960894
79092521
-935707585
-1147106506
933377168
476604760
-1596900871
-2107554357
-1065554222
308411568
-1775644763
698147081
-1450228442
492061524
-149767827
708034772
926125271
1123460046
-1897963203
406047302
-1395591587
1521391614
-1823420246
-292931134
5876704
1667056462
1912691983
733234761
766366714
2108930090
-1147375111
1686513163
333806785
-1384013649
-1143071292
1938114625
-702565628
-1954988382
-823376763
-1781802951
-1097512493
958330531
-514482902
-1757880910
-242084284
-1857430879
-836707104
940674665
786408308
-872552560
806925492
-1687313165
257467084
-1547703719
1327990140
1225904333
-1173578619
-1207025646
-765465096
-336030799
-590371731
464053614
-377645261
-637853654
-1349904662
419858807
2004607791
-837743254
475570751
-1829005446
295068096
1589048411
-2134040562
-1905038271
752955320
981027315
1386545949
1667967623
-958028732
1185024716
-1135452836
-2107579736
93450389
1692208115
-1073692122
1331757464
1854969282
-40893185
-628127545
671562517
1208407276
-488593563
2140091198
-1922604256
-1291354718
-1254861045
602406211
-1591350616
-50741625
2056935450
850122634
-1521552504
1191828530
-2142599656
116806473
603336628
-474746283
493873205
1927365112
1838743470
-120118496
1511503588
247270743
-1897954243
46258407
2039654061
1630014389
-17787039
-1735524863
-1373664191
1217418350
-1839734655
1177439987
-644633138
224385204
-1564706842
-755225906
-718908012
1372243090
2090454380
-559446571
-1094026824
489974830
-1726757258
1214308962
-975532712
1973373262
-1105574110
1596945417
-1064841505
232836380
295672509
-723267331
-390092903
999950893
1894281081
-382085710
-1085345655
-1467843905
-634168995
918724292
-1741410182
-2019399870
-2006904708
291093783
1754212179
-990990055
354803305
-59307970
1454193327
-191887967
-773853463
-1998540000
1553438637
1127988593
-1061849110
-346585384
780213763
1654975459
-1705448268
51472349
96430169
946889427
-134172578
-579565214
-2390572
-880890202
-1610417278
1053291263
1425815792
-1492431218
-1654789837
1806974097
-1162555502
1297132811
-226566353
-1749441443
627107933
-1068196684
-1927559855
-1754340485
-1545160380
125394231
-2027700152
78537841
-46224545
-1750373219
-1896586355
219004957
-843554814
-758863662
-1839493486
-229268264
1088582411
1698792804
-71472841
-2022798376
-579105156
401430923
708391809
-57089834
-1339514039
-235468184
1948179597
1376616432
286612337
120558993
1370657986
579710416
895555922
-1974976563
341495621
-432542196
948705337
1006529563
1328047793
-1284940849
-1589804488
-494969095
1215289607
633956537
16027452
1747874274
472239843
-585619964
-322698914
-1432585449
-1021287951
-1003127833
2136511097
-98079326
-813574498
2002383678
-8378628
749041047
564706578
81786218
1668340224
-772860771
508341596
1619437173
-982763876
877658796
1965953775
335920506
-1689505160
18798359
1932704588
-2091122877
-1790132832
-1422410291
1110449152
-440910029
2050882458
1108786395
-1489009711
1735854694
-2055702086
-921547212
-2054706380
-1263705834
-1498548557
1258246580
438982657
5972544
1380355953
1939053410
-172226455
-253358713
732128550
1634509301
-1013524185
1227390807
-425914205
1844711833
112794357
-1402123443
203781864
-1682684174
-638366911
493115605
1817826045
1145763424
758146080
1521608212
-1614083837
222856069
-690047102
-1451977464
126850693
1932446979
2116995495
87860974
-787237869
-1280675702
-197075247
-1078916637
80837649
676186897
246493243
-289071922
258222796
1506097506
-1199702967
1496075644
1342622669
485514460
1715594752
-68750068
1740630130
-809211788
-881829961
-1953098100
2122386361
2006432252
-286728946
519693284
-1063637153
-977845336
420587551
1205415154
-1806801367
1445628364
-1946634764
1926110454
-1504159872
1335048426
972965432
1196878384
-234725309
-1637771284
1753389616
-1504748601
1868524760
-1721279827
893136619
-1478342163
-2056331132
-161048387
-1652889928
-649036737
-1077469699
-1697452955
-235940393
-656635279
1829209404
1406598632
-2032621964
285319978
-1643382122
-1458503924
451463120
-1508549332
-1159116019
1671224024
2117721281
-120392009
1532690915
-1624564322
-919593636
1599121199
-373259408
693098811
953589743
-1161435396
-1957658315
-198899300
100842805
1435750833
-486073552
-1726988923
902628292
1483671151
675562097
2134083469
400649930
698133131
727003372
-1693582484
-2129669128
338326126
-897774959
-632276103
-1717519171
-1323051843
-423756903
-600974739
-1904075081
675597241
-1981454301
1270650220
-1918720154
-1966290713
-328007426
192850502
403279650
1075494642
-1155804728
-549073415
-89905330
-756718128
237476919
-1469020294
-1197369394
-445571804
972559542
-530845004
583565237
-849932061
216978483
1375743952
1975086403
1518830649
1558188855
911082167
281829646
-1016371539
1921876534
-1689753900
-2023305090
665294723
-41561304
1010637598
176872317
-968459423
-1418016680
-970233259
2000136559
-114112460
1021893755
-1902595189
1933451616
-2126992556
1258870787
1762031333
481063292
1232121317
-910891083
-264901982
-886695485
-917898368
1483737208
-257860516
363163132
-1214255341
2035801200
-648813938
-981548310
564201989
-524927669
600580694
407681725
-603211363
-177659942
2065640827
-521116469
-22573404
-827548445
1247591600
-481876865
-551040184
406598453
42355225
-1981574255
739142466
930977531
1568591887
-1607085193
401934907
1421386325
-1385091040
-1855782373
1544768619
-544916700
-1282963879
1137886669
2083564931
785465893
-710021946
-1368054662
-1867916851
-1200758975
-306220231
-701359586
-1156582000
1530183458
1831096138
-753425802
-1049987400
2127238665
-1965782881
-1796068870
1904899254
-1777239074
-2027772563
1497799178
-613903707
1789719944
1692801854
-1872464793
91547565
-1576616066
1926596596
1874440676
-95254100
468037022
-1906510067
-1141286820
1525587474
698168381
-1690519768
-1186923546
-2072177396
-2013565314
1963033543
1769512775
-974949660
1860220391
-651229355
-991189080
-1514386521
-1258250447
-285083285
-841951352
1336169735
-839552930
608132430
-530414349
2133602947
2043438097
-639982404
2106031859
-1495769148
415387161
-1751860505
-920627641
1145757002
1364030798
1062353857
-971768494
-699890873
-1156925792
-1878566022
-328076458
1745231563
-1947122324
-1996733882
1756327649
759676192
1737596177
1091887203
963132295
-291583625
-816220221
653491802
-2107425072
-1699094333
-937435490
2122157444
52811892
-209485852
-505829634
851344591
1549832645
435875848
1267200269
-1600350782
355651692
1954878798
880245661
59778494
1995079767
-1222048853
-1241456329
1506637701
-423630606
2114354705
2070352499
1565942016
1616716180
512934861
-1988976247
191916348
-855385797
-435531728
-365055192
-532100427
-786733700
-1588825999
-1265784698
-1453337129
672943284
-566242351
1448400567
-1561757759
342736771
388856320
952622914
-2098665141
-920865413
-948853825
-1760068111
1823066698
-40132333
213428678
-1600593943
1486433554
993324769
-621290009
-114042887
-609921476
-2016820216
967891570
814711862
-26004312
756658158
1896866779
2129344711
-601565755
-966310606
1398554778
-1222982660
1784437263
-216478243
-449074350
-184918107
1020997081
-80507178
-340245707
-1071651935
1993706060
-41726309
1544199846
-1730933324
-686914897
2116490030
891282463
-1162349922
-766434840
710363980
-135393964
707259496
-1239458751
-1563896092
807843992
1353619968
-1950885521
206807751
1559964800
-957365240
-434119984
-306525285
-5606971
-929285398
1827586548
-1663075307
-1111709842
-562232785
359463775
-1132004762
-581110482
-860529391
-596618869
1366268149
225820682
-582971314
24898611
-117998001
1867056446
1504275774
1330282446
944994395
1584988001
-263783897
-1152552615
-1870442798
219380167
-366294064
1830023769
-1810609939
-445352410
1688396883
741955872
798612063
-637859717
754592567
-408274610
1741663109
-1797944018
-1270885698
-402390886
802648283
1993907572
-1265680774
-1328866350
-1976023630
-978950668
1188511526
1164961824
-1083408865
1973568428
414758834
-1478822770
539370550
-309933290
1258422175
-356689973
121738360
-1506632314
-204630387
308944431
-757011063
-207441707
-794821359
2009732092
2091009829
-900272828
-28719412
843804646
-1316101035
1355302297
2064660920
-1144839724
-1703357219
1030073742
1290800837
340642280
1886108152
-922774933
-1225578588
-258303043
-177954234
-1579173391
1590382049
1122677231
-1547292411
927312762
1550929719
-894200353
-46824321
-1243740323
967379743
1618739127
-1479831613
-1773309801
205538730
-948563285
-980034665
88992935
1290228624
-859137662
565043884
728227256
1658844039
163383124
-554861293
1329462021
867166425
1644707989
1773801199
2062936952
1388981040
1062236241
-1614320020
431842964
-1191526476
92695993
-1186024209
2013659029
-1819373737
2128442845
1044672399
504364758
-1326330257
1086078394
-1428364606
855567729
420792708
-903962505
-1067166373
-315050196
1418734443
1466789355
1969002163
628786835
-209776493
-467264158
422589478
1797046112
-845775970
1476683937
1340019137
464632611
-848888013
2013008678
-1072735687
-2067715042
-1976651503
1936810419
-1792476642
-1508095375
2070854248
537069069
-1362027953
-731566218
-1059514013
-2111798527
-1837216336
-265944210
-1251973111
-1160491865
-97163750
-1132797604
1182579781
-69654294
1745495187
-753167055
508949826
-1635347385
670972094
-524249048
2041907708
-795332908
76301204
-21958797
916663572
-1483704957
-53227180
-889401065
-1883842077
-2135471193
288784056
449000211
-1350820144
-726067017
-1148863127
-148985656
6732006
-1963753902
-1780225101
-667405676
-577645408
499706499
-1233996932
2026169279
679118855
-953906619
957604978
18711194
-1256236546
1995202633
-1558102653
-361920795
2042653404
-1934130186
1112725906
-1167517071
-819916229
2130365616
1465070438
1557135366
-1159395825
-1807848100
-251988762
1409123462
1957715705
722682916
1981678979
-1960583599
-380432931
1537663607
1282837492
903061227
-1833068879
-566128301
449959721
-1353311524
1225139352
1961481670
1315857017
-1284772905
-979219665
-1071826511
-1095145187
-277941986
258672933
-1891214129
713932001
-790007260
1631969297
-778792459
1845285912
-2085992589
-542698113
995724442
-2100935985
1333276112
2010018123
861266586
-550431930
1661249436
-2028238
1655006774
-1975668325
-1461645188
1712851365
1300798559
677273288
2050934588
-932889632
727241523
1951358671
-59928080
1517037883
214473927
-1685629389
798597212
1321132992
-1989496281
273386154
1367134357
-1624007684
882213530
-872744177
1003297255
-1205797862
240775978
501121693
-26459655
815570989
-609742238
-587498662
-1359265745
-273137716
-1591425959
-1186360368
1958081359
1232035043
-2099270929
25414658
1319243110
-1228895288
-1471623594
970444190
761682412
545958028
-608581164
-2076830866
1473102374
628592019
-673283898
3707924
-213142581
96673639
1065721831
-977476618
386780650
-1119436344
1176596178
-39189898
1384183818
1780386311
214283717
1596540518
-1242675310
499040915
-1594377305
807214523
-2026481813
614831060
-1670274997
-48786304
335017443
1195238967
1598723830
-356657396
-539407148
1917178249
1158268190
-1750785162
2138630149
391916937
-1857959564
-2054627767
687750607
-998369353
-307286236
1652604532
-1466458621
1417052786
-2102111909
-103201660
1672325899
1875845441
129069833
799011092
930267470
787695216
-1151332632
85454467
-1191776039
-1339390498
1631888315
107160039
72314171
-1743113963
146440411
-1510549694
1474992047
1188692123
676419311
1613921523
253233024
798588551
627871994
736240239
-1386335063
714671702
-1601128038
-757223888
-106059589
-770544129
1120628877
-1684996371
790354435
1608166468
-2073643912
-263689206
-154266389
71766090
820020451
-555722415
-966846560
343268971
-1003741048
-902966814
-711965707
-1883019701
567436236
291593832
-1077834874
-2026772951
1541081997
-670791027
263813664
-1491349641
230744094
1044762031
150536800
418201771
1129254031
-196228397
-2022903655
-786773929
-1939462607
261364697
1862871035
576243063
294365272
-975627279
-285733392
-1418200823
-1844516766
1103979853
-2117417015
-830399261
-944060936
818345496
-1413665127
1324520384
-574907501
711930022
-1142252191
1201702555
1557476162
1515465452
1669266797
-1075248320
243057577
1123746097
-1866353411
-118296545
254228812
1639456773
1234066470
1606936930
1180454925
1970125170
195648506
-2054792382
891502835
799005041
-1348674586
-991269482
-110753748
-632238689
-1095982757
1497470124
1127515989
-1525689296
1412810161
-1211770020
127993847
-1278261725
-658938297
1721449049
8643156
28750007
1730130670
1434095818
-1995682716
-1267166691
1572011655
-1195699687
1893766426
-1862619794
1109964266
-2128331511
-1024438293
194718174
-1526177527
-16797682
-834718576
-1941180110
1662980693
-561811752
-1776830711
1147208047
1974462559
472018224
142646245
-1467636269
1241023938
-1982172408
1438715072
-1072182519
1353360193
276016588
-1502416627
-211295593
2087329835
-1575517442
1599835925
2001668506
-1116654330
1273591809
-1891714753
2104780469
376613996
-2086255820
-77526127
-1196035257
-1242806737
-1845863870
934411638
-877124645
-40261437
1132630455
132041665
-807197724
-1579514659
511615447
-350519566
877369513
48549719
-1821989718
-1384148553
-646963330
-1413073578
-1475223205
1806171060
395574068
-37343570
-1188136766
-399989626
-1928157998
-1679011196
833537855
-227310843
1603220356
814010932
-1396011063
-58987319
1906167763
-810074507
1518289990
-1413424657
-843799018
350354107
-1050935524
198254877
-1038808025
1454310108
1769991
671674306
1731513946
100460278
2001980973
-663223646
1178261419
-1207885425
-1800525457
-556506479
-1096701642
448211964
917480705
1951771006
-2075831061
1711404295
2143451452
-862907469
-246812799
-367288885
-1179792718
70181210
-56447573
1867096291
1034202242
1758841922
-305061751
-511064125
-510495762
-97413661
-1812511391
-1890676123
-1231015638
-1362759265
13524110
1252521255
-2007473802
714035018
-356533321
1520406771
1955278446
-1249424916
-1283715260
492685728
-1553543520
-449134907
625000206
-450929001
-228795553
1660670096
-1077777835
1079601593
-1264144426
-803579125
-1850822922
-354162560
1053304159
389126839
1009168349
-387894428
412172565
-1790833444
-1380512073
916129663
-1877694809
-885339184
694766828
1626605171
957473903
-1727665289
1205192652
-1164521333
883944642
39819789
987546632
-1728439008
240472201
-738719454
-601867165
-1813809859
-2127491312
417096422
163538856
-1870105467
-1612706018
-1658630234
-680515106
-116870059
-104295100
-274870378
-484318022
-805780187
1770408826
-1458213680
521689940
-396830157
-94982681
-1330837092
119840029
-489157790
-1591807745
-1031155982
378350608
1139757406
-1918782253
1816002364
2140525096
23961604
1527519651
-909659809
1605032465
-339688703
-110687816
-1701726212
-1422221534
-572727112
1962069104
1476737266
-1115445111
1348388713
-1035979110
589216039
978109383
-677156722
-12841981
-60710776
-723529121
-347003256
-1885968815
1706129997
-1611186487
-1368008581
-1757858546
1749579137
14240941
69642357
1696475911
-428414527
-337921971
733818837
-989483817
156230723
356342082
731870698
479564990
-1440546534
-1779778454
540456154
-109060170
2128876727
-1281496800
-527234875
-406939704
61172146
102286766
-2122814167
972263323
307336906
-885207297
-462181241
-405814451
-1860292310
-2001070184
1767646790
-531664251
-671031570
-147144247
-544108840
-1797961784
1778683364
-275814113
932384283
402661644
1760875158
-1313591524
394223617
-994292342
212972424
1456299817
467917682
-389393192
870212797
-1112154677
607814512
-1627219146
1841411968
1688786709
-573208964
-1304529113
1029128800
-1120706467
-1023881160
-1354462141
-1476622981
-516816590
-859270835
-207650997
-954888449
-1553377396
532537742
-1776068738
800646125
-1282913467
1640030301
492249386
-1104498400
-1756003128
823785293
-1925339771
418089102
682695431
1113727752
-229553219
10432204
-449925966
196372083
271873868
-212583209
-409249627
48286735
-1327958127
-2097309168
-788117087
1703123362
-2114560868
-59043192
488229182
988387861
-741325495
513707390
2013138464
-623599200
-1832191345
-345003995
970865001
1069658147
-1101140967
1506261161
1891317614
-377203241
-2133269994
1719434612
331315116
471940645
225048653
-890241876
-2029932548
17564885
169850483
1195399168
1523851014
747288939
-1685857856
-793077596
-1046412813
2017703117
203465663
769636249
439103846
488678697
2097922661
947611185
-585295444
-1275333611
1521427813
-2009048366
1798537777
-465835273
1538872514
357967354
-2000889803
1272002982
1285823653
511759234
-1710821184
-1153121455
-1579572624
2051726374
-18319917
-2066033249
-630376686
1780362052
-1203342625
93335064
-690062692
29441251
83997818
202863042
-273505004
2038011894
53342032
-1958479089
1746471049
224733410
-98573737
1958289910
-1098047385
-441434050
-1862342586
1820549727
-642137588
1902524889
1599712327
-1598880573
2013676186
1828130816
1896150506
-1218040557
91203087
-831758592
797360221
-466979879
-891475054
401382633
-927002406
-1719898723
-1656698098
903055765
1872969824
1722664073
-288786428
1821580008
2146938021
-1142896561
-1569309283
-738170536
-1673591734
-11364278
-810121218
367288495
-1126849968
1998277603
-508219681
1155545359
-73225014
-1960985290
565253470
-1825440714
-936383788
844552692
-828411120
-421160189
1737786819
-2024366454
-1014949287
-154970311
-240244323
1873485698
1251299325
-116095615
-723044149
-1951906518
-618002442
2003037109
-1300232436
-1115873934
-76375161
-1863368869
-1170452563
439478298
-2067051375
-1663858577
-1665836297
54018316
-664720860
2102815844
2057602791
501812486
-1046795687
457876845
-1669257436
1709313147
2082114910
-72472072
604500013
1508849851
-1846157871
109365370
-1343135279
1330270033
-1657593262
-1126548623
612361444
-21155925
-893709230
-519898714
-2132438993
-119935232
-968331215
400770739
353159336
-1807366546
1131655816
813189060
1011757282
960642913
153933506
1884758177
1532074950
1785872955
1878649585
-1399694101
-1728121213
982444849
-244675362
-961140315
792681922
-879081101
1436394594
-779083018
1067307550
744254607
1807216371
562018860
-2066071597
1054434327
285159553
-1671923708
-1401369164
-63629952
-1321788030
-38822104
1971496802
1113853005
-820358581
2047013624
860665530
-1672042388
-2036667486
1035904652
124518543
138301151
825988240
17086457
71735449
1734508702
1217076602
511196116
-1658101588
-369755205
-1864765326
-562864908
-255195348
-1111864633
1340208842
-1858661254
-360187713
2051171956
2106508266
2114969109
902183237
260787579
832379235
-77927294
116873220
1437316799
480647235
1477157458
-1062997209
617234866
1067168682
-1022799121
426737257
362531063
-956221283
2075758560
991314189
-1700676791
2021916441
1099662923
611893009
326803098
1598396523
-493014853
-1453850206
1008017791
-966127938
-1411686109
-1398181166
-71803190
1603406325
1401546531
-1918877560
299513720
85061051
1110529673
1324710583
-1964579123
-1959508777
566506009
1389846737
-1012190019
-907604540
-1616544111
-545549698
826600078
-2045199232
-531168793
936843145
731082170
1359152548
1396028116
1421505306
-1017338599
1357825716
906960021
331298346
-906458049
1138597816
63093488
-1772632782
-795338462
-834989557
1523487348
321471781
526538752
1199585394
1087801605
1105388449
-1293098625
30567536
1797931671
-45814176
-817688811
1633053911
-901413319
-1690472972
-318664278
-1317611102
-1417449643
-1490602061
-717074822
1257642242
-1996689610
697543407
-160520640
1787886006
135226057
-86602390
80513680
-1099389281
-1416609625
-183583992
670893444
-1237336173
-1686166702
1591581894
-2132207717
-1639994512
1498919870
-190145814
335810525
1916303220
-902219757
1517223548
-661077439
-1673603124
926010033
-19270156
961101907
-634315414
-1940423308
157528372
-96536559
-1373293285
-1992692424
2061617336
-1459397354
-892402728
-723842657
1386112011
1054310394
754955355
352720145
605475708
-354207753
743688693
-1597497084
-627207919
1677378256
-131134306
138250877
1801903292
608435949
1082303053
488389333
1531340748
1777509322
1422584202
261796032
1725416358
1239751826
-998774464
2127566219
1630701492
-245241594
-1949537833
2057953956
-907648356
-305157980
1953303426
-1671963809
1846184629
-499108860
2056908245
-1059627274
351224246
222914692
-2069709671
341006034
649551792
-601060825
1657681379
-56736504
84613437
485973946
267091299
-782223579
-2089519879
777547064
1196740857
-102063826
1359553585
1938944111
1368421005
121660642
-284380454
-611482654
238410527
1157663041
-344898876
499944433
-1114993892
1506174545
-506706417
2098188855
1873480692
1064978719
1421339869
408089395
-1354107160
-1170615293
-873383351
-1386315223
1951929640
-1590714584
68023447
-419559606
1954934044
-1406804661
312796331
34946066
-440381183
-216528701
-1871308609
-2103301647
-288439624
247717056
2043158096
-2106585299
-1655455526
-2105925929
252340057
-1592185338
-472100593
1014234301
-1810084157
-164369894
263019424
49939026
245067803
1835653130
1506978889
1307962337
-1164753275
1593680734
-891507628
-1772562266
-1273805072
-533795163
167193058
-1823235696
-1697650294
1815712224
-539705205
955734087
-1102686602
178248481
160413481
-525323665
-1541297732
-1069173394
1482319601
-1569888978
-1558445439
-790832662
1172733890
560772332
2038747511
1803579190
-334774847
-2117550759
-1959191914
-1033848044
1437328421
-1068157517
376544779
407226957
542839119
-1656441528
-1399448464
-105237803
1865465885
-674776006
-2088490434
18699308
-526972290
-980614014
1739277951
787397126
137560393
-922263754
-817420089
-258308819
1683631434
-1126325746
-1776518556
1915289254
-1053389410
-835884764
2125164244
951171346
-335829184
714191098
-1391530121
1452598359
-1012631069
1449823425
-805941627
-981223553
1943760385
1945337048
-1332562623
-1349839649
-1490382797
-2138429038
-97468050
769772667
10726851
-614496708
2026505730
1684938921
1209345663
-739663779
174154521
-368283405
-1881569329
-1760780481
1958242604
1239101249
-1247984374
1817556910
521878402
-1485929673
156705028
-1458890753
-370956827
1628454876
-2073748245
696258643
-1976870503
106368891
-947322797
575470365
-1422883446
1487534541
1587334798
385788385
-814793277
-319575976
1837677889
583621181
1688561191
-1407513327
-1601601485
772241197
-1893854118
17649480
-881918360
1494002313
-453206785
1233068740
761840750
-967179565
688832552
-934679251
-2106144778
-70766289
1093708042
933977514
1844072613
-2012666958
1304737008
1693735626
-204727764
942833630
1231828338
1352559271
-1766194283
1947648365
-1051876890
-477300408
-970989600
-666173107
-1979192299
-961404601
-355189810
-1508661012
1262087217
-1817912653
-145019653
1951569333
-25159674
-718228425
-1432453582
-986353447
775551344
-188384645
17550588
-620019886
-1349773300
-1355845174
-973181830
-1215009244
-1993717198
1449592308
258220404
2089869029
-1329487582
2043745397
887688113
243513472
-1298635652
1748448470
-1410838392
-1948450763
1433260277
-514743469
254040759
-818594077
-150303160
-1640844867
-2044542094
994555529
-7466903
-1568808287
422918335
-1357124598
563369984
2052264618
905573632
-258504401
-1626159595
880301123
-2118935599
-1749165326
-578685177
-2083298944
-327053292
-1921880071
