816596894
1530326604
-1189398472
-841761432
-1132230157
-1175237868
-622434920
2111969161
1038797062
-1086090806
-643530082
1692312311
-1681955480
-872429120
1214074475
-88794536
-724070965
-97156002
-1458935124
2124656523
-307177752
-349871819
10653726
-220266535
-1701450333
-2004074669
923076436
-821782678
-479541396
-1975668776
-1256363593
-596789254
-1755253529
593133001
848555726
1650153164
1456208590
-1547215069
-1361131072
2047837662
1248318742
-130735309
-607298794
1400355933
-1075705776
911012388
-2115093820
1431220827
-443030190
279474649
-1648533911
1054065598
-1182604522
-2140740611
-1617436715
-526315909
192295649
-710045353
-1673058356
889765892
-1352731993
-160229790
-1597144823
-638237185
-882204243
-254122724
1312446341
1708086839
-1777484944
1432064030
1911334904
833094103
52337861
-1975143700
1343120288
-602650667
1540822849
-2029614194
-1585722304
-1928668501
-1110354214
123312479
-134869909
1793854796
389742029
1179243812
-206532607
1994857301
-1530684733
-66169249
-667098886
1517240451
-696656593
-1854178843
80809058
1940280165
371010553
-179872338
1226888100
2060048210
1503625824
66700780
885141002
2047523228
32356123
541900638
1201266307
50802181
-288190014
541364965
1314202023
-996057487
1059803756
-1734681001
1925298168
140829149
518688664
1837229714
1562759275
-1957155185
-1529835952
1384281812
-1244817626
1781955471
-695306101
210231626
-316904311
-136198827
-713288238
777188582
952895602
-979113533
1046342183
298187893
2128874941
-1831792811
1446240033
-1123476752
-2036805111
1674365846
-2098799781
-2102945519
1424514497
2056699093
992865295
-1531185111
1924720730
471501592
1667884285
1313463856
-592685863
-255163311
1874893457
1614950173
772829848
-741652529
2091850308
-90249352
-527694264
761935095
1625064769
1254722604
631562041
-1694527181
-345149108
140002209
1580956889
-218588887
-1682836513
-2057638902
-1159919495
1725231407
268876693
1093845755
1452582743
296102143
-1000088628
1233416765
-1594791720
257377959
-207999356
1031640549
730223892
-487748414
585789581
-1448865885
-1350672488
-2024607764
212827105
1861663575
691421798
-900862094
-427342770
-1802741527
1181386048
995214665
-402884008
-396968103
-1482148571
-217243327
711784540
796765460
-208465892
609018746
-2012783112
-366622327
-897832657
-701789674
-1199800918
1051569148
-420460358
1641891376
614957239
-155976806
1150651621
-1896616949
-2126912179
1641479372
-433844626
519385742
1369881323
-800120881
-1380086357
-1479477776
-1034239744
1602970756
-593204273
460091823
2047167442
1309648772
-393055125
-732781115
-544205919
-1757270921
-638305480
1944673054
195187211
1691810214
-816442861
9272132
57528754
-144910131
1268505416
686862171
-1521822693
458821941
-563266542
960330324
-1198394919
-2120470782
-2066484382
1965441629
393304298
1632332745
-610117409
861339031
-848491168
2109705317
840189998
973633035
235933763
-351057909
-1988297614
-1527818019
-11628363
-146240358
720936982
-1448049470
-931689641
1150104631
1312855241
883379119
462846955
144506905
825079754
-614360110
1510737211
1187507360
1449404005
-2147400763
-2144423112
-1023331668
-1890040132
670090753
-1926022299
-36926932
580196554
-1672646768
648929141
941916661
925373349
38774278
-1477126605
-724696876
-1583934718
-2129289039
-1345986911
1195000806
-234284802
2143551759
1007972
-1873154522
-292362213
-30212480
920634462
1423506759
1948563848
-359261892
-2105289572
929347523
-1935240284
989300870
268921459
35252275
-1515911995
-1992304607
282700773
-1924466207
-2134358476
1058367747
-192376504
1286785691
1114377084
996591944
-593653719
673334729
-78741020
-1322379415
-1931505555
1057234113
78726201
-1389697875
-1210282055
2146644058
1521436368
-902608162
-1193306349
2085978047
-348717110
-1466685120
-1482823991
-1934184315
826822553
2013510846
1899003025
-2101705730
-804655677
2083063654
-476227599
-1439642161
-1606263323
-856835305
-1618599712
1901707199
1895608571
-2064147591
-725085011
-2113757486
-907962658
620858156
-718054112
2131768726
1062306829
-1449412541
-1841416738
-1383229509
1440018351
-581067789
1509590033
313199337
-935072296
-83115641
-757414840
-1702745906
39234059
350128279
-1489145189
-1691251083
1281656319
-1086957960
1199853842
-30167842
87023782
-1327699210
99561542
-604401974
670615914
-524628928
-657973687
-854874155
-1880022087
-874316253
-1343676478
1568669898
47251139
507934843
1350686556
1018582322
586294658
-947646235
-2021277855
423622190
1514547962
1533070265
-1903044191
-790460794
2062186178
1975502903
849541528
1140974593
-598600254
598752255
-2048652081
-743517706
-852143299
832254406
678299010
1331509538
921918993
-922615994
-448181374
-467791684
-1223524803
1239000694
194697053
-664386361
1934597796
-2086758917
2112183227
1982672294
-1133105392
-738231074
2095653130
1052929269
-1337613703
-1548409474
791902045
962872213
1933184389
-653751353
1813570193
211596553
341944658
837264035
1591960753
1543310336
2143370867
-797147984
-810513765
758420530
459652153
1413598260
-921624861
-1980195474
1482784819
-1983189427
-1774803210
755047412
-136834569
1814361452
-1013379454
1488878079
1562597153
-149330172
-1782504171
1671589542
-1656126565
686989437
-443887100
-1994461724
833309214
-940763282
956048014
-182745611
742789369
-1166022389
1643943488
718454243
1868443409
1700424924
-1425388134
219040095
-450792152
-442777936
1270939378
902964692
-1240299679
-1398508592
1306580376
-1812728647
2064763651
-63836298
1707188026
-1625479386
-639570819
-1200223617
1493232522
-477376854
-1656077911
-1579875744
436208157
1204758363
1826982996
606004054
-1733242218
-1392890067
-804790018
-726081055
-1350614269
1721228935
738506205
2004768626
1746305158
1481758227
1002593832
-362260894
-577227209
888378837
-435915375
-712636122
718655048
-1568566913
-319619054
247419073
1769611626
-1162037758
1284325868
-1702996359
-1122748304
601896040
455316460
1525941453
-1864760271
-1947163168
-1092372497
1383504805
-1962659919
-1227825894
1916236201
-910634037
-1559072638
767686869
-2039650399
1401636249
1129970024
1798933429
86020223
616630004
1345712955
-1588466343
760393865
1391178872
1649156113
-792328020
-2056082581
-2026743308
-472511333
1135295355
-1882214858
2127162904
620852175
-416212152
-1752795734
936203629
-679429945
-875023523
151401656
43917444
-812737816
-250736605
-1625366719
1825995122
-415856569
-1322374220
-1537024732
1583871099
-1847250361
-1160998995
750938487
51001356
408635526
-1389871031
-1931009517
-1529368594
-1034519047
-1527724885
1211796309
1344651193
-236766123
1567318138
199920675
-2021054330
-1769231952
-440806734
820717101
13538792
2059330664
1137552825
1227157109
330991131
-32138941
61906096
-789313008
1625489790
1908889559
-2089080308
-1508658387
623433022
-1007269588
2144918372
206473814
-2072165037
-1733481313
-1013860724
-15976458
-537106000
-1496989944
58622945
1230578202
-2026657098
-643043297
-1865522714
1418541691
-168881943
-1454077413
718896655
209922236
2120178661
-2046546021
1898317533
1604408559
370545810
2012074954
855747370
1158321757
-898363754
-377614147
-1654441275
1550092934
-1443230453
1620770846
1726823489
-184690586
716340849
-176784881
-31224822
-436280326
-303660058
118152776
611539128
854832641
1438627732
-734475391
-1697771353
396762119
-2053413270
-1359058665
-1215490873
539706526
-521457394
-878237975
576537775
1182292974
-372619247
-1302521981
391034872
1376119920
-282216604
-193771394
-1760151352
-1874720778
1846113546
2052242726
-984394835
1510833390
2016093966
-244715683
1871122603
729848806
707187895
488176318
-1382766185
-1946660526
-155126021
9623045
-1335438938
-583755891
-989553616
-1806811475
-370580928
-581073635
-169110775
1982282458
-1674542822
961837883
-93728577
1509709177
-1180462205
-1089783663
1108117134
-274663259
-1768713476
1525863493
-1200579998
481331788
-754346226
472966454
2077980370
1399074578
-1022121896
-1855366780
-595827123
625432436
1906520295
1070580309
1770778002
-3835088
-1217290806
404428758
-354297499
-78797084
697632228
1025718656
-1443761281
1651425269
1404561923
1319087772
-1750428987
-820403534
-1786486223
-1678546168
1555004093
-1889239368
1929661514
258579515
-1709261251
855446935
1774014414
1979957893
-374040220
1429061557
-1318532360
-1288070501
268334798
-1221371022
1419050255
-418407597
1369216003
-1176466803
-193068549
133237675
-1466631889
242016709
1497527066
-1392052977
1471264792
-1022038333
-1115635372
26572251
-351295925
2065315894
-5792660
444413981
1705117337
-385835968
-1928004711
882315424
784520641
1742254352
-926639275
159124005
1076801134
-1690498097
-905444237
950821107
1195800675
933401024
-724602761
1361851026
-2090838284
-872794206
-1381228767
-338369070
2039777975
-1935355048
-1926631093
1560710930
1678391931
-1935678517
-1314431756
760534206
177428345
2128376591
1907363483
-394323943
1671827657
1696560836
-598750255
280749628
-1699378665
2111656638
-568825079
-1906576035
2060634518
897081832
300872882
-1186385324
-1919282892
-479942300
-1184808569
-819289509
-1107290354
523311607
1116121637
104733973
-271199963
-1902574684
-2038195235
1854218961
-1492072366
717660054
-453957941
-118336753
-1471076745
974771266
988207399
-1961277630
-33688585
458528716
-1317635110
1169872343
1172519015
-1589603158
-1806793644
-1583087243
-775622011
687338631
-147763300
-789178234
1695882088
-214600343
1698462376
-1085093642
304752889
682503445
954002414
-238080965
2100741025
-2068209999
1946247738
-2076373100
572171075
-21821781
-152658750
881458324
-550516884
734593242
368406647
988268001
699825865
379514082
-1378066787
-26567623
-743050791
846574811
-1517059939
906293174
105784546
46651956
429055257
-443965102
299083048
1486810325
1332771393
-639547220
1977374044
1386664067
-1097023132
-953708021
971509075
-295340919
2001274826
858912931
-2100887305
641982867
-1796386624
-1487838953
-1668603262
-1417690660
597662963
-1053534145
1139864552
48940939
1874877185
753400362
1476361108
-1982884518
1940180301
626115942
-1134145449
-206959239
1747024146
492625534
-1038356323
-1814353231
543421114
-1095137341
86890721
241092555
548182896
-1816800945
668405090
1242298673
1869489139
-727530170
-217511146
206494934
845277357
-827747233
652104671
-69925805
-897746172
-701987166
422382076
-1013719726
1940319215
1508357235
1222856385
874691631
1691003851
1660013518
1631475850
-187142949
332338030
115172819
327709677
582381060
-200349060
1142403205
1880712238
254425714
-1228570887
-1584828210
1930942199
-1102101324
-2006179297
956014790
-1238245560
1105365243
-709747086
-1909379532
1097706412
901962053
-71992559
2147458388
1502800813
1927759805
-1431035827
-2063035430
-1379886968
677860193
1171403135
1330810934
516560164
1975958245
-687099883
1897877786
1966201152
141629910
1093975022
105034040
356981740
779072515
-1001585432
270859088
793719098
-64613608
262160822
-1144522135
318410548
545806986
2054602742
1356221022
1827712528
-1928825414
1555456386
-214389604
-96651358
1252361300
1174772485
-1775934168
186399249
1985685753
822560721
-1403395097
1548374477
316972573
308242160
-177258983
-421986624
-291392207
-442624648
-1203880922
1238800579
2024416259
-835757533
1045430173
303863635
-637680539
222533150
950306169
177086596
-1249465843
-2003980511
451446949
-985918667
1837904571
-705608001
1942522049
58916996
-175868768
923570943
-542705370
-1953838972
-299651330
2049879082
-1294476249
1272368685
-715153141
1040475110
-1310437734
-1794050412
1595337499
-682428029
-1250113642
1311303515
-479535619
-440844396
-2065100675
-1434175382
668753060
585434817
1630615868
1553173726
1981985801
-533470757
220925137
-68434111
-239235760
110335793
-1219769843
1279380731
-911122903
-454569183
836117659
-442856183
1089469305
528478193
-923217344
82329068
2078618168
813754079
-1259198365
-764868893
-1766225252
-86720906
1418825168
1873447003
744200567
1752304163
-1028143944
-1789331546
1015186396
786648839
-201109252
1480049131
1021483273
-81829363
-655982934
-267589027
838280832
490804031
1211681991
-1574463569
1817373302
-1765950891
-13778866
2126349511
446351473
1067415695
1505190776
-1411233615
1281664044
-1170127932
-1711606466
-308893226
1903068861
-1638396231
2061667611
-677547923
1631613433
-1258970442
960411414
782658608
-1148353001
887553622
1419201535
-97017517
265248146
-1567011425
-1527051784
1657262257
-320814252
-1781674159
1779544375
-553857208
1577789200
320224130
296528137
1261658343
-1270058001
345538410
1296986393
647858725
-288281234
372367995
-689872142
1688178069
-285673850
436136117
-245725247
-2031941577
-1862670580
1422820919
982353503
1075503408
345592666
190609432
71495055
-672530243
800516655
-1164454281
-470655357
1225392741
147934419
1542992848
-23700571
1794004590
-260471426
-197861999
1361559443
-353139055
1612513274
-204008980
-1565843350
-571371024
-790370169
-1353105681
983212870
-184314809
-790883074
353541841
-98892791
-20566942
629595192
458212749
672322908
745625038
996310960
1307440052
2082946291
1464445395
-261223578
-1579662721
-1693339628
976239521
1848692742
-752681693
-336169895
-1411939384
616356681
829602665
446425267
-2087252243
-1917447525
-752742019
-1445012814
205448122
-1830956034
-1150162683
482372612
149345302
-784514771
-264382603
-1490138053
382021014
1728485636
-1183906399
1114524371
400260402
417874718
352156819
-400390798
-1275110853
-636325441
-1493636194
-1704216975
2075159692
-1160086028
1125071795
-2080151653
-510909953
-218799623
1570276338
-1468003021
-683489501
-940247590
-761973885
1603358011
418969387
-45493668
713327783
-1105004813
20682536
-221905379
-725185271
1916366495
2136723578
-1480931079
1184792410
-901607027
-1922318716
898529711
-232852964
1120032342
1366016926
-1823690300
311639996
636661091
700692815
1316924326
697717734
1818387891
-282955845
2059843349
439908885
202840538
412168282
730634174
1268449640
1769105740
-2127546390
-4281816
1803667900
1515913691
-588489818
1770386131
-389542410
-1792131714
1909280184
-1727431778
1051131808
-234399661
561984747
473932649
-1315829833
1379238630
-642675804
345129978
1180025026
-1886759757
-49251822
805622308
-245105114
-2017565975
-1858265180
-1663443931
1074295992
935460720
-75726917
-693663152
-454633324
866935853
-853801568
950076907
-2049145812
1784401540
-1123691592
-1663767974
678231203
-1543680226
216945142
1233069180
1954670427
551244267
-1859670128
-158407596
1622951116
104735338
-1447080971
-1536719636
1897792663
1108996135
760494845
1273859701
-1917827366
1610225541
-2125113246
2103391922
1010556614
-1705921859
-2092392850
-779484265
728689261
-1353337050
312783862
-2048560083
136549344
-1744493898
-975116922
-1036725320
1680428921
-414712376
-554762787
1271962394
2050173812
106312991
-560615013
-505805703
430113988
-1222406102
173642296
480359711
1477621028
-1113700471
-250758088
-1951096414
2063175275
-1855848497
100971676
1871745092
584955684
-883348343
225257883
-265036388
812006493
836968319
-2064807279
517105525
1268509887
-491435975
-582177992
-1858878987
-470527778
-133011516
472180245
-2032329983
-39627566
-10830666
-360549836
2104192992
325416710
-979080338
-1239097322
-123143906
-1262645169
71018144
438759914
1177743538
-1531016896
-1226941424
1884242683
-902621598
-164982596
-931173987
427782762
755144294
-1405704245
-174481792
-1864448740
-1228786101
-1931831631
1960512725
-977767691
-1873941478
797089596
477458267
47518533
783303609
-1703313314
1273538423
177855618
832321168
2008456954
468227966
749710136
-1397073553
-1473943550
-128983757
1335821372
-1996454738
-1338490943
1462055054
99452455
622418581
-1561685387
1137797823
1310490114
-61648898
645585440
-1157596814
112169790
686103353
1499377055
-1433943469
375242470
2060430639
2071997691
-447694125
-335674857
1719933129
-1594532098
-1779517396
484741039
-1342829422
2102875145
259210147
1383882051
-970341734
-1024974299
730087180
1681149783
-1160344931
739511895
1391216019
-661228344
2141540965
835417911
-2095827784
986908045
421843052
-1560783677
190003611
-797960034
755184836
-768908944
-922665351
-1872083661
1068991547
1003110530
-1929595786
-1994284239
197329338
1372140956
1226618268
-1741562143
743786989
1200636314
605340451
-569682974
1420035368
575977630
-1629510670
1242456928
384914312
623748456
1411065701
172587398
-800434343
-1380282901
1343672401
1460500017
1253671351
1402563868
-1678529468
-1248629531
-1791064713
1130493452
-413934832
1361702916
429397063
1521054777
-1761834358
-821077188
705284627
250862880
1001745039
427938113
-821368150
179037974
803003719
300212412
477156769
579156311
-203921491
594019458
-2123213705
-1605826209
-1107483058
-23563511
2098145017
1061075320
2047101520
-1107562217
-1556516377
-815313772
1390142134
-1418093637
-1797983272
-1864645796
-2015070751
1630592384
1064969306
-1794394488
816852825
229507808
-1742102179
26919536
677422541
-294706697
-536965424
-177170461
1611431256
1134774648
297061516
628672055
-1905890811
-264688924
885139057
2026672801
-1636608363
-118377480
1024451278
-53317434
1739961215
662588262
-1219210490
1317269649
1813000759
855221448
-1880995217
-138136249
1661104306
545611729
-1363239043
2076068311
-754558678
-1262098747
1042946847
-1260132746
2029861406
479805482
718305896
1603959659
-1626875236
-1342388289
-1665964430
-282225369
672468674
1491141293
-940407170
612035992
539398273
-1477836036
-486535072
-264388930
990126244
-1643246008
1323531033
1797532285
1074869264
1122728883
-199084091
-1523397707
-495341235
264895773
-1912564553
-1717058417
-1523678651
1170917266
-2075447582
634379802
-495780278
1712213764
469472634
-1118466795
-616009635
466454841
655426522
381349902
1410678188
365947910
237000104
-601023829
-38178724
495360701
-1867736778
-789560761
85633673
1906865891
244048939
-410411072
726517130
1068632102
-1699590558
-1580918130
-836460167
1986490253
-1460193519
1057100056
541780209
-224011791
1795635245
-938225086
1367657753
-894098005
385313805
-675832758
-1353777695
-1037979762
1913973069
208352468
1951359627
1949399831
1322621172
-1450414526
1979340397
-1266210333
-746730791
-212128183
-1949798924
-407341472
-1704973246
-117651007
378865644
2143626695
852755661
-1841772101
-1451348227
1706468681
-2057839213
1905552856
1948422008
1769981576
-871041399
-819240
-1465744045
112676680
-2057687510
-902149007
-359299470
255807590
904609618
886429025
-1619694296
2006349832
1466661229
-640905018
1091921660
1655690005
704206544
-313833043
533892015
671134183
-1316842138
-1748568600
545808509
-583293889
900642191
-855272157
1110690723
-1725251463
-1866988732
-2115146439
752040993
1300933120
1147768190
-1860487229
-826603071
-1913976061
519745496
1161106674
2072072535
-1464830616
-1981345166
-1728489570
-132853431
413064961
-445889511
1432714910
113674833
-132961027
1917080228
1866657625
71706753
-427457888
-1027144288
1412187549
-401770361
-732608714
-485384401
1157057711
-273191630
-1283778748
-412137684
-979569246
-1719437004
-590605055
1195017363
-2105942292
-1894891223
-2076357628
-351114976
-1789443786
978643416
1112349757
-1782295755
-1420470926
-190282057
547610665
-369792512
1556973618
-712282956
-883146175
-1046136868
-757854664
-422941390
1249310131
2052392696
811970121
-138396335
-1358641580
-952769482
-926428090
64064882
1489843156
880372821
-160546436
1947505913
1122438194
-637548719
-149230022
-906029484
857454962
2053076489
-266211165
354557756
-1069205875
199874082
-1576764218
413862203
576839593
639205419
708006379
450199149
1394119050
621143041
-570808017
-386759030
-1843737529
-934688907
-6620845
-765140957
1031392576
1233161003
398009296
-332191189
-1512123313
710433220
-1230905554
1238671801
417728573
2037753151
2080404117
1994749963
2078191223
-632908132
-2057169244
482084045
640330240
-324316222
-438923392
-1633134437
262305193
-1606271070
-130558928
-1673792572
738332032
-898262885
997480232
-1164991151
-206144635
-530966240
-908278749
542758469
-1683293277
-1002144105
1261389621
-2063088347
-2077234466
351672964
-1171803872
623932858
-1845168696
-1482763802
1258097893
-153069292
-952944071
-1057673503
-710247778
-223809070
-755281858
311126172
376071051
-1823475551
-337220015
1922205036
-307733655
-240270078
206118090
329972529
673137418
1157824079
997797013
-1300991488
-1256292318
2114574591
-2082478811
-1518039806
357195358
478635048
1529650600
75947419
349760954
-127554747
-713345668
-1564056371
42856979
950513721
-242933791
1921205983
-842156037
403997075
-1976895762
125670713
591913676
-511250157
470796745
1917342354
1849198591
10727021
601790994
293999948
-716231746
1737476684
-1503282017
1549986846
-214928714
1801315737
-1371860626
414542067
1417714994
-1484222212
-1638447401
292222481
766648165
1228185762
88448001
-981345923
1387588358
761165889
-1268197738
-552236386
660094498
-1648258216
-911384646
-1557643744
-101053651
-814101061
-754205640
807324699
1346129497
-128831410
1774048254
-393063309
2745386
1152206352
2050800843
342705537
884585802
-600883877
-1119618010
-1182816014
2084064153
-1491969687
-1200458607
957405935
-687004536
-1651345382
1911583230
263393150
517100711
241479667
218466690
2046773799
-1911926661
-1258534294
-318750648
-232346662
1227419285
1823383136
461155783
-776979696
2002908895
1323011822
1446415671
-1635218897
1040241464
-1604799901
-630820288
217767986
556938563
-373725811
930157812
-813578359
1382139260
1055805240
-743773953
1406609213
198913931
693835763
2069984285
1485458007
-1803608100
-198616551
528422859
1239710082
173147759
-1584656881
-1657454015
-431289617
-659311892
1897330378
-26985826
1138232440
1416371706
1065472659
-1976107931
-791614457
2108355536
-815311858
1507644968
-785071559
1406972939
621553527
229752706
-1827527875
-2112783678
-46495697
-20866487
-1544644094
-773929257
1023617655
-1633561852
-1450692207
-1217998449
1039957370
392172699
-1311002442
818236261
-1935308400
234619725
1340107750
-154496486
220327616
1187853029
1175769436
-907299824
1238943623
-476722128
-737864828
1038013656
-1210551337
-904555095
-1700293219
1572914953
176001122
788026230
-83820903
-2095452333
-755261929
792048279
2101089863
-1058683693
-179692052
816329564
1115672755
-501120344
1256269022
-2063349992
1938828236
-1768169787
-1193497547
-2018765549
-1611873465
2047400456
718152204
1651874500
-823509309
-168166004
838336016
2119965503
-1133380050
-125003462
1646747272
-957607444
535144550
1285871526
370930068
-1463542663
-1822785501
1453701912
-1112625479
-1603366895
-2042977517
-1358735385
-1410587492
1176677837
-963078330
-1139941363
56581901
-1207948694
1784924876
187257848
-1760122553
-1102119620
-210572900
-661721954
-1615089547
-545740189
1229139382
1626510035
28101240
588217403
-811987572
1127741406
-1684183833
2139840536
1546185886
923280201
-115351465
-726967757
-584535453
-1731098120
-1579459621
266716382
299723631
30016124
-1454099250
1212206847
307255505
606808744
-1269416241
-1768952389
2140213693
374805093
1014757388
1974089073
-407594134
-736346174
-801227325
116968937
718510909
288186447
-1968421626
-1577323059
-558430425
609369002
698604478
1012418903
-806029238
1293728602
1885222385
317014091
-1221229598
1732647899
-693777593
1448154920
309444194
612735737
-1756493623
-1233283175
981290205
-1863108767
-1160914196
1912370225
1464674471
1008620916
-1184214066
-230085800
-1217103556
992566622
1131344319
348759423
1668982879
62432871
-372946430
-1686240614
171709574
496255880
236329939
568019663
-1162279563
-289307327
1002049452
-1848379797
1338820392
-1663941463
-496982333
-573800171
629214965
-1552593978
884481751
-1788249019
877661938
1697935134
-2134290900
1476908278
921295763
-2063455090
-781796396
-1215872871
557320087
1057088345
-1472301009
-1944451763
631544357
-1978467965
-1961723468
894210381
1851245362
1800962656
1553170928
-1330997847
-848170459
1182546535
-1231630642
-1567713223
528364220
-502993845
-400614375
1963208910
951252016
1812304716
-902448833
175400361
-1504338281
-1175728439
1259910999
1633082160
-1544054135
-880182502
-1810926747
312068830
-1769361658
-555842660
-880344868
689829243
-2018715242
216351244
791427171
1019413645
947258546
-118161640
550596316
-2108420339
-699645854
-378312653
-1857415007
443233630
1826578727
315035304
1179049232
-10581894
1202661658
-1307950094
-538911159
-1531465618
1652121428
488564553
1479227702
2094728712
1013414288
1320745088
1460535755
-224783411
876264463
-402717682
-14794866
-273108432
2118120379
-1279476631
1901768281
908800769
-1514000753
-1978313574
-705869985
-1018736605
-448391627
-60264435
730715756
1099485570
-649211664
2029370281
-433971344
-2111431101
-1291875140
-101153760
-1275307971
-759157444
151460018
-977937017
-807339377
943491237
1202532529
160247848
-1861668275
-1919985392
61169466
180633239
1910991886
-685331562
-1346528868
1908734210
1321715678
-653826222
1789459024
-1726697011
-289508288
-373316077
1775320486
1571915614
267531639
-833002420
1991304352
1543247668
-1133404927
246660175
-1343086051
-937374146
-224021149
89661626
1420621369
-1135252886
73213484
88361521
-2132730893
1333035387
362222643
1383648333
82750737
-2067128033
-119193054
-1834514989
-1600479168
-142484416
783365432
2036097064
56264062
1784142234
-282566071
699273732
-915069764
1412675469
273655562
1848367462
-432282946
1701665076
-83979381
160981191
1367019590
1961423029
780617731
-11451502
-1887598736
2033769178
-2083001645
2084955602
-1713226913
768155616
841939653
-1470655699
-2109170151
-536760945
-917765740
-148367088
-1195179857
160013962
-342201680
-570732501
1833718177
-727244056
-1771273663
631458080
-277815937
1130159618
-2093424532
1521881206
3143123
1520356750
1932313814
1321680339
-1441357250
-1509552660
-1702222234
-766590358
-1326333984
1997279167
2070969166
462006961
-143117571
306909888
739999050
-96942249
741609181
1187707342
-1550619094
2112647541
-1577330702
-1136735160
1568579726
63692291
-910474176
1049131167
-1703130896
1555674253
1432165881
-467817434
577559272
2090786085
-2070008729
-1421749204
-1450412374
-1296057957
-2035595506
-323576756
-2071450926
143605227
-1528105199
986021378
-352383389
62299126
645221076
916075905
-1620281587
-1874889099
2126692322
-317771836
-276246610
1681510186
2135254801
344606179
-452799718
1310073943
1764599524
1352227239
1951084319
-713068173
80625712
-2099009696
172544963
-1693972709
1428781313
1425924341
443314895
1622634054
1114345917
150758971
285078416
2075577021
1001711754
1350577802
702996188
826044617
-1982304531
1353725838
1055459155
-1246846419
-270969421
240815450
1231090150
-402610602
2101154579
-1919598654
2007483037
-1546866224
-1074452716
-588719895
-1121930860
-2048896772
301351468
-1030543080
1513770054
404244992
-1211583959
-1677034543
795608845
-1782306306
867711316
1373014563
-1212357911
1486418311
1124578259
-1118454208
1021848448
-1296198574
-1041289393
140155980
1963037029
-1410121688
1718704342
16147575
-3529572
562470690
998204673
58933837
-1392774307
-103380713
-1011820967
2068946252
-1662365416
-133179313
256296438
1686199990
-164558407
-1165666949
579375721
415842473
1712129324
956690153
838998235
-1032095124
27074339
-805130509
1208605813
1714970123
2096248598
1551443384
1282916354
-1313555675
1707195531
-357680626
2061186515
-570221821
50215831
-99576394
-1895167517
-2094257683
1288547748
-900128559
835660346
1523835320
-913468813
-1401732973
-99413611
-1787934301
-384756380
69061942
273528902
-1704992924
658883317
-791612624
-1263784103
747830652
120558216
-192646233
-2108536328
-338898221
250955880
2025125924
-574424816
-861814912
-775785459
750677383
15667
1049766631
-992702817
-1081304518
496882368
2127963912
-564331080
-117283927
1058012224
-940608234
-1757806994
-1198819599
540151571
1065271111
-400245616
-1789703977
1586931275
1582439402
-804054482
1423417595
183345111
259009981
812641118
1161569356
1743407075
2068084096
-1397446083
-181955906
-220834177
-918116155
1511778100
-901075910
1436853118
-1916788214
-1982596740
-717492010
1377875104
-403718647
-1198672925
-1538084794
805734899
-402802099
-1715789361
585047185
2124434549
-516527864
2005831811
499405831
-1271020802
488361507
1795844257
1565824625
749973852
-1806993001
-1250518033
1704925578
1783596479
339161851
1050192733
-1922944850
479066199
-1853601187
-1520989882
-540296239
61440315
1875812948
-1421550602
22876594
704628876
-1379285163
320431212
1676073295
1520137434
697018437
1456115040
2078574235
421657541
1769063504
800810630
1506176621
1899714791
1808458232
-1695838188
791979452
-1534865679
796697456
1613421186
-2109464567
1551243027
-1015182293
-964649328
1916453148
-2084658527
1467042735
-446557811
-1038723598
508482291
-1103208018
1245911509
-673863435
1536248716
558985046
-1732155494
1942103405
277791357
-374093337
-1990076953
871087670
-890965237
-1738530170
-1546364958
-1661989965
-1486383473
-224831663
909309521
625005826
308119453
1723122098
250913118
-491947920
30045032
1393202680
462740126
-298457297
643284325
684992547
1048410959
1063594054
-210405075
-1729549826
-204465439
-1042508088
1433837223
-1110821261
-92218953
1285050184
-218506138
-830980582
1980535854
772309131
270707791
1702734098
1764803037
1772262271
-1673752962
-125353452
330007838
-163029396
-946041239
1010319045
2020519629
672323433
1177777734
-289015478
-149374385
-2031027696
1300583594
-946000095
-1892481578
761451637
-2132723598
203151663
-1243297054
581168979
-1761720602
-695733996
62823178
689407368
785485850
1444722630
-801479428
268189379
1220691351
-359837347
-1077393983
-1785437829
1402484539
-1007367637
-2013222331
1481289762
-69551523
-1088890609
-1340570346
-1188338278
-1626054860
1046868746
-767779732
462161127
-1127081864
1197507602
423965800
-1003229146
863680841
-877633242
629381536
419625662
-511316656
-1448556638
-1350610981
-130913580
577244964
461405652
-1332680424
-819978748
-201686802
1402136782
1537525973
2069546317
-1551996081
1346120573
340809613
-2136904628
449971840
1081058042
-334992767
-621297748
357487035
1950962720
351265723
-2146187556
441015513
-271573411
-1952330161
1182860547
1871808571
-2094544947
-708150556
1579169072
-1025745170
1473197700
-1097375630
1013585366
-336662774
1333291819
473810252
-95488138
1693697114
1405948109
-816548767
-1191968099
1356523841
-666126861
-977468738
19556625
-1421962789
-1382612243
194865494
-158599609
2017776994
-783187598
364050181
367768343
261691858
-466237077
-313270574
1988137138
1646138832
985933579
-1073420684
-1055174957
-123499321
1088163362
1323104535
1477972276
1626941780
-416747853
-1656184225
1087330371
1886001635
-1615905085
391886252
-78556907
-1253878886
-1237332621
-973101664
-2106478438
1321246581
-1889225903
1597067229
-1948676590
970642865
498889706
1785282835
-516427584
-1540101266
267199651
-378161863
1476461788
-1694255473
1369615560
482203673
-1078514739
749898724
1168667365
-212202990
-960996457
-285402229
-10482860
1810181401
-1237483119
-1823527021
-337921001
-962118144
1457577052
1840853217
402450919
-1661354502
-623148784
1522439767
778289805
818589790
1366917047
1937351218
-1761691537
170602667
-1689822466
1349718451
-673340563
-64822068
-1082996951
-263019775
-1932158227
768724892
-1140595641
-1971874483
1858067764
-847362133
-1020041305
-455702729
-185640969
-1463478718
1400203402
309090159
-249715151
1409155748
-1390951399
-1838421089
147429175
-1555608170
47074456
-1975058040
1544459017
-1915821790
24524764
-1810862485
-761434134
-1072154473
1107132666
1236824233
284462385
6964435
770847041
713684909
-1149352095
2038485187
1325974633
-1386609143
2014976375
659630635
-618128373
-1521970721
-1308229757
678040226
880588372
-1828419710
-178065798
141769952
-1627644939
-142945700
1340634441
634444348
1708964189
1223856145
1627970349
-776733585
1393923882
924242404
369643329
1864945565
-1539529252
-2020568999
-1147208360
-1623199594
2052165835
-103172836
1877416973
-159358120
946752602
1746689825
-1042986985
245624280
-281685139
1115669771
-1333083935
1333254913
325896216
-1401529903
1505122905
249063932
-1934693480
-155773025
-1540212728
-1168282190
284139910
382080249
-1873173150
1907548302
-1583156663
-1534146522
-1552703650
-1493143417
1800388812
30710987
71557961
527386461
-953997456
-1268465707
1302173399
-1458728158
1797795908
-448903780
636476795
1900253947
541482099
43257413
829812472
-2147079129
-2141409539
-220328857
-1388739786
607079232
569781930
1113969136
-1263556775
1160025537
1030755130
-2062252214
-5943281
-1988546616
-1070001696
2047258809
2075278633
163551772
559185137
-1479776762
146670189
378334320
1170418392
1568858209
1821133225
822013928
-1222682547
-1604418941
855810571
975887837
702020038
1292549907
690712752
-1745697059
1447768109
-88637110
-987834758
1763436021
-272182062
1090649049
-2043437275
794846257
-1183756126
1281425929
-462975588
-1462022045
2056008345
-56930524
353343881
47566627
-1264240267
-1873780717
-489295318
2062075671
1180812459
1979892552
1360321131
-925463180
-1881415522
-1197669667
1274720816
-273393980
-1454939634
-2124903171
1624555761
3370985
-318192434
-713015678
1503892876
-732527775
-1831943751
1912501215
-1510666411
1323265739
-1394946074
-79641536
372073586
1652976809
1119094042
-1812346129
-2027308698
1322489446
-129824386
-487873799
2008817130
-1769995621
353178257
359397649
-114687229
903086989
1882134879
469555123
752057936
1389119994
-770064397
912494988
1287319204
-853020652
-2011063799
-2024182248
-1475750444
-971132723
-419508984
1535638669
-1322714159
-23670955
999439150
-1103286025
902770424
464679648
-1946833396
-295587932
-1412745816
-734233940
-1589660619
-100799807
-1937586923
1525616194
599467570
-868157884
2120847707
688287227
1524467384
197539341
1414580950
2132985797
256291356
1661291079
396401840
1877742631
-2100850426
-173416940
-1718452038
1017659266
-938163612
-2126037911
-1315144577
-399236200
-2069532510
-1061826763
-106259562
-1663822510
1385022999
1302785224
-1262142664
1297681085
1093121218
1037932402
-1617429743
-1771856555
22283573
-817818773
-852072614
-1856082810
-129441584
2045277938
-759648217
207463535
293751602
-275998537
1662779901
2024385768
-1195622675
-826277763
-277392473
697779398
-551198344
-467485189
-816923319
-22049443
2121564777
-1497216509
517778613
-481375674
1350195683
2100549094
-1228305667
1124653409
-1116980660
955886869
121612104
-1987139811
-1648645821
-341144309
-254641431
1589650166
-786820143
-1084483734
-41051475
-1337296833
-897117730
809484900
1022421364
-370503903
-1405424411
-361501860
-203104254
1751652835
-47817237
-1962872884
-687145450
702394986
802928300
-1609273239
2138814652
-1272525821
1598351895
-250928508
-1455130145
-661357216
-1009965059
1694225330
-720534238
1586915040
1524367364
-998472785
1954076143
907360531
636174305
730118271
-2008528177
-502227075
-715128634
-924946219
-915754500
-1662348392
-387803112
-1547085640
804555572
-706323425
-2106040476
-1802886044
369267407
587316361
-966948973
-1814416018
-841913837
1874008275
-2033423523
-1916146134
1530327239
-394292862
-1144843013
820664144
-27319291
17325032
1789848352
-658965539
1501009492
-1772168539
-470697687
-325902538
-2112760587
-27051408
-877492590
2032382355
582372989
921278231
597684652
-1416517990
-1499033949
144567492
1399914892
1374327370
174515035
39803265
156017478
-442519526
1955905315
-1504742659
957302363
-1716930463
-586126181
-228936560
-1259778961
-1068881928
1238755163
-691320452
-95928257
-760816099
575270400
-288901259
916981713
-790154086
-1199726200
1823681890
134776300
1380447781
-314817057
796752485
-1751687478
-737290486
349960121
709685528
-639314933
-359377913
1761831842
-36914406
-1443501075
1395727222
472123987
-301047607
989157306
1451386033
-544670138
1502972240
-764949119
-482289231
-2117007733
-636406045
-1444951800
-1609304328
1924276956
632685385
913827840
1634862513
-12358417
1163993242
1427789178
-712829932
553300747
1743004234
537852058
1435537423
-1236228130
1918227045
-1817093495
151087138
-136856692
-666593509
-255166544
1803343498
1421799947
2037066879
-1172705246
-993248607
-2021963091
1968223883
-1285731495
-944331644
1810337022
-1807126681
-774159580
-745081098
-992768305
282949098
878987744
-719862909
-587642990
-118521760
169394149
2072921320
-2015410968
-749373554
-1890022333
203430833
261444728
-1053737486
-1371075410
276148516
-1112443134
-2106054834
1200197814
511009885
-440373069
-285481881
261477434
262268346
918457018
-248518902
1481190686
-478649224
90331675
2048033359
349724731
-825134434
-1286823998
1582385953
582177175
1561445145
483235290
2016705789
334955477
623257128
1898004063
-1336580359
-1027892497
773351418
1024034545
-589290233
791893537
1539372436
113661419
1818306938
543864104
-437031944
1104729268
35871433
-1345766228
566392195
-905933996
-13907565
91590137
-1755735658
-2068438710
673989347
-1095318027
900850296
1481693084
1855341236
-1701292210
1246788987
-985591762
1569458871
1807012850
-192104100
429618775
-754589357
-211854908
-70449425
1188404401
-832717588
699045516
83943419
-1102175184
131325799
-1169713362
127383650
-1605910411
1287857646
-953821666
-476881531
-878727836
-630976272
-1570685677
190212070
-1610782221
23709803
1889668602
716546830
1103285317
-1615552403
-19011795
-1948414032
-203373834
-1760960041
2041075428
269181965
1227249592
-2139563164
-1003179541
-399823206
-102447330
-535724311
-2129518187
-1235026207
-1659059785
-65990947
1103502576
1873623204
991308383
-370302948
66634041
-1574800057
461694416
452031463
371834258
-1011509393
-1737322625
-1381798353
-1709455887
-735382299
2051942309
-1991627758
999276891
104708800
503320219
296451749
-439867566
-847974461
-1527651990
1526877684
-1931460468
-1168393981
-975238238
-1119803322
-1198899483
65455309
-1388567958
-1973943899
-813539179
-1526005818
844127448
1368909724
221549221
522713170
-1946305149
1521986882
552945310
1865061433
-1964392107
-106376329
1057320836
-1435304824
662808485
-1449381523
-1566254590
1137894325
913483652
-443932310
1425363942
-962098683
920626774
-544590389
1638160078
677717042
539181988
847428171
1333275171
-836794297
-1568256463
-1552382587
-1019695033
1442202831
-1807747510
-179577161
641422089
-905411026
-208252574
-1422427192
844940129
1844932174
-2058681635
-1741497461
-1968537511
256098941
1021910572
61440069
1705597256
-29486188
944150041
-2096312724
-1824170170
1460585564
-1445147293
-203517007
1481308635
1791857198
-339665779
254704192
722473721
771130329
-2009112334
778366022
-68186580
-33267001
178645277
500837299
2141749007
-1579736478
871584343
1549836864
-1126837503
-1844520525
-519296128
1138077107
-1345691111
-1377160372
-1004048094
775711842
745053014
12679016
-1770113341
1629113845
-1421066213
36017232
-1153691270
101018734
-1978670375
1228720383
1718818756
-1479478930
-1931535091
1768740360
1135577751
-3929168
1830924397
620550327
-1393263689
-1978910502
-1256519843
1079456887
-1247017655
-1805392012
-2044933977
-1741279629
1655367333
-1041058504
-1784515989
613162878
974166640
1409076619
1217867860
-475897801
281688552
-1404359605
1785094412
1123570536
1628422529
1015990475
1384808177
538849966
446204593
2040327451
374693896
1901953375
1807552264
42155404
-1863843534
-1229239897
2005485698
1314272370
-134262628
-1912698892
-651934944
948246059
1956555644
-634951533
-1641630796
1185587552
-772275463
1986673563
-2134661124
-1534984310
108846186
545997577
1833149427
1998305720
-771579709
1151778604
629391458
937866638
1268248395
1598217539
1445961404
1860009616
1498408850
1748986980
-175749589
292052896
925081250
-200180578
-404275738
1971916997
1733899124
-1627960222
-597264187
-1494418131
1508062885
-1179441122
544925206
-1177590412
1881299305
-954064854
-423314511
-1234902490
-1700882497
-1197849
-1759130295
-350352766
-169061914
65403173
926385413
-458800255
-2042296049
25393861
-1496362674
1147665174
1973597011
-1310236257
905681898
27513782
833084135
2091474085
1039179337
-494631910
344849549
958534984
-1241667809
-1048875198
972478797
1155707162
-568810190
1557543101
85241700
-554677836
-1021899916
1515313447
745049725
-547062055
-1568120236
-81004813
-946521314
1501726427
-1365763504
-555055254
-2135403164
2103599421
-626953266
-1878131725
1134737139
206180249
-1199992788
1583513492
1566850087
-236521276
-501153771
-219608904
892234895
-2095588817
1691312918
-912702670
-1881885030
-1827017841
1717628016
1372165762
-1872219502
-135128896
643227951
1595591765
2111316170
1360360934
890856315
379132754
1314887443
1843548629
-2009456851
-425944557
1495011700
-1364358478
106736549
-401645967
-1951409639
826149082
1784854234
1432341764
-2003927925
-1295350782
1892109746
1657396457
29407265
1546385054
888526227
-1928703035
248554934
1530487687
1545505593
-2093269494
-1436154725
1416090071
550738633
-959895687
-1339694385
-1810652393
-740874970
1566889959
-857205651
361146268
-734804349
-456288189
-1115148699
958436653
272527930
-1416870954
-893454226
-2126658583
-1682327589
1417128397
-1244886469
819090791
-364919418
-245431564
-1047885844
-579982818
2040118141
1673494468
1627468231
1119897863
-1291836172
1832268447
2131835687
502701440
497658411
-324019623
-1519412044
-440324237
-1781903426
-714321670
1397741011
-1769064009
-1703487685
33792705
418140512
-469318986
1074074869
-336129684
65266074
925473615
1421561623
-667383882
1012827998
1574758396
-2010252805
1186414881
-2091190120
-2085840841
1003251132
2124982773
1655282166
1710125081
840053001
1194376072
372301789
233474116
-757295812
477976766
2137148064
741435395
-1145053270
547122899
1048998383
1463229871
-198529988
1301077591
2096747405
1859975508
1407825214
-142184326
517691717
-1526084205
-2139599754
-344630135
1162398238
-1291134263
-1212755592
-1704320584
55876301
-2106210192
1583462712
126269729
1520685418
-1729736507
-1153893664
251552780
1750724711
1584956075
1181808100
441293425
-1159455555
2039135695
-1392302766
874765754
613675879
-178205429
-637127570
1976660940
-921845229
1593033487
-1701164930
78073416
1402279703
-103776962
1819251681
-673734131
629005473
1352724693
-1195735450
-1689652479
1035432754
-1071995310
-1228263718
-1849845743
-1345683635
-506525933
-676683294
-188613771
-1057399189
-2063572676
1753643531
465312568
1757312817
-395786786
-652753633
-1868231177
-1377642268
1192109397
665449146
296062952
-1910841828
1175539184
-1842112484
2121194526
582862519
270250199
489168191
-2022615542
352877840
-1226174167
1645127467
404080452
782957169
-89095836
-1695755383
1546007947
-1688011067
-1409920246
157882742
-1478519542
-312602735
894360704
-1032723558
-1309287716
55046693
1363032376
-25970824
2070426578
-611707634
-1008244718
1408892422
-90479757
798203086
34827263
-1942273664
1913425732
1531512782
-973647129
-137694088
391051848
-1019896429
-1743173940
-1967647182
-383028022
1057496368
-1777136337
1677805614
-471825319
1485266683
871536818
1639721221
82741267
-1195188861
769626366
-1160312712
617307430
1628330433
1488385254
1446594757
-1198700653
982978188
-675530036
1584922941
945103669
-1051449518
1972474691
-694569454
-1657003774
-1392808443
1570714102
1086142837
453612687
1203659858
1126940871
-1742403104
-1690724903
-568116200
-1830395589
1718206896
1210415937
1351639831
-1396383724
-592745482
-1532268584
894997992
1293877055
-289222003
-1094538787
1149283884
1461320176
619780463
1178469763
-2074632184
-1643796725
1906129732
-53016586
579623632
964615621
-376161477
-1648914784
1207206145
1732313227
-281403363
291024551
-252564619
667603490
-1318646625
1525778618
-929682479
781777166
-561182473
-15133427
-998276543
-1644505800
24662449
-873845855
1380973159
1873578954
533020610
-1977004856
144253840
-1733595811
809770461
-1730155032
732174376
-2039997866
-1170964731
836324990
-710293392
-942929523
449243747
-1045882522
154713197
-1279371986
1441591385
-1985718695
1860206883
-215092764
393018582
-1581682762
2081043715
-1402620877
1387297515
1536970884
1936254881
-86980571
1209539998
1015537334
1055113385
-1751351512
923492862
-14264911
-360242669
1997445174
-1716150665
-666483444
1462319509
1647666742
-206294169
387594134
356627801
-1626769246
1428074736
-115521892
-1271164944
-798053783
545981967
2056723819
-612161659
-973292779
574426349
593375507
1476531285
-950675920
-372111243
1679765614
-1109560738
1918086372
-1012013274
1734144096
442667606
-591788575
-579248343
583817311
1884898782
-878188669
-1638058074
-1645997259
-927843593
1525596210
697848658
1907361796
-1510270284
-553045748
1439912012
1752489866
-1184276687
-1948164415
644731177
1236277670
535303363
53537983
1664009037
2093315867
-341575056
1296238222
931280508
2054339474
-967527007
2021858172
-1845192272
2133789669
1899564310
-1513541508
683962668
-1758761830
1822908185
989785162
-1147086384
-1275190099
829605622
1371980243
767323567
-866449263
-445078103
-561980204
-295608866
467071353
162628057
60798145
-1842555506
64283859
911962885
939026919
1814362717
597667860
-259814404
1658409172
-54649368
1419443386
244775058
-2005708810
-1878461276
-324853618
117162640
-1429671039
-577968658
476261930
524055020
-652190826
-1192310432
1440549306
1934687289
673409185
1135977829
1222084102
-1774012576
967559682
-880524529
1537396143
1997554576
-1158753553
-566777049
1189321912
-913203085
-1667810920
-1144528763
387583560
1919672737
-258399093
1573481378
-962526547
304559705
527379033
-750548117
-1557175900
1836136558
1077225338
-965206185
45399255
-222251394
-1493168531
376938171
1895765670
1328508266
1897928227
-2127777444
-2110795479
-391027455
-638784867
1093680453
568461685
572056574
982631379
644873691
1548018463
-1328468172
-1370913065
1321138222
-779057155
-1540782073
-1193716422
218652817
-580591565
1571626526
-249942354
1750254956
-686995859
-392435626
1799915756
-1605725360
227851369
1466145017
1759183320
1625835083
1732928440
3612975
202346466
1664605309
933572
1087797172
1987105966
-1685299733
817528340
1954518730
-1182042634
1321438610
75357646
-920853135
1646633135
1441470399
-79702147
-514555946
-1765205398
-354823779
-898651116
-1554050296
-728595203
-698032625
-1809085901
532955121
1061075042
453102527
1203590312
981842307
1436112606
-366739337
-767636169
1143050801
670957413
414516655
-1156634722
963079328
231719484
1961658982
1239435475
681804702
1323351008
2126917173
1942107791
-1419920046
1895692838
-1851758176
1576499983
1562000821
1718751139
-1703860305
549814553
1282157632
-359466675
-407771971
-1239405508
461545703
60176994
1877894799
1212166492
-1688015803
523260552
1727947175
-953683091
1350741783
808645173
27500506
840099966
1671918830
-659582640
-1865712608
117951225
-568801760
744115224
1917568938
-7988440
-1081285377
1011034692
-773821382
-1714703109
-33052083
364524652
-1951375442
-491291128
124138734
2090138535
922074332
-1055232046
281632991
-1554876556
214832549
1754825293
-1128515225
-737911331
-235580860
474954401
890428043
565402073
-478236185
-1869618642
1146189254
895861746
-1144733568
-749229616
-1154322951
1648804135
520246748
-49267357
752729760
-874124270
462680563
449285001
-422370746
1583737933
-100529534
-524958294
-743723974
351445010
32120279
466934844
2028915075
-448938975
-739926293
1807547204
1937890576
424347110
-219476299
791530267
720956211
-909931558
1385617084
1709472117
226625616
211386409
814659822
-2049257825
-1685291311
-1405314668
789309616
1359729415
652730460
1698242200
-221961930
-811677439
740718152
-1457914161
1613974803
-383680825
164742476
1342742167
-1061121261
713505986
-155772807
-315934479
1897585736
372364295
310200170
1047329706
1809852258
-1415671517
1360276409
1835614655
-798212796
1839798043
-1784579660
786796541
32807635
485648045
1268117583
-958646296
-795302896
807048668
399578205
986957021
1238987880
559938475
929622778
-1721919622
-514990006
1226757160
-519149748
-430419139
43809786
-891772757
-2007072918
-2043084181
1141816228
924502111
1929059483
-1452796878
716013748
-737133311
1430674115
1508743441
520661092
-385734680
189647641
729440631
164654998
449307460
1360703005
-829300054
1518387171
-1872313430
662132937
-1250753046
-1781810701
-1406765617
1451833606
-1029945899
645009678
510063763
-241029791
1873395213
252513267
-1328456895
-2036128770
-1240329961
1597456104
-1572005867
-1703594804
472991878
1606308626
-893959426
-1967281415
-564194472
1230597894
150084772
-431705688
532678303
-586869601
46070187
-1060268063
660063331
1172211729
-868934087
-1617240119
-706990906
-2023353282
952913333
-121139950
103284073
833667144
-98954542
876766900
1596818190
-863548825
617415627
-254861348
422592895
469335035
-1688107281
2101124133
1393997229
432679652
1539300192
-314653947
773035547
-527860719
-374642153
-1790077303
-510596
1148730199
2011669290
-1596817084
1836575643
-56075133
-176755887
-1391980668
801024122
-377751118
2006736294
411011015
440079806
-1511693601
1418814891
-24963475
-1197544887
1809846972
-1569950319
-2050850642
-2011278296
-1010590522
835083447
1579389645
2082577584
646899859
-931134864
-1855013491
-1406506269
-296006034
-1629320951
1763940068
-656390121
-1156814555
2087722249
1481126382
-280081703
-45436640
1515975866
-37649884
-40498162
606352565
-66829336
1374830029
-1174779301
59769275
1378953192
2084631476
-26878010
1489376348
-662188069
704464922
-2051412579
-836313297
231826740
1260883182
125330070
-661995386
329873527
35465531
537804599
478345475
-786434494
1012892641
-1974256521
1889204081
1377233040
-1412274809
806008997
-750645808
-1159428036
-1138096689
-846459255
-453844047
-112827708
655374284
-25773368
1521433028
1497012304
638282160
-658967668
-281292113
-1977584142
447310793
-160065948
871470368
785510445
924529326
1354797160
834026277
1316733371
177080501
1391928480
-1862262086
1813131914
1482810023
2062267557
1374557091
2073873160
-953955402
-210571383
1689587324
-1351387232
1731108015
1197116148
1815312654
1076617347
-264015253
1622141582
-241550365
-123864661
-1265723509
-172009052
1980867868
-799863012
1839519075
-1600472315
1464411265
438489452
810573878
-1585392851
-214027047
1727407749
1841549988
-1771269979
-8911237
-572538198
389868639
-995756375
-1782923484
1597427127
-746059739
1386515978
353264395
-1067444052
124812522
-1959952298
-14501070
-38361237
-96903597
-459947723
1624952063
-1613983040
285036651
-1565332971
-564152565
1028228770
1586193040
-175395831
12846904
-79929160
876750254
209910766
306044424
-150359266
180973999
-1278780209
1871672108
1735995240
-1029796302
1518464138
1318768475
167788006
-1687309702
1507268275
1016516453
-1366801111
1097797800
-1450896969
-14105465
-1160550970
1353506860
-318076348
-1543027200
-1484083623
-1032119431
-1644027672
-939522076
1613564876
-390011656
-1543135752
-243021009
885422553
540985150
-1573519437
293124893
-1798621235
-302234496
-994851162
944032695
-34929267
800745798
-1490738095
-2113475151
-1804817186
-1158654370
-1356992502
1963928435
1826773728
-994970093
-1273526751
638780277
487296475
-1238347618
954529092
-1617128497
734108477
1485190109
-1569579483
1258842896
706220515
779821634
1935845721
-1974529459
-492143465
1058127117
2114975619
-1072388995
598034649
-816439875
1957916593
-1337325820
1018156514
-1741434173
612159493
1146132365
-1480986651
-580750471
-1037409129
994730780
1259289495
-1745682607
-407680870
1733180002
-399026703
1224178769
-1997400644
-1680328877
911322164
1382123710
725657043
105154549
-1274523603
751555607
-405026123
128684667
-853193542
-206720187
753934438
-581712238
-1500889460
2109162511
731864440
324972537
-385731282
805819347
1818215855
1503403607
-1537073083
-2015920782
84779747
1707570760
-789820136
-1035455860
1864427562
-165642312
-1053837230
1419879405
1861706549
882001268
-1159448570
58637638
-247062534
-223356418
-439303692
1017817119
801825427
-755493472
1289310730
14060044
-327099547
558801347
321271085
-1221561826
-1591084667
480896384
-2043757512
-126408292
1110474582
-606427273
-376595644
-257041421
-1376076426
-263489313
-886736598
-783431190
1057298394
-253542945
830501701
-788300775
-978011849
1041721115
-474113668
-186111845
-1592289117
2079305872
2114692735
-520142846
-638798468
1753643428
-1612679089
-305441397
1134144904
716049016
-1508831996
-296954222
1499533661
-703309183
2061895626
1341146439
360651523
1707355222
-1115356628
1679354530
-2113361193
-1669623094
147271060
-1135594604
-1966952783
826094397
1813645586
233909630
1374050121
520280367
797912924
1135269350
1244184534
1573728021
-83066603
1638609255
-727520265
1387638895
803090258
133193193
1939947479
-781899494
939551321
2086409234
-1976576373
480400866
1200535723
-1090958340
2108381885
1121024603
1461926468
-1247086296
687097231
-411631632
1238391840
-1535766095
1381803961
-1050906052
1392754689
201872580
205971700
521694360
-532063121
2084602959
116255130
-961590028
-455993088
-1282144776
909513357
-1173635094
1225878233
-2122768560
1122983768
1584101904
335132020
-1061404344
-371138923
1506652813
1301771170
-2112219421
780575885
607531758
-2008585005
1054821165
-1981658075
-730787782
-557548907
-236307861
-1990712841
1982882115
1041080922
41550483
-1802412609
723420735
988645245
1928963838
1576930808
1058330006
-134710905
766327643
1310169542
172999164
-1033461075
756173286
-1607533290
678874562
-830203235
-1390155558
-425712893
-236986519
-1480007303
1355166500
-436862341
-623195272
-1991833821
-358344616
-1323212510
206251919
2034074299
1308997608
1453219957
782482107
42106469
-1848329326
1300445490
-1917313270
408951631
-1721277158
-600520457
-703698846
-1314197006
-1962785991
2133055017
748938382
378131095
1451999701
-1631572457
364202137
-1646622180
1055656305
-956497570
-414458017
-1818775817
-515448346
-762043762
-1772712608
1700772475
-840659885
-1091826931
-768688681
-1384254886
-92682159
-312554949
936807690
-1143347606
600733803
-1579269417
490652644
1195017899
1355127244
1741970080
314079424
-1131014776
-1178565830
1659109439
-694195833
1845000797
948084547
1276783459
-2105056516
-1289897927
1700402613
862731054
856181078
-344552220
-1448798126
-212642097
686396942
-2010547165
-854407484
1596634223
1294425850
-1526543558
91872718
2129717841
1448622747
-714461007
-133257788
-227889612
1587320242
1050491995
-1184574403
-861427973
716525080
-1093026925
-146713338
-1244646257
1852352207
437493193
-1895092647
-567455228
221899091
344333628
-722865075
-1463159302
1374242870
841494536
1569947536
-266365627
-797518101
-334985885
-827204780
1245031376
-1497584927
-2112515293
-622485881
-977899586
-194938413
-719685757
1576543302
-1392962863
489048414
-1576946907
2132039571
19150351
-39386157
150667099
-1189870012
-1936624734
63899214
20038817
-950341826
-1161485569
-960496633
2023093614
1201143779
1406909258
-2030396697
-1357819605
-1453820728
-343902215
75371870
1772049283
-85995093
1318527927
2123126131
-195144739
-1301093213
-1459802742
-183610084
1729403174
-1686943591
207907895
-143317041
369911251
579607286
-1534315548
1437174104
-1512685530
-486025059
1380164095
-563804691
2075196079
1282577948
-672513185
1215106943
-1572126443
-1440020707
-707626840
1389990994
462073110
-1447556830
-851755790
-921310513
-1472157749
-2015386255
1674392236
853812888
2121636656
1524088396
2044795582
-1399313699
712456163
12049253
26483182
1631653357
-429993172
1071040912
907047044
-322133488
1267802429
-902430278
263686191
546977683
571002810
1892158233
-180061143
783215651
-1101937542
-1233236828
1909227418
-1609622690
1630733455
-1596063291
-2047556039
115721383
794920835
-1818016179
1175180089
2119957049
-327779612
-504074840
1227772514
2106568062
-1090012669
-1458103983
-981606531
-1707447135
-60195336
1371259527
-2064490508
-1215437471
-1383298584
-2062832831
2075447994
-2801368
198989706
1961912926
779926120
2026352219
1093994470
2060158752
592938408
610904819
-381608865
1749538779
-875324970
1746920524
420166644
-1974102039
452912099
-361775043
2073069762
-1711445792
-700247171
-1692998808
-1813755444
1757786886
-1809324948
434391250
-1489113858
1915296004
-643425729
-195903819
-1353276049
139719386
1413222951
294509717
797158
726270995
1721700130
1300743824
-963487841
1307894073
502441051
2002211322
-53101233
531544202
-803085872
981163817
-447917468
-1713081877
-1618204875
-1759937396
848944784
-73049572
-1762541288
1880827650
-147466872
1738919212
279622725
-261211288
-1268733176
-1751280593
1475631979
2145545588
-123935973
-1857951185
-2134328578
761714625
365453976
-1197056928
209497951
-1526204119
1900725231
-1328612970
898652474
1564455770
-1236421595
-1729002245
1844407344
-701620573
-290481124
-1299537924
1586840501
-680835313
-341763560
-448323709
1482875450
730801844
-421392514
-384761749
-768393587
-1668386484
1503348445
-812470480
438076288
-287308540
1780348466
-595945754
2106795465
1682445460
1185063271
-235656340
-1207045080
1466130063
1286938909
-1670716703
-1340570162
-941750789
60019115
16699989
1370729213
166125604
-6017435
-1806048829
1891222507
589908909
-1904255712
-1223701697
-118021652
-240851737
574451189
-1063102101
-1710958897
-698635419
1875792709
-169436881
-2064214393
-331060017
-207890946
-1440812376
-1882026227
-1938257674
1906313755
-689349280
550787717
275866409
785385329
-1117772864
-1413217
194712774
963832487
1170139586
-1712344000
197604627
-1996922235
1774512874
1159272032
-580662706
-60142222
-869751946
-1154920651
839366658
-54711497
-201303852
-1300548463
-819511653
2126735113
1766208851
1427455112
1557684284
1254997445
248900381
1124013909
-491241776
1330332796
-1448275355
-314801283
-1468020897
-1686908110
471250652
-413220812
-907592030
-1209542685
-1191327640
1892696576
1868399320
-112470586
1864983319
-216756836
1880168154
746984660
-790551983
-1318036194
-1558820243
1906918795
161936205
-150178981
1716982743
436149487
1016535750
-454573686
-944869708
55717073
299262445
-1357659353
1079661577
-691635117
595697313
-620743655
1644994457
679781546
-1307505956
-2058779370
278165111
527660581
1884626800
516928070
-1600191780
-1250399889
660202996
-1794023386
1017616698
-109616880
1977153016
-1021222225
1646041745
-120684743
-2068737665
88806070
-750802944
244519872
1700893870
735843733
-2086863970
-2019498392
401681600
131103499
1717500554
-1814208154
1181649468
-1064807072
-1937746880
-484155360
1815478890
-897830964
774914862
-1754487241
-501853182
374867737
1675739782
839795399
-1658322137
742041735
-508048043
536175597
2752659
-900621585
-1198654764
-1674551671
228921362
384300586
1140722686
-504369596
1731895860
-159331149
699940450
1929179604
-1684335299
-184808566
-577931206
1847011198
1273663840
-414256037
199729595
904179164
437974060
-666397217
-1151483986
-1521333024
1060405062
2019878530
-623467713
-1379874024
837697112
-1924963002
1434862356
-295972045
915560521
1253598438
104796577
-826593853
-935739474
78931262
-246291270
565662532
-64096641
-676913431
-859028887
-865691044
-1309222643
866526508
-343005439
1623754340
814064691
1061241362
1169004658
-805766618
-900879668
-939659049
1496292063
354243304
170815076
-1843029367
-1903994259
215592873
2031750961
-701990676
1436917342
624748714
731793219
1100039070
1352653149
-2081031377
1445291258
-224130181
662137626
76410246
975698105
1384441922
1977018137
-1567789240
-589354536
6904952
486831303
-1541031458
1553131231
-350121076
-229270322
224949574
329147632
1534385723
-1534978135
1922213143
1794679427
-744550091
-29593222
1437262274
-1598693031
-319641088
-1416587493
-1997315558
1691503530
-1904353764
-151674766
146053397
115685536
617543784
-1006539767
-605197357
-1252015096
-1110005564
1703010269
-2000534560
-1443844794
-894621194
-458693771
-950763083
-372067958
-1511431727
1412785974
1614812036
-882256576
377970579
-564851467
-1818938315
-1075359540
-1085416305
866076110
1308661419
-420277129
-2022137077
-968623821
-1540062901
-556460124
1969749867
194316615
482975165
-1266161850
2104729486
-1464645524
-688488204
532752277
1610712183
-1701006310
1961439084
-1634468609
-1326978512
-815593230
998121906
102535260
-2127869462
1395590162
985959721
-1461509530
1100470889
-920263254
-1283984118
-342334872
1388851870
-611579697
-1181530196
-1665926092
1008792213
685286543
1000475653
1855557977
-1184655727
-769914300
-843553936
-847801963
603510900
-1554320083
-1774001232
-447306104
1144341348
496418618
2120977716
-251156822
1172364715
-849113306
-807312996
-217496705
2088045791
-43330613
-89891205
1432217352
1427249218
994681009
-1622155170
-539134852
1751117163
1679802343
-1183206899
890626104
463735589
773688598
-228832240
-7810317
-795822442
-492048942
-1838741388
188992565
-722477405
1252719411
280448718
1169389577
1217286547
-1862717276
-30802816
-1905644559
519186674
272511994
-1629188806
580697882
1974570935
-317617464
1428801475
1771581904
1307395752
-431566607
1933964025
-442116045
-1849390339
-1615969155
-862267626
-503645142
1406026563
-1590576464
-1617686732
783035032
-1325558141
1914917464
667971346
1449893838
1528189347
1343518566
1230340376
1784514368
-449331445
-2032071744
-1888591720
-305921414
-1421159285
-33306283
-332958634
-252695724
-225780869
319172977
-999502518
-670792348
1798174499
-751854254
1760112035
568890036
-341496483
1824277498
-249562097
1033142196
1531041145
-1424078522
-719542471
-1026090383
-1232563872
1062742591
-1363788397
1462208775
-1319619333
-962520401
1443773781
-97029292
747454421
460924919
1910366404
806458350
-734999298
-1185139425
1939172023
2061231190
1120673074
1721771054
1971664726
1142151277
-731373765
335265980
914396453
-678535898
1783798419
-486981691
1726392896
-2131980676
641261644
-1787795265
385739240
-2116986714
566371892
-1521370131
-1974280643
859011209
1305604148
-556979723
932399693
-1444245650
-2076365832
1416900784
-865408947
223165941
-431824172
-1096781503
-1451800539
295795272
2076419557
-94039192
935105073
-964717166
-1455351689
702712344
2136814149
-430201678
526466214
-2059825850
-1829589262
-948944853
-465082809
-506241789
1141256455
-494874785
-1345390584
1384292812
-2146730150
-124202243
366104277
-1755218399
36270791
1230037686
-1754628227
-981031597
1363617401
242831926
1136315029
368348066
1803905128
-879382190
-861607268
-171768954
-322949598
-1634493571
-101605281
-1598759859
-718532147
114985600
-129293922
-126855707
-2082464917
-545677207
-954380816
917143035
-1352902049
471047364
-884355613
620939844
-1742597327
897085704
2061271143
-481459175
-679836275
-841013164
30333547
-102704823
-1026191727
-1800792486
1605311688
-1704876502
-1560695992
-1312128613
-1410694050
-204845839
-103604368
1350057172
684185724
1597451843
-901233533
1128588216
1980889989
-1079404789
-1756019467
668577502
1380475343
-1599391859
1796327353
304747260
-702180658
-1412859973
1063735305
1020567381
1084889201
-998163257
828855654
-636563600
870088907
581497849
-644065314
756007946
-2108336650
-705694014
1470198925
179902284
1572352052
1189583888
973094501
-1334034368
883508822
746293987
-1794318543
762198401
-572448672
2097422879
-1066089258
-94216398
-1275703187
-1451816540
1135894236
-1644120016
210720208
-857259877
703377452
-1738858869
1814892156
-607699694
-36062949
1103625009
266361509
-1972047669
188153254
-1308587796
-700197210
-222247087
-1276138497
1105973902
1396494117
-1583484597
-246667448
1532944489
1821692788
-365194988
-1004078435
1370343684
1655671354
933993610
-280004520
594581772
-1497977774
-1019901915
-320829041
-1264957815
-2133833230
281022283
1991668193
657400657
-611205617
-308367901
194415474
197886656
-1071385600
1304731432
-1303888077
-1191016792
1051976545
1093170623
2047786342
-324515962
-485202374
-1539268342
1088895585
463064055
203738463
70415294
-2081967215
1724416874
-941500647
651329458
425099457
-428460011
1547496453
-1993450758
-556583524
-370562004
-1339046340
306520628
-1804757136
1773360720
121693875
-602584031
1208986420
1880944965
1175420133
-662986121
392961996
-841624856
1992533166
-758615052
1777506442
1805205087
-626385286
-810724426
-1671455752
-1146411630
1091626398
-1804142135
-191485228
-1160049191
-51623675
-2119427839
1657619291
260312053
-249402865
1432567306
1694225610
-788788412
819283381
-1808856131
1729226529
2052314160
1809951728
-1784584012
1312160553
1399621096
1112263003
-1470402016
-618010952
-92375214
-105371882
-1431746599
409645363
-1451707584
1754940654
1560675766
-1076677547
-983596063
430977466
-1126859234
297895214
1564721529
838125063
-731477537
-381982355
-1848387500
-374840073
-1423310530
1569610977
-1188906504
-123050139
-1153977778
783018812
860892569
492541261
2029774981
-968138214
-1082051631
1977897323
-729982581
1088823105
474902928
876567329
39095125
-1221329110
1991890512
-535541091
2053834610
-1490964544
-1373900403
-595907781
-1255542876
-1433212058
-2054378636
-445327321
1512359858
-1361125313
861033690
930742086
-154761092
706037672
1209877103
-1120080298
-313241520
-1359023607
25519923
47746643
-1376107397
380947149
-660430297
2087268636
-640911327
-623601490
-2047888568
2125600086
602860625
1309343285
36899768
-717437808
1823800659
102661761
-265818818
1217245096
247058756
-350254522
-1219130128
1792781676
-604464156
656267544
-987157202
1215184771
570739630
1359188713
1900241618
-325009010
-705727447
406523344
-466093659
1002890889
-211252866
-439606261
-805098476
1058089079
746570057
384460359
1852711459
1616252478
1498557619
-457331170
-288887904
311389135
372170688
-1044196128
-1862833764
1059651721
-1399965211
-155544939
591256343
1781536735
-1797479459
-470234814
1766392058
-1639313353
2110969532
1346814059
1236208969
-1085150187
253952068
816780505
433967512
769347960
1642289270
-323854179
1395253438
-1596220540
244579436
751820628
-1388210232
-1684020640
1881612901
507351723
-2045558224
-415163039
1649408801
-362829019
-1804284593
1446364007
-254946193
323434779
-993083633
-659387001
-1699852029
-461608444
1693672420
1870807018
-2133145203
551081462
963012604
-485057292
-269341946
1065001325
-102215756
-1139611992
-1548622260
-1692305590
-128154802
-474836406
725992689
-321741027
1129832929
-2089479611
1392490319
-994987098
-2012147824
1319230031
376827871
-1227899496
-582290690
-741998134
-1625890870
-443894111
-1117448703
-360765331
1277683904
70498470
4513173
-788692701
-618866679
-346923693
159763730
1054943026
-8159527
943722962
2072922273
649404832
564132839
205415129
671714028
1183627473
2005633600
-271088406
824099348
426639988
930146647
-964125482
399017959
1887356832
-2019642783
11111554
-97572526
-1835587271
-203870497
1048463341
1813737748
2100274840
1138394236
194639473
-222369356
-388601238
1586055704
1836868680
1332333237
1337065944
-1923425756
-1479112623
-376044281
341172712
-1529350608
-865394156
53617343
1552899874
-678457407
-1471368189
428731914
1964505974
-517158297
613047810
1156977503
-92000675
-1256027377
-1049535447
1613443827
1335102269
1890592917
-106877496
-1028385422
2071816721
1344803229
-510875477
-590219285
-1440909751
1016757155
-1864205154
-1260838133
-1636186130
-292327601
-503583949
1126121869
1138191113
-306395635
-266815550
-959174159
-1657767611
153742557
-736390224
842076011
-197711405
2048688231
1357548276
-1296740834
-761300083
1215174225
281752791
-1847114103
-531178147
-574830635
1816833274
1468202049
-1176274720
-264416883
1572706461
1315400672
-1717894331
418307217
-1302021091
-1657877443
-822396805
-535182141
-267983682
-915591460
1735156875
-1077677976
-73848149
743715752
-1386700991
1398443259
-811937990
3261407
-1274503662
2138719549
2136619891
-617936819
-1570684871
-105102192
598532818
-1275851076
-760530654
-25723
-436466100
-1269312854
-868188916
-703866445
1009046415
-630481604
462509033
1893920970
449428622
-1484525453
-944949624
-1914325785
-1063722180
984641949
-1466312203
-498102743
468813207
1189578509
-511374049
2059612035
1233147367
1650564365
-746304325
1139500755
1712982855
1882146323
-1151389336
-640656845
-862980508
236235315
-183493612
-2068658545
-1045258620
1650981333
1417200797
-314305672
-1317885238
-1218979929
-897675589
-668250058
676371383
-1915097644
1922877724
-1087082973
407902452
970007157
1429813968
-1769452490
816568142
1576935240
2028577511
2065786846
-674014464
1749295263
-23130536
-2036709616
-267642312
1492598682
-728356828
11530147
-56376364
-108483688
1211754426
-1583087653
-2009485716
859342570
1243103645
1733246018
545371028
1824283337
1457438275
-1972459842
-1455228062
-515615094
-1756423360
-1480428832
-1015448531
1664667151
897211043
37186425
648622744
1152166784
294839456
-2050450061
-304196146
1981335611
-1030971538
-1622123555
1606814734
-859873016
550248818
559739207
-973118615
-1135208047
-644587107
-359755185
-1552117046
1183335184
-1158378991
1279878523
1892206391
231365194
1877856522
-773868470
-410582699
588443835
1302559739
-570058363
-2000500943
-1902349038
182808823
262193370
603172413
-1374253345
-712508846
-988017750
-1289682536
904200586
721526920
-1081069791
1671628945
175458950
1039285852
-2104516729
1590931821
-778867001
113554244
-613065515
584623208
1295625073
-2066819068
284914827
-2050161927
-2132935215
896113048
-1026077504
-449751206
-1157908848
-1984602538
-161018758
1559001159
-1111061467
-1201858220
1113371967
76571909
-19406709
-521359354
1695072747
994205093
-713150924
678794796
-928031036
-1697268855
761385020
2105983978
-596603189
-1516417497
514955746
-1439995336
-1745038764
275726349
-1992494797
-2013918852
-1311431975
1469302820
1409835271
-1303130508
-865183734
1243032376
1246025265
1086216537
1132284455
1467732407
945880049
-1826598079
20071826
-1471056456
460286893
1629713860
1618977695
-1627214529
294888416
1063577826
921738415
192566463
-1630340526
100080419
-1689081988
-1504272929
-1782186615
-1335461888
1606744501
-680016256
175765887
-756506495
-756613683
739556351
-1634102380
-525071833
-1642606065
-2107625801
-605113915
-1493686261
994452725
-395519543
1421811998
1556906566
-722402630
-1851260130
-1280790675
-319856749
-1813026770
1982691245
-1917277128
9626931
-1583501624
162039801
-1530526480
1291964688
124593665
-1599485731
-992710555
-1764543963
935554527
999398539
-1464181379
1190576924
1692165839
1907083217
1873451296
-1235629256
-499463497
-1910990946
1910366070
108964213
23118668
-823895355
1839713364
1717530092
474681760
1433809920
-1962549517
-1785322116
-1799447810
848005174
-110197534
-901006425
1344368377
260410624
-1919852483
1796773561
-778724670
253934441
-770097889
1393578542
1218272698
1628842741
982739540
904149845
1324716872
-1165289244
1235708243
-1164020688
1305241067
29564855
1862609258
-1355685730
-1773690990
1356980979
-2061548997
1547256251
-1263588565
1541485348
1042932070
822223751
-842687623
-606802396
-2110890105
1386643653
1679936298
106307485
-124866462
-943570651
-2063996376
794895819
1699947101
595588516
1912704047
1718279814
-1991237330
2022340403
-1644065633
1496129663
718860244
-1524151402
-2065048686
-1209334583
1586466250
2140664975
730499121
871482523
338770810
991857979
404921411
1914908500
88232431
1558469050
1623760134
-1398604610
309551567
2059873557
412730690
-2138013802
-1144730233
-1627600548
1574587546
-1958052789
-32681273
-926310897
-1828564956
240330758
-2116339919
2121959615
-1202180036
499553258
-1561392052
-2052621325
1416787861
-1279915876
-1744159042
-2034290609
487104400
-153151995
-2017794886
-298171406
1880835536
-1386390698
-210665545
-1160352736
1290905358
274877260
-574315166
-350184159
-1779207383
1693348021
-426654764
-543208344
88297088
54261554
921269511
-1470353162
124753028
-79528899
581506438
-694213120
383004552
-1262982035
1972015715
-190704689
-1063151142
-1267306248
1083089518
1059062503
254434327
-865750662
-365633885
371178859
492412091
510258676
859336164
-444816705
1514837239
-2109426410
-1178650649
-122252946
-618529081
-1971373376
1632949105
-490992818
-1312305085
-650341690
1978246084
1475344354
-634333132
-72461325
-1499342507
-1327585025
46993386
637658960
1237797313
-852752975
1755887179
-96663643
686576386
-494993570
-1306818513
-689687232
981286365
2026681644
885172715
-693231116
-1075784802
-1633162848
1245124139
-852272796
-1004528889
1398779527
1002153477
-977688191
-1441238907
2080533272
758842954
1026494288
-1984270939
302555226
748629534
-413127696
1829458885
-658698301
-653186358
-172849701
-423236082
-273799135
-1085713200
-1150608788
148053665
1456397501
-1442495937
621675424
-274625776
-1700050243
1899629129
-1108593120
468130831
-1233661750
-856773102
750820222
-707902358
-49840910
-216810806
-426898241
775701306
-484379442
1063942397
-637275879
-1275275949
-1820902425
1390361897
-1916304131
510855680
-1459749803
1373613456
1700531542
2100702962
-1918421591
-1737551537
-884704493
-1761802380
873625100
474479792
-274906397
698925795
9699751
444329659
-1189778113
-2073794979
729582662
-1141459950
-820370771
1122278840
166750519
1280615166
662190145
-1054922826
-165194376
-36174652
-471105433
-1601154698
-505659376
624640061
894165984
-1902627540
2017899709
1306696101
1451525898
2111877140
2121125070
-1949721678
-243171485
-27769949
1665059410
1639284200
-1744511665
257775103
-1697660558
1626807339
-1575219687
561546673
64549915
429675413
939186743
1740375193
-1443511329
-543565686
-1919843375
-1345769950
1424514589
-2139891192
663210372
-908276555
2066318942
108856899
731828578
-615136654
-20962558
-1473723280
1310212157
2100365597
485650459
-1402554399
1927348517
808533334
-702743400
1573576785
-400391890
-652793587
-652618331
-1364792447
-1866112138
-1280048845
1600422994
1433308163
77394277
-2097853771
-87178894
1678371157
-1180513482
-241853787
-715390011
2069265712
-1709269834
-904092230
1847872601
524808738
-418522548
1217155834
884528428
-1927293094
417057336
-1547713099
780240406
357318082
1253727775
-1822649675
-668183579
-85290413
317759686
142972082
-408818231
1827490211
-193217506
1048712203
1120754930
1438134466
-1867785344
1552102835
592149111
-1762625721
-1439273416
-170072727
-788439175
1031456421
-355758521
430354219
-605604984
1316158146
953454436
1493973996
709295428
-695316534
-1864500668
735864196
1384470855
-888006337
-1785759717
-1872685593
2021931842
1268143700
-164072863
1299801497
-1794237082
-1083394181
-14652711
798141793
-1682292220
-973477572
-63549490
968130364
933292919
-1210566584
-290828129
-1902200172
-884953535
-1804082482
-1800276354
-1170722895
1650737523
1315089164
275678580
-1535146385
1474982226
-326271192
65661351
1813470257
2068322359
1920748095
-1398885153
2057424149
-1934212682
-794213698
490991686
-1750147991
1635572738
-1277015567
-522336657
-2092666788
-34825328
711209177
312494489
-1640114952
1721824505
430241345
-884876749
2016148047
-254979804
356209171
-231804509
1329521140
-270082140
-1889328665
1340691778
-363597907
-399594658
-1417442596
-1158089301
-288616090
-273296018
1544873131
1920269877
1451749991
-860874166
1687273976
76535997
-711479863
914818344
1728031211
1425615272
1712239654
-1721600611
944854783
-1835726809
1514395791
-268346490
1219333913
-835193155
-36652862
-267924181
1237510364
-787783682
589493404
2140527520
1191318075
825662360
-509286196
2051852654
-820155313
581222295
380297417
1444841331
1690701930
1350549988
-55774203
-2019714042
1267438187
511553038
-534445470
1212274782
-1639639981
-5967028
-756317211
-377978828
-205553896
1459162818
1701126057
1671219109
1171649721
1439766019
998129173
-1436562595
1138151314
128837078
-1718547887
1056270066
879280881
-1132594883
1176868597
-573731443
1648947432
345582770
-800908797
1207437519
729024868
1704915379
436499479
1909113329
-388381058
419804801
328300252
-1623131859
1457216016
483558947
-1363042622
-1660154020
298492043
-522443599
113521645
-1447770656
1453927688
-2022888498
2088044144
1052121283
348357276
-1957893259
-1899742790
-1670834400
-1716121873
-814804231
-1576348848
1194024385
-1272006129
-1039767994
-796065604
-291497975
462888833
1706492780
-1928967996
193309460
-1728002919
-462881698
355146719
-879202532
-915546101
280822
-523339804
933042974
539395777
-1033153221
-904817916
1412679356
-361541138
932818918
921616890
-323049884
-1441541534
-2027905757
600837504
-1095375438
-363305696
898863508
1425353476
2104771603
1378630957
-1089283686
-529281893
689854378
-858409302
-1438453546
-1613202378
553687670
822101797
-85766675
1176335891
1088333235
1661247275
-450910581
-401590667
-344965247
-241643231
1793257386
-1047155050
-1192288573
341545299
1126407700
617108700
1365412169
-1890917555
-191567066
2011857995
-444321743
-1368930199
1369514454
1473961787
-2132021622
-2033335383
-1353893898
-1252021942
-1159311815
933119686
-203016263
-1619440493
-483133664
-1567794040
1767718262
1664843295
-617714564
853419096
-1841361492
1840231835
749780110
-814550253
-746551483
-1791300533
1424557693
444476704
-651594210
-114567362
2082601594
345910724
880511431
-826928957
853653541
452972468
-674532217
1039263003
716025646
-574067989
320763554
-692078993
60384831
1052859326
1560205789
1340681220
432032793
1162635052
421404993
-775315284
220788477
1296666746
1250160927
1416266879
2106750540
-267635713
-1921715372
-560486965
-124609935
-1710851268
908934094
859477320
1568036606
1521450543
691925326
-1551132272
1573102357
-543578648
420888175
-224795187
1162771465
754197596
-1237594394
278136755
-1077350844
235640184
-46703350
-1118519119
-305117078
1158356345
-629271658
424132194
922213566
-1551853446
-1847015506
-990058935
-210504508
-1304711346
-1328132321
1375217853
1024318248
-1068964465
1344698091
-1917382878
238297054
-1018759945
1376738819
700741977
-846693751
-1469707794
1604794454
-1270464903
-1635848415
-1572489885
1058586122
-218651458
1387796687
-840980514
-1105671416
-364976959
-839205093
-1258649130
-1332219202
171650025
-1504765624
-796818113
1108544543
-1215573471
-184523778
500323431
747764206
879277771
-1032868567
417131010
-208391364
-1951467277
1877801505
1192035971
1730072623
-1174110521
-1636160501
-710455636
-602398972
-865599417
-1850915202
1455994728
1599669590
-559249096
421395560
735075032
-526601825
-626350499
-349919437
-941028693
-570728193
301511145
-1083241437
1525232562
1881488700
2047800111
-1320053759
689235634
-144795894
-1631615589
-1224615683
1891048060
-779157365
-1574618395
-1504596272
809794363
-154596328
-1400640382
256903457
-401908980
-1547127999
-2074611618
-1951964119
-426141740
625125906
513516744
1156027289
943360588
-1279319400
2084915118
-832365638
-1384361376
845071523
997100809
-819562282
-338881351
-1550787124
-1279612774
-804128554
1127611800
-1582428743
229031638
663030572
1313021157
-19205473
2126246174
-376165646
-1165725817
-2083874296
542734642
-676280493
570796534
1076935125
-683636761
121425449
-1914726387
-298846842
-1905075432
-1040597785
417277476
-66014279
-342868262
-2015536199
-1804900514
424757232
1559129587
97814249
-90886850
-571968361
1701447051
-627135868
-1546648448
-929068732
-1096384477
-1737305027
2122165030
1677304128
-346133561
835288976
393368528
-1536047547
801394559
-407601110
-567719344
1328675721
1627911178
-2099204473
1254542718
2046915835
1310393294
-1544340771
276640328
-1941406005
-1777650167
-156317128
1371055116
-370353872
-218662579
459981286
1842746921
-206467995
1728631082
-567712492
-547407149
-370050829
1513020204
1749002424
923702054
-1640224714
-823447801
994828722
1484516477
-1563385575
292949520
275165485
444784388
-1268103901
171578863
-280243381
-2072370804
-1617954377
38529683
-1662077951
1533789854
-1898569321
-1185019035
-1446449602
753645266
-142071127
671107008
477043026
-1322582944
-1237928962
-503478625
-958756722
1086043127
418615311
1788990871
2057101607
1298314957
-774559927
-891423992
1679600223
-1114549769
502202059
-1495480433
357055462
-1192059142
-612014227
-252542274
387886716
-1222815327
572430596
571756303
-45829413
1630801680
7585251
-1081945836
-640322860
1363911193
-479677787
-1992235533
-537009992
-1072717619
1851358762
1217615122
-202172167
1737709398
343459294
542992653
-1397048817
46533636
-320159167
-168188944
-498706785
-388042587
737965986
-143850846
-1496226342
-192522984
-1953548499
247890847
2139313699
-1530466524
667724840
-781982487
-1135761932
-1154790523
-608700039
-135279296
-65526014
1679342664
-1351308437
-394472304
-1496592482
-1514514344
677675441
1248075690
-2064728483
-1411129257
1036604842
-490372298
-1836428293
-444752718
-609705754
871522792
-750876804
2005371119
2105698280
418101746
-973875053
-1949081528
-884634323
464459193
1104118855
-1954914435
-788017043
-929737781
170123220
-1878208538
1973943840
767654415
1850801615
-1077497913
300225347
-355661763
1663566220
-235533337
1356683611
1170374032
-542784317
-965419421
-258687303
776865210
-50351247
1189185215
760344320
-1441300200
-1538784773
2136878909
26603492
79191079
278700441
542159730
1449805364
770894389
1579587313
-534651883
1895687961
-923256997
-362440958
-996932582
-1958119009
-1696299606
-1147269565
-734627074
-1980257163
-999691869
704509451
-1560528796
576103408
-1239172628
-277930957
1045542113
-1142700971
1065666113
-917257991
-965280749
-1437377449
-788690520
1406447399
1906330616
-1962282018
-636040216
2000040563
1253102972
605373193
-1760532933
119246889
243823187
-418441866
509288258
1475798535
-2129239031
-2144035392
-1203776968
-94530713
737177686
-1247740599
-1586145942
1289195683
72281782
1682048056
529126374
-1656596300
457415481
-66425403
186355314
2034649372
1913275031
1532304563
-1557645376
199728134
-491807865
-157213666
226058207
-617979734
-465837744
2114349174
2108138227
1716721142
-1101790305
-1723874101
-1382707416
1908657002
-1944223845
1311121482
1792964067
-1022366653
-1772210633
1748914183
1002740794
-1663100709
43176902
-87940868
-152207706
14266959
1565236436
1436157521
49421303
341834850
-87509966
-2125666339
1756658567
-1787364960
-1228132782
1379914988
80405170
375678406
86607317
687316802
-1268486779
1512403552
486491490
-1884642720
269614772
813836724
-100599111
-1517208827
236567249
1077517278
-150681849
38253303
497713851
1457601084
1953046651
-948132606
128459091
-892074741
-1189308136
-1856823999
673194102
-768315566
2136653517
-24118885
-1610450650
617487614
869165250
-2061611376
-1598516470
-338501810
939197940
502191157
1307068184
-1405054095
-1395408637
821206908
1012390288
628344684
-1316975286
-1087263815
-624746709
-683325119
968782128
-1979582367
297877908
944702541
-666263107
1533820692
-706881769
1742131441
429212528
1494713820
-369147497
228858484
1795023950
-1327165001
-2090891067
-17858776
2011235134
-117801646
855384975
1625935562
1641363604
1418721303
1840538837
1095371566
417584106
531951977
999653218
-1037545701
1163789110
1587393582
726553881
-362430605
-336275687
87078541
1068795246
1027598999
123517045
-105733640
2112319256
1555053065
1715086145
1440503660
1379211524
18766418
-375473505
1016493047
-1414515060
2012658981
-717551058
-1001776773
1638251240
2398660
-539326307
510590896
-703352860
-1048506462
-1912295552
-1191505554
1814709203
-1455468727
-1560855450
-2049435092
486228675
863497597
-86315222
-1815590973
1980460785
-2022456159
1565874569
1802142840
-1866699649
1534658650
246387701
781970744
-37931932
-874287247
1894968232
-930879451
1343898275
-897935363
-1831215621
-714301615
2003170239
-2071459391
1501885687
-1822301240
-1291532947
979401426
415783212
-1280525100
-785355125
-2010498435
367013057
1507993467
234881616
937748071
380044236
-878720436
552768197
-296432140
-716501533
611950938
1834813044
-1850300436
-617364237
-397941111
1660097886
1078361692
-560777905
724875784
-1565613775
1206842554
-1841614068
-1629663459
-1596465990
1847872588
-939519861
-1898798809
572782232
960547529
-2005423530
1627518177
-284738766
-101816513
545053744
-1202869789
2024989162
1434706232
986493798
-719118226
1845885330
-1208375784
-1684802965
962770792
-1757665250
-1350752055
-2112308829
649799333
-459525733
-84963431
-1424660098
149535079
-904693153
1644616802
1511461321
-1000002264
-1765083006
-6884630
847446592
-1106167658
-141211508
-554032755
1460424807
234159838
-1260594833
-219738087
-1449433447
-36768979
-1414241353
-394512136
-617156511
-922423181
488316927
-81309548
-1801537528
-1508406935
-1985384281
663830262
-2109847186
-827599659
837939907
1126010800
-1306104291
1655650828
-131192234
219577341
102356634
1229783480
898448831
613217062
-1616214786
1067822811
1072591986
1820738854
371903686
95708179
-214405909
898061200
-15860762
2110707999
-551993888
170355888
914489635
-823090015
2114647734
710096113
1489806242
1707793957
-2009386187
680149630
-1031004229
-2002953119
1940633214
870862634
262421778
376378302
499990843
-76209004
-1684131352
-1081124585
-2127227111
-1052465530
-1143806034
1403129023
-14620813
-928866403
-518228773
-1256918584
-544993969
1344025647
759488510
721204610
647256717
1760763752
1295351830
2101111618
461103709
1202003638
625708577
-608010140
-331843855
-822857882
1986771954
-1529713518
-972501389
-1367178609
-1850219449
-805133755
-1152220359
836717358
1130833946
-133528693
-1762958537
-351286638
-1267593929
-1661706485
-1402748235
2121416442
1405710862
1862515014
613860929
-1550935940
736651978
-253729249
-1063200795
-1186785241
-33662046
-107268452
-1834239075
1106853228
1106240622
220806894
1862465283
275883449
-951946884
-532744018
2145026124
-1787051418
1072661924
-347814551
1314711671
1960347860
-396750439
-1280141986
188052674
-1982496557
-932090751
1941485189
-350364832
-1256204988
-2035105336
1375211475
4101993
-215659777
1601374257
1047284924
1118570514
1062420982
-957819347
1523498233
406441757
-85842790
1544464240
736160907
-243195246
-539104899
-1024759872
-1971701761
-963770961
-788362440
2002278159
-953949966
-596468452
252549774
-1153918260
-708614441
893325922
-493596975
227020917
-930404361
13613726
-1602242428
-1880345232
-832205127
-305499023
-45680063
-271894501
1099910947
574583098
-233198627
-1415936479
-883328864
703651207
1974127561
1448569871
-229351421
1082662088
175039162
254908966
-1934580277
-281637819
-1675215476
462987890
162782376
447414609
1891000675
458933275
-1762487234
-417040705
-1964761581
-359360518
416926760
-2013422187
-357440831
152466031
1311642430
1569998079
-1656997686
1943899761
1405540123
455789958
-1222080285
-1064544795
-315578407
-309257343
-1353150848
229530419
1346991134
1447410891
1305943418
-498477033
-778698404
748107190
-1692852757
1560921524
1430266963
-1302812354
670556764
1684595182
966884826
322719873
1165507618
-956877320
-197738529
-535202450
-1765543420
442036779
2098445996
-108337987
-168723167
1916187417
397464171
-223474914
932196368
-616266782
-26325780
-1130745420
-1616040888
-1828310587
-390920284
-1733653052
661113282
-1068710662
-1906881032
170727337
980571357
-1814940994
-295852101
582180107
-1304017280
555064494
-1089517579
-564018608
1201756805
1860940120
-1834343450
-630397103
-598529963
-1973681650
-1305807286
-155442351
632889807
916283902
-945966371
396577834
-842982291
-409951617
1057173025
1561672904
-483866455
1513767085
-528286370
-1798058277
-600654947
2108741687
-326315287
876166088
-680530199
-1342214282
-755180887
-1081992992
-1496917288
584577218
495639254
-1623301421
1741655749
-1394383615
-66839292
604195942
2083417019
1396884352
-95657121
-203504541
51209563
2091674373
891448888
-1616320815
208530690
1639946276
392746432
1734266213
-1911821526
-571970351
2122071058
-1217039560
975989520
113532214
-1792271498
214605753
825810071
-1096804921
-1032080157
1287982308
-1179512724
-22729070
2007294661
1251228851
-1256959382
-1746976805
1076810753
-325865003
234374718
1017457639
1132917557
-455311459
1649568334
1869394456
-106267068
558589245
1584227542
1977327417
-2142006767
1492183091
-1470529708
944451355
470068873
-2109464062
-1840384986
1814524768
-1669728537
-1916259035
-1558252944
64869270
-1229475277
-1218470592
414547011
1856699015
-731787253
-863514984
-140213509
382321870
1082160549
1248516293
-959912473
-91618131
697423635
-1956904795
1687697199
2112827166
1477042377
-349207148
1067215602
1139033639
728003932
-735246887
-757541714
823366770
-420002932
-1101056414
1807161061
-1270477284
1325168772
-134553164
-1478432516
706177741
1310708319
1791123996
-1604987035
420039944
-664021266
-823522518
-1705352704
416352963
-1978846536
-615172513
953162942
1365306170
-482442175
-62200027
1331476103
-2065240577
1326389135
406600191
-1900017059
-922194091
-321169943
-1926884608
-1793614143
1078148543
-193597983
733659009
1875916629
-237898541
1600976789
-820543731
636247234
100315475
-1496934095
-1013635168
1783693019
999060093
4517815
1820481809
2100794626
46185633
-1057406974
579400651
-1946722102
-1090760460
-789924857
-1301821757
1833809630
-851243356
1561667678
12888229
2020045344
-304066260
-431436288
1667919952
-731122411
101081064
616277074
763986053
258760063
524075755
-173404318
-1563895078
77581899
1872662800
712248943
526446068
889189293
-1134097585
-612837714
1364759284
820454793
-782493359
483055179
596635185
-1350317036
680229701
737305517
-1379129560
2013981371
1606993140
1955962110
-2001589328
2060318019
967276051
-230671382
684585585
-201960655
-1215446057
1475240358
-207163242
1626027371
1060235215
514432819
616150721
-1970494946
-1331886099
-877150749
154790207
599317218
535563237
-925955044
-939587716
457146652
1891103674
1975267931
-1171147079
79174820
227836820
1461834875
544637947
182970534
766335191
-1581612233
-894545594
45943501
-1435059086
-787889683
-1791761909
497260701
15255156
1945183396
-1593754914
-1218769120
1108387556
493537872
194955371
79241412
120399825
872068948
57246122
1479605635
-481772377
-1283664825
870086993
79984964
-929779004
1661834490
794661514
41333889
-1074899126
1344768954
668224742
-1632752855
-1909447114
-521114415
-1605575792
560876998
847140529
-1772861869
-413598779
875497698
-606119770
-1154093034
-285000061
1922752167
811997076
484964353
1128315264
920811205
-1103292764
1653706377
1847087965
-455161704
-1136739843
1364670329
2021007131
-1893121144
-38252201
-363379983
-1961592114
1373870515
549107662
-1039773008
323741071
-1906372407
-1858822920
-1502056555
-2026520394
-613581512
1514130233
-672697502
-1298304951
-299611256
-607387819
-191903037
-838955346
-2005124089
442967366
-1022831730
-377083992
348042408
1519128143
1020156748
184036992
-1738814168
1037956176
1644495352
-843471998
349337969
1749573212
1071351046
592649387
-469338557
1650473608
948385446
-1211718241
-1527391215
-1495514875
-1761991351
1666132704
-1871021016
-2016938895
492156772
1506731069
-1713279978
1853215593
-469450893
-2104135033
1189438281
1282051938
613698624
-1736596341
1144966901
1556372665
-1894598300
-1645340869
566673467
1648275463
1865466894
-2126043858
1901598855
-1088160582
400074754
-402925238
-2140366791
1334069472
-190084891
1346033854
-1272335481
471902790
-250238025
-1645774794
-60075615
1793654977
279856287
-1225625526
177789461
-1846902325
-1801462546
-1071323850
-822922124
1214441809
-1709009571
2103948752
-388981194
412443594
-18757479
716981686
237337306
2033943947
-1917136383
616249030
856130129
-130161831
148569262
-339687982
1288368540
-1761271745
-501293389
1798684308
-1271946829
-328366942
670409893
568277727
1359882408
242512530
-265350819
1880006935
777218316
2136492898
-213699076
1076794851
-920964207
72915578
-166779345
-1128213216
933289712
550345066
1844587699
1336682008
516356621
-64265917
-1611971557
-1460085005
-1251640232
1576426786
2131679185
-1441944723
-845145995
-1661742580
766054746
1701153481
-327379682
1748668417
786511325
-1261225723
-385134520
242557003
-1057564699
2029352782
-856534908
-890764010
981066085
1455613877
-766670680
-303833531
-1687504388
-1555337181
1423782318
-931887230
1312820602
1027102858
2024103643
-962886761
-1734084957
-428631971
-1531957213
1500858620
-1064136142
-1980627135
-539605301
1351500720
-56607200
-249338620
-1517854640
816160843
-171046619
759590094
331824007
1936274516
-1028188545
1108240277
-265212923
2023167952
-1354106383
65728982
571932608
849789978
-168996850
605677697
-101311754
954518521
1730090679
-893996748
751300173
873038063
1066568161
309940652
1784752955
1912871375
-2100787045
504040055
728062631
-2026295662
-983906737
721250542
-477447728
135044457
-1762505657
97256546
2051309933
-1300484843
-1536815245
337664661
1957165846
-2045673354
788962920
34766700
-373094174
-842584222
-756536404
597201889
1692468048
-1662641992
-1957922768
671234110
-1717235350
-1566752332
-161324515
-1585681017
45047591
23582339
-1867965485
-1586652617
-1896557039
1551507482
-928952531
-1153391057
-1438172121
-140016830
-1252609782
-852401685
-1660560125
1388371191
-101660407
421244150
1137516863
1770770419
237105555
1366429600
-327305195
-630663292
456643613
261602285
274347845
-523816026
-1073683026
-1406850609
629429563
-622656947
-17913953
375243416
-1156505232
490412545
34910369
831541161
75357968
384924080
740344324
-2071781265
1237673436
1243767231
-1939313354
-207086704
-353358511
-1217697183
1928138121
-1847316640
-1225300470
94186284
-939582920
-1065822823
-797588126
-1423489047
1849037995
1146461771
-1255741603
-2022181205
1426233081
1090713105
-773821753
-595242206
-1032567121
1052154757
1505635229
893915952
-2077904945
1161132021
2129477548
307523773
903629851
1596837718
873961848
-617128761
814430867
1961884536
-248744610
-1895084100
1380674363
-1189403013
-1553992452
-1843836149
-3914976
-248072063
-1459712816
646963192
497810589
-1098355548
341256223
346247087
1840728026
-335396566
667494167
-1878583140
-1715212395
1545778935
775002935
-421362439
847414820
-531295166
1086678510
778505896
681533114
1644600971
-602137214
1011395650
-2136254744
-545194036
604625971
1740987247
