-1595175841
2036983103
1308675533
329047271
207042661
1373817962
-1152478573
1670430977
-270523422
-1045930453
1118698096
-2027613836
-66544259
-590860184
2133543296
-59196585
336928560
-419306543
-1541415339
1874138117
1537910370
-305882008
1511332396
-868651192
1349646644
611122754
-1292822431
392655795
186215707
-1830833522
1827858724
-927608498
647234222
-1109870378
-1037352083
887438968
-619844928
-687339387
-75898324
-913449207
-1325676367
-1382529368
1776746693
-252085834
-2127870463
-29060104
2058595003
-694083655
-971977947
552515352
2029179562
552282801
704082333
687286042
-1775737734
1731245254
-1435139258
-508773817
-779434287
1910501136
483990252
692190495
-833191991
-1878853063
-1369064925
-686656098
342552803
-943119008
-1888163754
-438151488
1046634042
-919947456
253308704
476538951
1556526331
547202449
1459881946
-32364869
707249428
-1504452946
-630944140
-939892814
1458496043
-488502921
-1619128952
-2109551023
823599057
-1766334600
1611839404
1635482642
-1431266057
-1665039030
833626631
2109925831
1703449248
-2078571207
-240102362
853689566
162994648
-549892058
446398736
-1113510683
326032612
-226989905
1321450903
324128080
830089146
253271180
-1212856336
-1185001606
-1265366093
338948155
548091014
128772329
-679245186
-1143529249
1155634186
-1035990570
1808399447
554033253
1453024974
416051179
-971692679
1250177000
172224851
-1504239282
1673047761
535854166
125322784
193565662
1719268851
-1991220909
826218709
-997555013
-1724618671
1055667805
-1132319105
990790667
-1785995863
242469424
423493420
658077947
-330979905
-987172757
-1391371070
-1306680828
-432521908
460506483
-1105186036
-1689856657
-833823178
-1492726634
-2133215979
-1002011110
1695375104
469978227
1667468217
-509652868
-2031348349
-987198054
-1552885384
-734915611
-2028293922
-1105928337
1080371085
160226314
-727695702
-364804269
286298174
-1467982143
766365554
247266820
1532213877
-1167519224
-1590399391
-1384046780
-909149552
-1394270645
-1883873219
-32886856
430779508
-1283411738
-1653023340
2042486035
-976610584
-1049201945
1759165492
704617587
1315014687
289024025
-622347297
465701642
1509305238
-966804931
92760639
-683985663
-1225443040
-154061670
-450768361
1683744408
2056930622
-429231176
-1568446021
-1945605231
-365126988
339316071
1886188737
-1659674418
765711704
-1089522426
500387065
-656311240
-1265969619
536518657
1839089305
-928551197
-866818897
-385831269
636822460
2007057775
-1100082832
-988390163
924470029
-357242191
1762078179
274907181
-339790401
283619473
609414519
-1253239757
-1781217088
-601291979
-889977881
-1071669959
-630485715
-1519211938
1453937872
-2007997982
-1871021049
-2074002158
-145979261
1074594173
10113319
-814896261
862231068
-793302390
1378785647
-1457847537
738898643
1775465852
-1537937342
-839266064
-890181999
1472505792
-108650443
-376125804
-2042649146
617194237
-212067578
-1821342552
-1409812359
-1051425635
-877986612
-477974479
1255528096
1295366540
-531984784
-584927756
-493932111
-243398080
449903451
-222765032
-301890696
665248504
72789616
-1315528183
279508523
1841323079
711363132
1991065246
-2099676741
626575315
-860032916
-2138690435
652434028
-1681275558
2125155455
187882686
835857575
-1429003274
1377637820
-2044737586
1309549070
808194977
1352039525
-1408179051
-1307239471
-1103664390
-145476053
21753307
-2097017281
1469056328
1379343845
1297553895
-2031187553
-17924929
1419614844
1123625065
1067678785
624542978
-1963458262
210889369
-271875633
212363753
50620131
-1699698273
1294619624
-1712294269
-697199342
-1052766411
243412974
-1881126818
-1821371000
-1426754422
-2062989793
647680773
2075363761
1563147113
-992049694
1784027081
1540735240
-1104144998
-686924957
-433924668
1714438860
1065967240
799879777
842053146
-866631949
1260972835
1687605830
-361596798
-994829729
1476260871
1925113719
-21371900
-1386149297
-162333219
-504345107
-526680060
907178776
-1192303615
-1096945404
-1176086146
-17039853
57239909
-1203678061
8149138
913480409
45970356
368057148
-1642337725
822075309
1495356602
-1819075068
-1267465605
862354745
-472922622
1572792613
1139259986
315472253
-286098752
567718434
-1510535537
-2009782780
-1014404111
-1323295972
-1483308434
682689880
-1153940800
-922790044
-468211037
-1492970569
-1869249237
-973568687
-622795618
204121862
-30578458
59527506
-1454195183
-557688315
-1792774017
1842558534
-1424109394
464565955
344209090
-467931382
-567011787
-2129357740
637471838
-486085293
1621948589
95230914
-761443384
-102635074
-693918991
-1500993472
-74348705
-1616649947
-527739539
-1446709595
-945883696
1897599796
-269630679
1927174168
105889979
-253503941
-448546041
1655888903
-1376839274
-740797371
-1512529592
-2043042468
-1709885231
1461093736
-1196589740
171826930
-1127109829
1085995870
1834524602
997196613
-563965533
121918036
-735370124
-266900631
-2060601662
1182554882
599119216
1859737917
-1952800936
-1862184453
291189067
-1951797024
-2118453100
-732252091
691313247
-867248798
530647224
-1070948052
-1586695681
-400401218
-1994783235
-658142894
1318265857
239177480
-562268237
1334315787
-712284548
-1455528734
-560396884
954401767
-1796329006
722663732
635328986
-427032689
-552586000
245998107
-1264125897
-993461292
1608436180
689513761
-726519580
699128325
309374543
-1963754833
-1841852267
-1383919232
568526091
888722623
-904498389
1510635403
-468262192
1516756181
848927906
-884985756
-1151079422
-1589682897
-916390868
510598550
-895957394
89442619
629276062
-1287561843
-1125489851
-1452910264
1662061835
-1799180180
1845454183
-528044672
-1421004626
912512542
2102732773
766192661
-590291700
-1198704213
269494465
1845857979
129591130
1650490828
2099370999
543445845
1961409051
-2144485696
-439735616
-144899086
-879022067
-1994744480
-535092459
146704890
-943343291
-809080975
780770161
-637992796
1682878105
580383033
-553791781
-770983253
-1871317187
-2045316012
830682403
-983470272
-1779997520
-1753479225
-219735189
437109313
2000447704
1958708565
-292962071
-1705075797
1667271275
589361169
614333418
1407648333
597572497
178630708
995076889
-1320129090
1313863367
94844976
1510569728
1620755345
1368114694
-730470652
982951887
222458822
-975333340
798440402
-1268378788
-1320720253
998705273
-1132777810
-1761646741
1753660675
318864580
1777189560
302797870
-1568378931
1172946256
541533548
-1351918834
383878185
239758162
-1095897288
-1898297940
-2087827761
2041379221
1743018318
-282949342
1888463329
1907297112
-1890419525
1855068557
-1490424804
122969462
-947065160
-533761585
-659423415
-1490313785
1471696448
884986769
-278240776
-1126247226
975148770
581108614
2028429424
-1959901837
-1789113128
-839383561
-2134773535
333375354
-1882401193
1471324026
2065669851
-1206657131
-1408854488
-1769890300
-1408681469
1058839086
-1581868170
1004678690
-504284157
-1774752697
-365102358
-1162035069
-1436149310
1768087198
1484530932
-1616100423
519828437
-1705638133
18271595
-438782400
2033998388
693802029
955005017
-1436920642
773986096
-766939323
1548484623
1940580492
-7195228
143988833
-1755862914
-687932811
1268954730
509288636
-929459255
1656286652
-1450006255
-567777436
1732127765
1740916579
1381931980
1001520157
-1076537693
331851178
-770206036
-1484862331
-632323039
-1610601515
1859261969
312246136
-2092240324
2088855090
-1520060322
2084315829
-1493503367
-239015334
445485803
-1850110271
-432256443
-754632778
-1551605185
878355723
-603520950
1875090501
1127680382
-1119761328
1268722435
-529456741
-1948576480
1507938112
-1679059822
1090962988
392049891
2146664802
-479049775
414811850
1191108866
165006900
-135767386
-2023031700
850239143
962795157
-1522300518
1314886192
1457100701
2051801191
1745975468
655595426
-901613239
-72213392
-557732509
1490596670
1888800474
-172685696
181179938
544831795
154487487
-386997287
1853043391
1287203433
653439833
1037034442
-344444331
-1151213627
77424370
647931549
-336815527
-185358933
-151082260
1927130802
221727467
-1792324668
-1919337923
1815363563
270529646
348122368
-1673541862
-839167669
-602189222
-1054706722
-1356504078
1198879961
-1449148592
-1711628566
1289160605
-1211967030
-198805906
-1915663993
-724786987
-804205346
1240405476
1343225070
1630760164
110517001
-488622393
779750774
1853523359
-1444545962
-1573310939
-742143979
-163194222
2050383112
-1518974120
2083550246
1694173564
-473771262
923412383
-2140656276
1281280509
-595206808
715381482
1044568662
-638525299
1989597317
-1411175948
-816463228
2084016
-1986142226
215548311
-303724151
2102175335
-413183768
1757664091
716607986
-1104486679
-2087547130
240953167
-1252914041
965662867
-733090026
-989661412
-2064238640
-1116108260
-1601442755
-1637702058
2127336410
392077580
65801057
873507861
510201403
528865134
-736882490
-749715004
1145137746
4157636
-482579461
704359224
-1023645229
1353650746
247266807
-743904252
1953266050
2003790367
1042128254
-1898709494
1912727102
-1501275504
-1317012023
-1671602859
784129600
2000198517
1668209509
-1589314266
-764951900
-992016463
477664091
1886845516
1265012009
1614743957
-726038384
436248248
233852468
-973677932
1927084910
56199760
-1588328678
1335200317
392247236
987108611
-1371904866
-1126563739
1213611242
-1676329443
-1075176008
1067675299
1000096809
898481371
-559089000
-319625984
-1910912679
92472898
1590675433
254082543
867629514
-1811412
110606938
-58337926
-1067012761
472201635
439092825
-388972610
610487832
994029681
119189537
2068869785
122179944
805735415
-1374955529
-1922328927
1830234216
1341541693
-2002319697
1370813271
-1212102190
1041323082
-941474187
-1319785828
1169898096
1027918518
-1406479415
270219107
1690089406
966337405
-1319873845
-170253401
1965844686
-397786091
607777976
-1586386529
2037561707
1007725249
-1950127692
97236016
-766393471
-442096089
851835593
-1762135389
688941755
1982198304
-1874376657
70775703
-137818514
-762229297
1211574221
515734329
1507259829
717151988
-871733249
-885290831
-798238244
1401714306
150502042
-1182941473
336147201
-779089298
490359852
1883317318
1764698872
-1208092471
1321782151
-272339384
-414360977
-1136138224
-922884736
573918099
-1021332398
324589762
1398995188
-1719442981
-1419492496
1049115699
-551287029
-1116146999
914136670
1437017248
-1840307264
-964404174
-78105189
1713889922
-998511968
1620895628
1446174709
-1903058137
401538001
-111108963
-863680214
-965286787
-1458977451
-466613388
691742417
255775280
-468247408
837304733
-1927456902
-1233199112
1669950471
1462394511
-40087532
-1868352213
-1094223510
925072233
1208581007
-1485193831
670107604
-2000758307
252997825
-585305192
1574230608
-1403548052
1716200077
-436684963
-756688225
933108179
-1180012990
-1116420211
43345975
-1078352444
-935416768
762687251
274011023
-1242310439
-156621087
312359987
-958248551
-1397131835
459381653
-213330721
2007151504
-1331086900
1892493902
382811209
-1459597581
-552751500
-2088872161
859610553
-736067120
1337320061
-1835924961
-1177096032
104968005
1055669773
-396396141
-717616660
884936771
344581679
-1878783413
-308023651
-1670196075
303588222
2070721100
2026322839
170577952
-1294303203
-1820993105
-2120632646
1516517484
-391081751
1389573576
-1873650385
-1899547038
-1621385742
-487572855
-603356412
1076056151
1072045606
1243332136
998430715
-264638391
925907534
173519616
2060608926
1337231975
-536294594
-1303372876
1024121495
913844182
840664904
-729113191
-1523271875
392190386
2123371249
-1106094763
-1112330382
-1333274542
-2000885529
603574723
573887915
-1360702768
-670282447
4675866
1268474703
-1016646969
392216488
-1988240307
405221957
421615710
1227465125
-969458509
-1444398136
1405883013
221250299
-831862806
1933553789
-603728002
-382809561
-1874522631
-1839563322
-1481801313
-1496798266
-2061208140
1379816536
1222317141
1268884807
1855992676
2139620362
-2000073364
-896995616
431326630
26427632
1598981772
1509660869
-1852744557
-206494296
-1516786938
-602454121
-903164127
-23853325
1838695888
697811994
-280689976
1970039943
-1436619826
-2081336789
1689610600
1436304162
-1865447853
1296368368
2067102057
-1465738270
1348026854
923498064
-1479195612
1865649363
5645640
-450510939
227970689
2140473033
-1390504779
30106032
-1492234272
160609392
-1615116950
-1698196019
-1016808644
2095593121
1623483751
2028425831
-1528154483
-1390259722
-1432028298
-895695699
1375331438
1693245856
-580533397
-1175178875
1766368256
1674355575
1855130284
1463906753
-2092324083
-1985924782
-419081997
346848656
960503407
-599999592
-292769454
104250166
-769176397
304371991
-1761912969
1295647999
1007775480
1801781268
-49576655
-788686224
-399043555
999718050
-1570640846
1728868544
1190107675
-1880688585
-793419754
1220253318
-1855104594
-1767971205
1597056163
-1895391565
-1080137670
-1271501981
1488411730
97732289
-1824713747
-1307406722
134044430
185388076
-2077655520
-309211250
-1647058629
538617121
-1210583038
2020929626
176784121
205361269
-1942616713
1596590018
1299562409
-677826344
1210198589
-1018351085
-1046508113
-530602167
1185998160
-1173130596
609902201
-386408244
557547152
1284086401
-689905984
1179552603
-1931769184
198854862
1319433998
-2079529447
-1933555440
862672847
-1384066945
-1737498419
1643724989
-1361818722
-76750389
2116894349
86228599
-1078684164
-1558493053
393981881
-1658906139
-1198931100
1377366682
623777579
432399525
-351083171
-1474733018
-551457108
149448631
-1278226928
-1340480152
188743337
-1197010150
2113925401
-1386871543
-179053275
2064761783
-848429663
-1781146970
1057875953
1037763454
982681004
-1460345458
1950723611
-465786930
-613857617
-237575222
-1496712028
-887262694
-1527126171
-2137186979
107020916
1583191753
-800178462
-1987141684
-1609416814
-1809166756
1990031591
-74830368
-893144177
-828975915
1024764792
390129577
-1713963197
-21267625
-1373982292
-81465658
1074425275
-981356535
2104909763
1424460516
413997169
-1353834432
2073781373
-1659465084
41196221
-416786211
198405033
-1809769472
2033584268
-569276174
-29469189
-1777878321
27991119
1244809899
1123916322
-1283666681
-813182923
-1717463445
-460578022
142449955
1370740379
-335199179
-2054864962
968186886
1975428547
-277954739
-2026735712
1468479295
-505673020
-1914908642
1533106461
531435406
925005761
1274388574
41915563
-114519129
866353501
219831663
-1743980172
1513931573
-2004205715
-953672440
676865832
416423457
-1561164561
-1890588652
74713359
-2060975085
-370728133
2074742746
-509514147
-301856712
-266032008
-1463340707
1497977801
684211526
1612802385
2042858245
-1151749537
139312572
-2085456409
-91780994
-1885345899
-197069714
-240043512
1630185695
-388429155
1966696768
1384362145
-1558437105
-1360936199
-296806863
865940081
788982884
-101419949
-1855747941
1630844927
1134364044
1216205710
252007096
1070122701
1473262000
-520275688
-1973776024
-1546093106
1220312021
-1025031039
-318272976
-524520172
-689230202
-1445550767
315794822
1593926861
-1646583376
1858084117
689391947
1515308912
2015724236
1889275579
-1892853864
1041951538
-295404734
575221535
184767932
-101898561
1098078476
-1148114203
210075525
173942054
536223130
-1066314360
1397508798
-2077262572
-1919904011
1498854835
-1464787207
1290471236
-1106024665
-1575091505
-1659878002
-1454790603
442998233
1235052509
-1377085981
768639262
-1503147972
1367809925
-871390739
-463750113
140483372
64044397
-1994889483
-1861392456
1658428307
1757427918
-354629985
-1920330370
-1980471029
-1535701947
-304755673
-908840949
1156550343
-1379336474
-1920400914
1907506230
-851837262
657877655
-272082123
1000044931
-2075485480
-1212214374
1163949607
-169241123
2066575621
-657857173
-1797621220
-406493054
1479969963
-2113197877
-226028005
-1473255362
49644296
-1722841316
1750885281
904384731
1116937608
1403219695
-930565728
570403799
-915093913
1555279323
-482837558
1006579799
-2003330150
1237144464
-1423044082
1285959259
1070549999
-1808780757
296596578
1796634931
607330930
-1500999734
556345027
1787659570
-708451309
-786834077
-1153302151
-869421920
1326146437
-1110604079
2053783967
-1008578572
-1224151192
-25808849
1977540066
-395754174
643563177
-91687831
-265264247
2017413874
1155841833
68385039
2034884532
248803762
-851940708
31386476
1965463784
-1035423315
1206486451
-2095236393
-1133814582
-381673732
-520983171
1761551432
-1541380566
-312381091
-412035318
-1587092690
-501932221
956879650
161949009
-858481794
-1136180160
1491348331
-1893549741
-2048470769
-1086641662
600659863
-281763713
1536852004
-506778336
663357431
215762264
1042000714
-791638737
-1352649788
-518388139
162558564
-362268606
-1528211373
1536808711
1096156932
-876983628
-344066170
235163521
-1136127493
-715962588
-30013051
-1035547149
-1407164877
-1920316736
-820882002
1040813720
-1379541829
-1369456186
-1498552631
664067538
-1690347997
418668616
-32108928
-1596667758
820993289
74474287
-1554338803
-1103302915
-1023126029
-181445247
-2075153868
1732533580
-1052727201
1267013094
85190772
2001440499
2095869209
1001666663
276890489
-1908604923
208331
2063065209
183152852
-94703402
180718042
-603111622
1657512429
1991458785
-687877009
-121970183
-1033297353
1037860332
-1143734317
564616444
1884677286
-1523736471
2061920767
1789484668
2119152734
1003746847
-172859789
1406627316
897252524
1229013513
1891918150
1463671706
666524729
-1448730498
-538601602
1552262189
1326430076
-70575471
186966177
-1757459215
1087864432
199035834
-1772128885
-1104086025
981866887
2028453301
213131394
2050445474
1805300189
-117186902
1416192647
-969097115
-1946564432
-118770291
1065359854
667122641
1779782160
-520341305
-21922255
-725999666
-2140191022
836659989
-651131648
940816168
-648093238
946807472
-797703013
-954216371
298843192
-113664338
1976575844
-1238914220
1530346882
2050723495
-1258617681
262259777
426578467
-202411877
1275163356
-1096991353
2110561763
184838419
65955496
-954536243
487791944
-1057425019
-21466177
-1239278603
1951361612
-1388300036
-332512619
331028569
435722319
-1863355656
433327989
-1562748329
-1640113330
-563326830
-701397287
-1830108401
1125973
728887268
-667905284
-1941037461
-292459214
675646887
1814228653
286728031
-1752181397
-111565540
1259180390
-441426831
2134385265
724085296
-1019852643
-1101524869
966899988
-922828326
1541476953
-292510801
8623673
-386130745
1458572551
992100572
481031371
-1475356615
1794248845
-1505101073
1064820463
-1572501204
609830047
1282885307
-208265605
1555944890
2119452754
1723911420
-1323024216
1766637760
945405678
-1018832743
1189847301
-1103197248
236934663
2067916073
-865095762
1768837896
1907529934
653005239
1037952702
1793574932
2080056484
278166473
-16571647
-1023431120
206770928
-15874401
-2072947730
543489377
760982577
-1416539464
893105875
-966340731
-922634154
758180249
-1688268463
1221163961
285605965
-338632240
1078894347
1262978042
697554137
-1563295945
628467354
629225742
297316008
-1069378699
-519509565
-622315356
1194146724
-454909238
-1249745684
1600268730
-1726911096
1539248394
-522907190
1731222334
1027759543
971250409
923640159
-1453315848
-821421496
669491066
1844470051
1373784742
22458469
336592369
1265876865
-1851428504
-1280899115
-1394308176
-486923388
-1712138402
-995007530
1161881216
-601551918
-1827560049
-1984914128
-455825634
1028040920
522212364
-1434293882
-829605894
-1307154874
-144611244
1251099630
-1174416326
-929032258
237712890
-1305359676
-1446644988
430750919
545293701
79210171
2132714237
-228651001
-1303231082
852709172
-1085564404
2041402801
1573431888
386482130
155778402
-922411717
452222707
704148301
1458251198
1258089044
-2010206774
894252935
-1285692435
1757608213
1048166983
-312824100
-1229649520
238522742
1050700139
44667581
-84526559
2023005699
-2048461717
-2078798977
1325418551
-1284802098
-1038802544
-662785680
-1758158071
-421713497
-155504802
159124267
-955541456
1736471690
521305592
21568813
-503026256
1202491224
-2097388862
9363111
2045679672
-501854262
-2002251192
1214097301
748261801
-1843848542
1637008478
1826941967
2009928660
501481762
-2027719033
1083889886
541309832
2102837698
-1286213478
-630676143
-344041525
-589193188
-486608990
225029713
-1662621338
1769359403
594385670
991473331
-652568922
2026320052
46966761
-894981939
-1633151135
-1829359357
-1545089325
-1493936821
-2044699337
1202339290
-920619120
-380359869
-1800766439
1267696038
-509165736
-1752148602
-2145118449
1271153652
-574997201
-132437704
987616565
367547426
-1928845170
772665762
591110918
-55841959
-1284323773
1477911878
2034320348
-854181446
518537109
1869502515
-1248331849
-1215622441
-1968355413
1331986330
52574524
1947888996
1407333165
679238306
-1442916351
-887379411
642737707
-1000336264
1898771207
-457058741
837827646
1472623529
1595316103
594893970
-410923284
-1381291341
1499465713
1486019149
248331856
-1855775272
-1112150223
1358301996
-1967431686
-330386891
2016740403
-1313668995
-1212549101
-847676909
1823072681
80680858
-824647483
-694693251
1452283403
2095997858
-1920482343
2009613842
-324816929
620854891
-448574815
864536860
-129447366
-515181385
571140119
1671766752
-750723706
1221771685
-1469669050
-940500937
123590788
349277545
-1504282648
2100177757
-2007022188
-972774593
1006328656
-543423224
-1608122316
2037830300
1130611594
-1381508420
1563377350
1985589158
-387687745
1846306397
1527772309
944629478
1225218270
1849770757
-1867132903
70293564
-1130138247
2076361496
1891850618
208596242
-111832084
-239561836
-642714286
-599761452
-1297707580
-1777155923
-575352905
-230991201
-1730625699
-1566969960
1510994807
-641774792
-202425652
-521608793
981406117
-1695933889
1446692095
-250440555
1953611092
1635696547
131531043
991532067
-1768743006
-679117224
-1908117947
278024419
-665098248
-406468280
-1494082757
-1626107822
51477647
-1446706298
-346803004
1387612716
1041805109
-873164855
1062392302
-1961916676
-1545700784
1282204439
-508648776
1110447090
-1216837085
205164224
531588343
-988340232
222533199
1344107917
340411261
2109216262
785895325
-1830182855
-1389591689
1081952437
1823467002
-591633120
1073292310
-1742585070
-1439962430
-969943242
-36809616
1134678709
2070516545
1122086970
1695671209
-265150703
738172789
-1841157590
-1345188019
773480972
-2109576935
1274182649
167400448
-2016209455
-1735139618
1564601727
-596499367
1754967013
-979275781
584300208
-1690981879
1605771640
-644437016
862395920
-1831406269
422970621
-1988912539
1113492070
534265432
-1047674628
-1759375423
20544431
1580604832
802439206
2094367064
-1845452971
-1283269216
811744938
1089805916
-522030176
-127775895
1072946374
-980930344
-1137562004
2034739518
1807238816
-820442382
1457642268
1884137337
1712555349
327353456
-710155314
85624750
260296018
-1788588932
-642811440
-1170158064
677174755
489984939
-1618570927
-1951455981
-534690295
-1047670213
655582299
-708290733
-613768561
-1522225508
162443520
-2098822221
-1093719713
-1614657487
-1187043629
1939533769
-1790700015
-1293325737
508934042
-1087497095
-1738421308
-1913820251
619822913
1274675423
568836145
-165593739
709572368
-2072866958
1563132924
-1708560477
1227909152
609151333
-1107329971
1768172692
-915943157
1938285648
911417759
621179258
6173410
-653867505
-1785210921
580781781
2037643619
-1222026518
-1173179496
-2070151876
1908175467
-1628517898
636797141
-310136228
2033485993
1441975226
-711418201
-1852399039
966653332
361965332
-1428323232
-1181382444
75964062
418748509
-2138766369
1001625508
1574375849
-1302165813
-1325785819
509658088
1907905722
147532823
322795304
-1084460860
1798601963
-2103963041
-1071918617
953285067
1333641382
491195468
1183909310
-631971387
671283472
1076759415
-779410438
-324359759
1715324610
1579841800
2019986608
1772917773
-17707586
1012593824
-273347126
627824724
1787772064
1568382328
-831561886
795282119
-1529212141
-1336194614
-305032878
172473456
1109056390
-1503506321
890781195
445355875
-2093691872
-1685468983
-1621256538
955022151
-146242831
1974232290
103980088
1351573012
541708649
1946700245
1484921449
54129949
-614315251
-748975508
1477457735
1665886800
358714215
-1787090934
-909988777
1546953149
-501782723
-287392309
-1827996435
-1829711020
579042566
-2020001303
2056076733
-1731756814
-192358247
1910065505
-256687695
-1213402978
-1769234905
-325953067
1065697276
1764164367
-716574613
1469666740
-182565010
1928306289
-1851750881
630095511
178524938
2011643240
838771377
-1180694034
-938535979
-1803185580
-1621858762
-2117639205
1552466928
-334045482
-1434343265
-337822627
-1863084312
871939987
-990194647
452903601
1871780685
-1544458184
-390302950
897626868
-1645207167
-622277699
1744659625
1481841165
-292160559
1576701164
1603988797
1837298633
728968137
1095602980
1597576666
1857357638
-1436217149
781463386
-356184360
-1001937515
386624449
-1999258272
430868949
478097051
1246874748
-1872622231
1409826540
234586167
-1518715972
-1730977332
68096294
1274196905
1702344426
369886472
-1231387088
-208679631
-918794013
946387976
1039172942
1050296822
-880276466
1144101031
-744386161
-1972013015
67289520
-924389259
1051849538
1641391466
87861886
1654684603
-1364753240
-176574614
316038259
244375740
1096488426
-217058607
1036669411
606089021
870816845
-614067103
299847120
1244926024
771793059
677527642
-672386692
-597381588
1033675012
-1304003552
-1442113729
38377671
1048009150
-1465586149
-362625382
-1678104058
146483593
410402782
671798667
1049702060
-882899713
-1137607030
-1056961758
-230959277
214019402
-1227416204
291755860
-1520945744
-2049565154
-975765755
1218114574
1168624155
898131689
1909696481
-376667251
-572594867
-515153079
1103298635
-41664532
-1423842710
-1321531714
17778632
1582272510
-678593214
-1738920032
-1100931327
-1923705507
-453523245
-538561197
1608895469
-1079357
434866706
110667192
24321071
-566496873
-1162347798
1967318502
-350451268
-20667957
227228036
-2001294823
-773618240
-1761450268
724428745
-2002159382
1785138626
625928026
1113243428
863022528
-1391137019
-1801835743
303373452
576106118
-1230939087
1794550407
336447681
-115259234
78625075
-220793280
-1152024363
-798201580
669106528
150293695
-1315896595
-990141418
-2144310304
1871622342
-2049268920
-245874781
2026123849
-266316480
2025434496
708359555
599301514
-126913970
676861456
-1400250250
1452358922
-611264609
-878493674
79775920
736390160
623300612
1653398361
94585731
1747093861
23145026
23928460
-803284386
-458848969
951352106
-438836781
294431989
799467839
-1879380761
-666215033
-2000862527
-1083392218
100806550
137335094
404127659
-844629724
-1146134757
-619342099
-1564004349
1930379498
-1122307534
1691248312
1477631926
1442009282
496240324
-2133143959
19361984
-28558605
932945787
-433675880
923870431
424231785
-1981962600
1762223595
-562491767
-70111339
-734606845
-722534505
-517661409
15937682
1362330787
-79683034
1223702625
-719664248
1382410480
1884981626
-1067180252
-610048939
364183749
-572178671
696646979
127422057
1755436666
1137536905
-1090392878
1161857009
-106202318
721196135
-839854439
-570981577
12361328
-425658861
-97032768
-1518427576
-215840016
116247078
-1808530746
-1250408234
523672756
315126248
1734150583
-1687705504
2095088732
1093442836
-1513115746
631155343
2074667962
124343517
-270316745
238394851
-1300672603
-218811595
-1478757143
650021006
-1180753139
-55031220
-1273843214
102778271
578129744
-1534164906
-459759901
-1574711197
41575883
112026513
2008927567
1644192263
1187518130
1573173894
-1170487105
-1395047038
2050474276
610358414
-1219561752
2028635569
-1593069447
713940631
168380191
206559683
-1439442210
1646641192
-2032409332
-1188858921
-314362588
151667874
-100867426
-1972857374
-2042236972
-458582841
673779006
1611665622
-1156189818
-363641728
-1701748154
212013568
567026290
1807907034
935777972
2030232241
46292295
1808394833
-378640870
1483898400
-2088560325
1536706385
1823644889
1795760526
-129949341
852998905
956764558
-319079765
1212345668
-1553490911
690323915
-2145822664
1951559337
1632864414
1014203913
1622868205
-302290762
-385191740
-2038755107
-96103268
-932207555
1828476716
-703648406
1071487893
-1316383409
955107510
425308438
2110990412
-1210366442
-1061400367
1319490688
2118135609
-482305310
440364537
1720117169
-782632705
-1656142975
-224015743
-902195823
778375888
2000678354
1332133266
-468620645
927817998
2044300700
98326642
-1498705196
1423587382
1609616795
-1155890167
1840972537
-292511751
-950075940
601617057
-271482633
1574184107
-230354102
-626660883
1187790751
-1174873376
1831636103
1959799116
1002570137
-251692716
747720703
103706702
515635097
-1461801717
602068795
1122855286
291622353
-1647637575
974928754
806157633
290757798
-1121892253
-369625243
1627279719
1920708773
548179525
-155356564
747370592
1178688952
1966941686
-403461941
-526969559
1106071956
-803092278
-2027584183
-1550026937
-1490216587
-1286060425
1218035715
-2136935668
95604493
376463610
1403606653
-1370195432
517808313
-194641221
377286905
-516966366
-203740939
-1150930193
-727004916
-901236744
-151926510
1287941181
632546669
1976784068
1353677606
664549795
-1460093169
1024490384
892784451
703937947
1839899506
1675067659
-476641302
-1191311495
1606445110
982519693
1286441409
1800690454
-62241807
-165449384
-1350430076
-1231565134
954851393
550124320
297462585
-34741482
-655296220
346790604
719686055
1877801465
-537256570
-463712642
-1541188344
-908734812
-1024170725
967280592
-359562755
-1705421608
-824955025
1491877729
-323077695
1772298735
-1264041926
-1291993969
300712097
222217280
-1762407176
1495160197
1611370411
-688870200
2032357305
-1701336201
-497183323
-1811837179
-923061451
-236722388
-233499840
-251307227
1883024419
-728778308
1928283789
-1424673184
-1817291830
-1657461349
-1958389328
-2063198815
-780445737
-1905568811
-260749102
-1550066069
2092258161
1216870810
-652299428
1230189050
1542595978
785584637
-977335199
-681949528
-960472968
1536552952
150724187
267613074
1715596995
1635445939
-1298065895
1291997819
837200192
876819973
-700151560
1311677423
-1355015586
-282296006
668936785
1796612523
-1000662337
-1799838185
1488954417
-105280708
618623754
1579509274
893470543
501594341
852479743
1359143941
720209466
-1508511547
346639819
-348418147
-161648686
594098745
1361265565
566790575
-745284360
-1090024577
-579534728
1215939667
-1310702200
100248987
-1389318070
-504798348
-656052089
-1220478339
1214490686
-1306123890
-832670823
-1389733533
383628622
-1525105479
-2031110731
78257532
596000795
1466216423
1459153179
1380231886
1639930368
96779369
1043869828
-840825512
-1773926556
-941094985
157148059
338210426
502291279
-1059270288
313763500
1054766229
-323536833
341968287
-839857766
1553209582
1592969788
910765887
-1635704298
-1798639657
1148849706
-1817800959
170054925
-955130096
-390661539
-1390060981
789758818
327769706
-1700914062
-894278012
1950780893
1075076781
1143062620
1259324558
-558996382
1098267323
935851197
-905441132
-278391707
-1594091788
1303117942
-2044691963
-1083176291
-128822564
1554587009
1863632863
2096380919
604827899
-906654467
2035866928
-130537011
343152900
1582454922
1552908761
-2127006377
-1449912263
1835357399
-341937259
-1758480799
-844987379
387463544
688128825
1862633790
-306158838
-1926176260
160612924
-389281796
255557621
-1375466434
922485882
1845437144
2096057135
1634019323
-891667916
1434225652
2005397085
1007356837
-428317093
-1235080633
1785755211
1489674870
-1146866419
594298836
6240013
-1014634553
1403811423
743173918
-1946038681
-2134981727
1803944285
-50254886
-1250138002
1134730388
-1557314738
1003234022
1116088942
1818014407
318439227
-939313799
1193732110
1858771024
-267976270
374055836
-1497856334
1469012677
421252295
747987417
-1173310688
-1338559981
1282048091
957486641
1188941157
2078722189
56525472
644509778
-276025607
-1171361721
-370889508
-1812705015
-2135478495
-1370826331
24248428
501183733
1132169620
-878567634
1783769099
-1099590019
-382268575
1709521573
-1215936172
1374042883
127642127
959133530
-1895765371
1759879001
565864709
1037874621
563343493
-823560333
906801452
-1969515469
-139331289
-1639615138
-255263022
-591670996
1786025392
-904606864
1329203665
-1415579019
1735207318
2063408577
1922943984
-308494902
1507750282
-72706343
-108787320
1126985391
291043000
-1280568406
-1141227414
-2139843201
-1936395699
2119277248
-1555226368
1118624708
-1006082759
-1499557194
1476785585
-1206392375
39872565
-863736853
441228426
590612846
1710290951
-1179537034
-1606617318
634561083
-1382104572
-1332955818
-985074532
337830582
435860694
1974488046
195992155
-1817367816
-1736484481
1588873903
-275009966
-1811805059
-1889781602
661831190
957278226
1203303228
-465842193
2090207961
1612762088
-1987589129
1949621272
-833917348
-1520659394
-67224621
1591736993
-1950838166
1198771521
-133939925
-1097406396
-964024287
-1222801724
-538626656
-1401757850
148684332
1805402211
-676472460
-2081170715
-299874761
74707947
-114003944
143835412
-1800798817
1502339577
1871203843
1662827267
-122704535
-2138176288
603887556
1976974339
-1516079754
1326468560
-874536358
424181096
1200527092
-1959653325
-1038515005
-930844016
-1769410026
-2112209062
-1852723502
-1227720412
-511038714
-1284939176
-470247099
1517701533
1604495898
1685873198
2074075926
212003850
359787334
1552651816
1443131409
1580381455
-327233327
-2054966651
1170431142
1467191088
-373953205
1529642333
-2033591552
-1214770097
-886179650
-1123324481
-1543680683
-496878733
-1163795165
229546265
-1415958145
-123429174
-451721704
1575916252
744337868
1451466224
1342111694
1786520160
-495522031
-1590697871
213479752
1207497476
-981837819
-1318585204
1109822913
-64445799
1365418443
145180218
1867880813
-742796800
1095775696
1757678190
-1110475420
-906159087
1819355351
1763687069
1675749083
-1126558018
1233719121
363842687
-1793022572
-1179598217
-1657715983
1531859479
-1527120489
1641548752
-1486918272
506301937
332521506
223363937
2135518445
-1288042582
-1109180451
-364204051
1050338471
938140853
996537425
1049992902
-949874641
364415323
1449844891
655267439
-933319960
1265485315
-473476772
-1624076413
-1296629455
-821553997
344180211
1241405396
2009366197
857713366
-1143891730
-741375018
-1897247231
1796760383
-36815939
-451374530
930995542
233358445
1284635048
1975592422
-2098045760
1347725072
-1636600318
-80381453
485853543
1632452812
-246916706
-441027528
1128094244
637572924
-1107369086
1320024541
44786006
322871097
762532058
-1612617157
-1000081418
528125019
371150895
-2070518774
-121338391
1477645503
-378473512
811350206
1359313813
1576316170
1383716784
628011565
1611255991
223674542
-444699128
1020071540
-1599660942
2054629996
-1678202913
-26585573
281975466
-1638108903
572550224
-158699401
-1364151662
-230847324
356488011
-391013808
-461778301
2078586710
339629959
-1363008830
434156815
-1614737572
-114265161
-2042719640
1437295446
1678773378
981098235
879009974
-976123753
-1560146367
2141805721
372743078
-1338512631
881542651
277893868
433530262
1365908971
467829124
1206295964
485059952
2004140250
-993814044
1824870159
-22133493
-1236017054
-509375910
-885877474
1036171728
1049512918
1382052772
179451147
2146636704
248509539
-220721283
1171083955
1341349365
736274787
1584617575
1710421759
2142560070
277202414
-1319212630
-1758066272
1754342064
-979721289
1980750747
243577338
183072722
1143269140
506667041
-700427424
1331956984
1929050206
1161667445
1339857026
1121847162
1660173947
825144616
-1197522397
-1782825370
1395125944
2138471786
1526836494
1438284636
-1935112741
419463816
2026914634
1358128569
-1487585672
-1658682698
590564492
-1076265992
958142595
-1476876786
-1735405075
1283178324
329008678
700730584
-1008301860
-973670992
-490597932
1920138764
-1186858667
1637787067
1727173022
1657223700
-1776004270
1450651983
1743698885
737490389
-956782718
-2058571238
1878700175
857850352
311588664
1179155583
172969310
-1605246396
-570306651
111242430
-1582736131
742250935
1018258506
740385361
-987039427
1046654518
-1507369817
1794936217
-268897856
-119969543
-1692874440
-216173638
1816611860
-1976854773
1510667169
1322437826
1512386819
-355414519
-1346568665
-1678073840
-1500914904
-193382103
1413973602
-1265089805
220814021
-1325043074
2055683888
-1971774063
1622229716
-2041828231
-951929363
895900169
-428174501
-153981006
-808798496
715121116
-977308412
-2036109080
936903927
-1723904632
1681431020
-1430174906
861952183
-1343772043
602888123
-1049105689
1850202733
1997617941
-1118908684
-294612068
2020838313
781096262
1716499341
1593503724
-736865300
-1629830406
-247493950
1038025820
-1656118112
1435912473
-195202523
1248453359
-1598691257
982726821
479446009
814488303
965619959
-1641107937
-633918272
581870
-900605435
-994548952
1143539219
1394684679
1559105792
-611371412
356780721
974552425
1792834017
765709755
383236057
-57375979
-351575424
-1266633096
-1033375781
1556778726
760297800
-888559562
-634670612
-1376243502
1494498094
-1239822945
-1273038022
-1313731730
1642761438
-146589800
-735500992
-2140703305
814101303
1567612578
-1474669222
2063201550
-1954308359
-1740188029
156750235
1623446404
-504840259
-1405183964
-315076898
-1485089192
-1819422171
544179644
328109083
1563711677
1099455827
-1698165458
-873345285
2023378655
1430524830
-42595152
725161389
345568552
2138868355
-9478740
1821839866
-1152766018
-603587111
-734156310
974274966
1818484304
-1954377144
1389358830
1207285689
1304995858
-2080060677
1515606942
-208901138
227214341
-1669912940
223556648
1749164587
-1948122757
665589600
408324130
2086813728
-847014694
41470667
965150450
-513924141
-472879969
-1485802474
-496062865
537513836
343511718
-2114122170
1018597320
-254345651
1174953384
1693305183
1591215780
-268175514
-2043316477
895653586
-980959606
657764550
1518598337
-1115715277
-2080298365
-297658252
-1352538158
1506409262
1184846590
-713779585
1717538460
733786555
-1835393549
-1860428717
1025735605
2067754384
1636660553
-1161210547
-1797707537
2055315415
-1310593156
76598418
1362398868
729757217
746905210
-1745216484
-419092750
1601286553
-19404594
-1983219435
-654891495
-841024132
1268683008
-553963160
1707731426
-434456376
-1858973894
-1155404141
1781458484
170256179
1823220014
781832642
1374982530
1344552286
-1287867337
1209646361
206902679
660438090
-757428802
-1420468655
-159856491
1916047371
1275057631
-234107258
-2118602182
-421173830
1168615499
-1883251890
1898815845
544582831
1163202415
797134093
400332248
2001991407
-454292011
2147466887
1050247743
-253498141
-1983424054
-511911498
-1027233167
-1108506549
435924801
1162677725
-1784733195
1959823985
274979831
-217640228
1261121223
-2068012639
471787991
-1752969786
-1474456486
239202776
1323043743
-1862440272
-1548023071
311751866
1155936194
-2077900853
-1378523446
-1323572023
1419468176
-455651915
233059466
1368074196
-1088798573
-748326645
925158559
859401388
-1011710404
-490366654
-1831263278
-273977315
-246746689
-2062247754
-1519592515
1239588124
-692434374
-929537533
2042386316
-721880004
1665042204
546293396
-818816761
-163043737
-1525686588
1613171320
-802625073
-520081719
-1010590872
469852540
-968321817
-303122417
-519251400
-181098123
-829868938
562407632
581408962
278263261
1856165834
2134127435
1578939544
873119904
-571636320
-1692654509
1758708015
-897854408
344776354
-1923568250
-959326199
-750501129
1230300208
1269505733
-1764571370
-2067267677
2037245794
-2102050081
224149847
8579911
815391821
1177572239
1480652229
-895849400
-564277883
-2096449368
1258532976
84468406
662014947
-1505360242
149481962
-2011460124
1814148744
-1156452376
-175675163
2087761721
122308385
-1590157677
1586420250
-819120568
-127807892
1706567641
-1954184596
-990010850
-559354630
699535330
-2001965235
-1259813924
-1876290507
45158506
457951584
104734340
-1782459484
1917818548
-1113641632
1984208919
1611150957
1162390717
1370763071
1207619550
-751569637
446316981
-620008558
-1015345656
-1973911647
1973355946
284085035
-1733576587
-387177569
-113390458
-176825081
-1425258288
1016320739
1505209403
-379884950
804110307
352734769
1165838908
1901439304
511046181
-592398265
1057426478
819245287
-827160168
786617626
1496522719
-2044652351
1945751761
2011789670
1751617142
-552678994
1545902936
-320737691
1676005100
-636044990
-1710366927
-1267118627
-140473413
-940857485
-478555206
1266096736
784043988
1002786431
-363877961
1747097551
1692995285
1189532940
-1540476757
1116121119
-2141799301
1553203856
-1424687767
-1651494817
-1173330092
-251996686
-614406679
-499168775
-958068039
-707960207
1475602015
1122223159
305564667
1822561989
1246610313
618773001
1844156124
-1343303037
-1159987640
-201113595
1379814721
567635397
1125969010
1059614382
-1399210460
440309513
-1197798682
1400327416
-1453107249
237644633
847437024
-46047477
-1465071290
-18191188
1961290893
753720647
748553988
-1418610036
837468385
-963913848
-2127665430
-1506758408
457628840
749455530
-893450380
-2122526325
723851995
915168847
865596973
-1453974819
729152565
1335130335
-361969308
-1377553880
2077538820
-708270128
1428463904
208274222
-1592184252
1333175846
1047315280
1727593050
-736886551
1635621693
1230784327
1947942181
-1344120197
936584134
-1075674010
1094616251
1091337192
1029793551
-165595110
320831197
377144213
-10830714
1231984393
-921708279
-243611723
518235519
-188039801
418339287
1003421150
2059149108
22491982
-732779355
1197000665
-1113747187
-417958290
567853942
1670773177
1033034530
-1675312766
-900074729
925379886
1491355901
-436567772
1722428803
1210938906
109669540
-2074334046
39452296
-896054172
783230421
-140347919
813182633
1361428237
604002707
524354785
1125134406
-646298496
-1807475231
421605778
1665121018
1863760941
-691249715
-1177980378
1619016003
-1319996072
1029454255
-1348374601
-932778904
1587040045
417179570
606992011
-286725481
1893615128
1655838867
606025094
543054669
-1250426285
1440883881
-1514209057
72521210
1382759359
-450067164
66325526
-387643676
-1501165832
-1808474727
-1108717787
207158859
-52142173
1058478525
1069550325
867225037
-644643831
1152148336
446308627
-1005398005
953611753
286979325
158970531
-545425779
243020937
1880771488
1196964500
-1908876830
333939726
1558806088
1638831893
63195147
-2091559411
1099807901
-606161338
1911446809
-1838078111
197868099
-1690379726
1704866325
1058793278
-55899552
1543546877
1087213087
-1941357690
864333659
-65178023
1519551961
1937520219
1202348775
-1911255234
-1827066619
920735988
-1471980993
685725914
-1806418324
562872244
1355778738
-934635067
-2093621759
742486904
-830164382
941837432
-290465466
244735024
-1083397816
-1734822401
1405946351
1939128496
1277771386
572306413
2133573316
-549208120
-1866324560
908490129
1983598283
759320209
740669700
-1077210010
-736281947
-523089911
-112356616
1583529935
-1188265928
164389346
1149519037
-1264029693
-2026634098
-1591862634
593079474
-1691528123
-1048102916
-1611664193
849850666
1826123865
96360582
-140274780
736191346
1925061938
1376384642
197037334
235065105
-786276113
-1222140038
-1966078851
253229393
-1389080056
1346098006
-39034067
95802622
1900018116
2020845498
775668221
1311256173
-1359517202
-409813587
-2050172902
2042876863
-1404372537
-1179095686
-1347976424
-134447769
-497820098
-1510912806
1958165577
-992855320
-833384098
1759015762
-908652718
1730308067
1308474631
-287432486
550364667
-677089968
829005024
989833919
-39633595
1998246667
-1050473588
-1391013175
-1142843455
-70949486
799190811
-727389024
48054559
732525581
1928853698
-1134529173
711669509
-1894684018
451341262
-971898439
1541229345
-990557032
-2014912554
532129188
2060833409
1309791205
2123280944
1353988915
1473672737
59520867
-1077011803
-1170068736
-1332545339
-815997312
-1508173976
1874303770
2034894345
-275020633
1786094659
-341563348
-1812767051
