-79359779
1050896252
-940134556
1687866834
-327039894
1126488776
-1988018947
545495856
-941763952
-312037881
-1162445886
1020784661
742035283
921557235
-604269593
-278777059
-1233839228
-1556084803
-644569109
-1795458995
922615109
1445339972
-196638028
262628968
355679435
-745363325
-1611582471
-688349823
1723402597
743539530
1054054111
-1103334703
-1706480963
2060345392
-1801994522
746984906
-567164322
1184475591
626677510
-1549897109
-1757404810
723756305
567738133
-1386257194
1163704028
698900787
1411978091
542511647
1407801683
-2034340248
-287388985
-1108247962
1296265744
1420136504
-2071605644
1665112103
1054854009
-1550721304
-2035896153
-494100273
1452148783
1141050420
-627645141
1969044115
-1379006898
-1946239173
-1629544385
-193610883
637645555
1375747002
-1888600130
1680721351
1005195774
1860094076
1605313152
930141548
-360284648
1712294161
1377440256
415339259
1901683959
415153853
-1556045250
1201602477
-125434912
-1618500429
-2065880089
923258554
1114564717
-11445373
1113408690
952729575
-2034943600
-1958045745
1039194636
-1777463453
569707735
2137327685
698208758
-1988866349
1755007985
-11753784
-1116580306
2133605291
-705302928
-320444176
552480140
-1118705985
996641743
1780810677
-597833809
-413744871
-88897097
-1145457050
-446177576
-1947049460
-1175950723
1074942175
-759639019
1125194377
599916527
1467279610
1942301089
-1849169487
-189430192
840758085
-1790001270
1790617258
-680137824
927249141
669955732
1524265909
-69286112
121713947
-174056099
1110429312
890815764
1518750485
-1536832575
1875169720
531794634
1120614470
-1595404161
2079947746
-225093925
-1579153655
1250759964
-959115413
1315758512
1045346530
358161415
-578494467
-2104606137
1742915062
1796340989
-1670766317
1021434679
14983100
-1493990482
-551712305
-1609526287
1400777461
1006146721
1055449610
-126557624
-392665895
-1214825388
1604570285
827615282
-1647204462
269225126
-874355906
955197903
774849005
1479765113
1765373629
1866309547
-333162930
1102429587
893749681
1225206079
1723020517
-1556775739
-1319184515
-2087803971
1846387999
-1048788914
649460983
-1532286707
1768673886
1117370496
-1808132550
1543453458
655937515
1051727524
-1939708485
2086723377
1815013419
-1103135206
-939337574
1151954450
711797520
1862099908
-1913390022
625744808
-1154289710
1633877925
-355714797
-125928593
373636575
267793604
-915315002
497976564
751653136
-1067543722
1512508785
984997018
1279175964
-607790821
2066671684
-1242405734
1422292049
706057223
2035711316
-1201120693
986510720
-795227355
153476782
-1634565213
-2043828936
-1700081224
-1475286865
-439799555
-1957104073
-662787933
424513939
-1821305061
-438909667
392466954
-1324933557
-961591953
802638691
364100408
-204517230
493862038
720096650
-1243602750
1688986177
375417124
434075799
-709422867
1932517858
-346388826
775692990
-218697652
1777714308
248557284
-594680996
1938564269
768098509
-1820845722
338933290
1744259638
202721109
600297273
-1715823185
1073682122
-718820303
-1487874318
-1331431178
1595051952
-245803571
1654562035
1649344641
-588876426
20514046
-478209044
-1094148483
1109592595
884738646
-880375388
-1597761994
1453692235
-1102742342
-308638727
-1422774580
1630227287
1355924786
-443729371
1007932711
-1385072188
1043239936
-2104463806
-125802201
405872283
-1475046669
47065871
-525915616
1847217601
-25597700
804985332
-1156155771
-296351584
1002824449
646210883
1141560034
1885039623
-1912252943
-1286966592
1127410703
-498116530
1340116504
1122910819
1198852258
-822872130
-561520717
-506497701
-803889755
-1163933905
1339370695
-1858780842
-1805256056
-1274411791
-1222118355
-1929587713
303906905
-634082833
1158331889
432794312
-1376970703
-1566945007
1859287261
779002601
1426513137
-867651358
-1789026992
536069543
2019372078
2079755123
-1910363821
1200297177
1723404905
1957574782
-1927886355
123558823
-394705277
-1634456115
1509213622
1221478293
-1304090513
-1813829156
1830124713
1997819327
-496732375
565044413
-1861775042
-2062344090
-1844973082
412117819
1394937528
-248940374
1339971724
1601800258
-667606853
762001561
-1894482077
-1974017922
1471754273
-758306457
479619597
-1242258367
1781430541
-1839736321
525509043
-1274283095
-1450545601
-1261739590
379599489
-1534488319
-1597407831
-277476499
1996176467
-1782063769
1154288195
1889283241
-1470995792
856628143
-683757797
-688935619
761030646
-1855519353
553394095
-1569062145
1724375
-588988709
-168806018
-364665397
-938515197
-1235119238
1433606876
1563443148
-2112954842
288189177
-1315679482
-298377734
-1156948459
203036375
-1034977419
-392977182
1313588035
-1217732894
685566582
1879166381
255326841
-1140461608
1079312122
-807997606
1046464710
234590288
351708586
570906701
-1400979277
122765274
936238910
959282190
-78129477
-1505942427
846802959
-827344567
929188089
98593249
-1012813590
2087582748
-1255092701
945125413
-509421274
1076936850
-1918353482
1188111121
857495032
849820009
-1816513678
-2031863561
1039762181
-1000693989
816527369
-1931668682
-769697736
-2066158821
808691986
-1860235992
380297429
62489439
1464159811
188745021
1555533774
1413650974
1177500127
-535147417
1111885141
-1147255334
-193160595
-1174165575
1750145458
-218458719
1367503786
-767539126
-1045937835
-1965021809
-1151634752
-1831674529
1510186542
-2017527914
-28290634
1715021000
121066044
1768526977
194936362
-910778998
917563236
-466437835
662042430
751124670
-2134712189
-1830677446
-1105029424
1600021688
-1225799738
-1996957831
-1629210131
-1219744150
866602552
-1526259129
-79922042
-1126812406
-1912778596
-815822943
581958756
253901811
-737421956
1921397945
-1604036775
1657546440
-1070704511
-1265796175
-1327277897
2143718367
1096152837
-1821784411
1038027270
415729883
983257574
-1906100497
-480666896
1151057306
-1154729827
208368805
1615811712
1928565074
-1694469746
109212262
472910731
2027759094
1940009889
2126326102
-1386690962
-144728611
1007428880
338530662
311790073
-19753051
1550316418
840653272
1438548394
-1512635307
664131929
1374758402
-1090324707
-242959423
773235784
-214281647
-2102932285
666006322
-2055794393
-129399408
-1121554478
-1703675323
-1309372150
820023914
-1359710852
2001003027
2063649679
-88707795
-116697246
-753667438
1204449911
-96454192
1355481931
1623593530
877083255
1089386039
-464965104
806192107
2057571664
-2124315468
-758466086
-656630003
-37893859
-1171907887
2135117712
1384736249
949362923
-1934600116
-1618252918
-953573737
-371363186
345442914
969098634
1107644743
-354179662
-755048624
-313189397
-1921527292
2077190192
935497238
225983002
-1082804282
1025268642
-1785776515
188314181
1181771304
894830649
1008221531
1009057363
414584139
-619796275
-336189163
737737747
1895252985
-1284627403
2130199142
-897124169
562667533
-827930664
501808477
241057667
2140205329
979539844
-1639878996
675274688
-1649475289
1880442493
390615326
1845009911
-1921777619
793521625
-1696768151
1951155291
-1782055652
198628362
2063205926
-631175546
1294471600
37214652
503099932
1959849064
-954719155
2071420897
426000068
1852995707
517235745
2037201673
-520795895
-1471611589
-1671699579
-282425354
-1751422386
-467642923
513799336
596604271
-2081120331
-849414626
-465949586
261314388
-459972194
-1395358266
-440062059
-208513294
-1275580562
-570787123
-938299879
1884640408
-1309437039
159344437
-1422184230
-1363292566
1555948481
-1051922952
1546296699
88662132
-2043264633
-1732013252
1796641932
-499535358
-945905918
-404300860
-2139484694
-311630802
644533222
1961324458
-1107044507
-1965304391
-192622905
-1675611061
-1348740700
1877987358
94834327
-965308031
343754565
1999794660
779161709
274552343
-945677752
2028595763
551800199
-1547899015
463373229
-1325082198
-650189422
469428395
-825151142
1017310319
772288808
814081148
733449794
-389774969
-1164216167
652904186
881025220
-377687194
1295536877
885588520
-1023317168
-223849015
-1939836631
-79021586
347534160
2044640452
2075711953
-869354672
957764164
-496213738
2059720878
327205602
-1828129489
-927517244
-537286959
1670819451
168783409
938459876
1293291223
-2102872536
2015263861
74734009
-1499885203
-183879580
1382690380
-601164288
1542114838
-1001101947
-625049190
2106024073
-1871367125
1438922360
1461134960
1664640776
604127267
-1745577296
-1004648454
-1764737748
-2112698092
1966674267
1062502299
627661553
960569978
-1955847722
1830966870
1334471730
1560090166
-1622644893
2016802927
1184966017
-1719731496
-6675431
-392822959
2006258234
736061984
788696859
-1812171342
-1334792235
-485139519
1088770572
-862225932
540043900
846506089
-1565791806
-643882290
1487687389
-1084016387
-988684743
-1277785557
1149928768
-1030003159
-1394080311
589832786
-344593957
-441037801
-1091811429
1024702790
-155888027
-803137923
-1305046695
466013807
351629544
2001504477
-7146460
-2039603591
-1763699749
487999240
489430219
1756989819
876192623
425697763
-1939301576
-13256868
-1142037463
-2135036819
386968877
-898556302
905651888
510434560
1744404528
-770158485
2109988072
996785878
2110660292
-846220944
-1287918530
1143568334
-883065639
391052679
-1024962235
-2116704656
1666733956
900022328
888989826
131783726
1960893426
1959928435
206401667
1792292844
-33994342
-439635280
-1417406154
1459348674
-1073871950
-791278761
-77515657
845037824
-1272265245
-1383826589
-1125327894
1852436850
-235802561
1091704129
2008850442
1431790820
-639099278
175753213
-1946381182
243698664
-2055897545
1871996576
-351515205
1637468374
-928933618
-1576713773
-42622027
-956212205
1197835563
1143224263
-2096345574
1981468822
909881777
-274833832
1331867024
20720808
-983317985
-1082872976
-894347698
1463479018
314846474
1737637801
185872370
-1669660772
-423980532
-1683343562
886652560
-1416466917
-1077478660
396829955
-137729778
1666331307
-2029159329
1945410585
1679610030
1842185335
661448989
-1584567481
-1186624021
1577366485
-1851749001
-348164354
345826953
-529979187
349054264
1161829756
850809063
163857883
1799389482
-2009386707
-1914382185
1482896116
841125835
-1816718003
-1681344464
-922364730
1880472896
-1019152175
1815886946
70218820
1018814090
1284287367
1925399626
1968953953
-370402313
282241404
1644294918
1820582938
1373998810
-612829027
469001868
-678899014
716801662
-1984316256
1256884151
-858923943
-1287739305
-456874716
199772066
-289685339
1718443898
805739030
-1942233543
-1990040092
66146126
1377126999
-819929588
1546175033
2119351683
-1234009957
1180709222
-105147099
-872929469
1530225300
524965022
-59787952
797930920
501612110
1298817452
1968502409
24216941
414829020
2066071806
-1266488309
-41290265
1931868468
929403788
301533954
1937273653
1218891351
1671703082
-1140854451
-1069551690
1961445300
277487132
-896412540
892043451
259444942
1978392303
992763195
-170405251
-254224100
1857145222
-707890552
-1832163503
-1440451281
390208626
-418858558
-705227239
876375578
-1364894329
-869282165
-1373930499
941253389
1293092011
1647015697
-1398319781
55959875
522026993
-582068080
-1704070661
-30763490
-1466833691
-1923747814
835991687
682426255
-1097800919
-1133849702
-1274680007
-974176581
-492057536
-1628078314
1772892118
-741478181
-97925975
479998515
-105290534
1194799715
-498699729
-855465474
426638836
-1388564378
-1921205377
-1926462743
1660736948
-614470600
1812294907
-1863307502
57479810
-1147398828
1004197581
1190587595
-2017278766
348069248
-1475364803
295475542
-329861995
-195761362
-1655108537
64535536
1926828530
914214437
-7369880
192365840
-486408907
-1741841824
-1561921864
1233616368
581835271
-209253066
-1863942083
-1555305396
1666490847
1252384954
-972102531
-1453445527
262646200
1298936164
-1630533292
-328854696
-1274638588
688790000
305739272
1458795387
175488992
-429872762
-336840550
-1895920312
1313755784
77568026
1452084318
529197644
-401924084
-1683006187
-378743347
-400224141
901797443
1226279988
-657963110
1018397574
-1138379520
-934568784
-52509438
815258356
-437589373
127303327
-760687256
-1264259116
-695155918
559915674
-431375072
-1271175382
-495378295
331765662
-591310966
-80864152
1384835917
-1191533769
2099269219
-400281544
98989319
529070042
718465623
1313259384
-889586512
1430285714
-1883621159
962889350
1645038248
1202807007
654750519
-644483908
-1319725075
-188965926
-1370287384
-1022331842
-451267448
-1836487267
-1969217752
75491826
-663117494
180048865
264716230
-1238781489
-55701320
1998985959
-1945966276
1854708571
-4881597
-1194748004
-1953942016
577088110
540603068
-1563664393
455491865
104439867
-1914355450
213853606
-645327372
-83914608
-2099782132
-672622872
1859078519
1451820892
928733429
351529404
-435646378
-1492614542
742346902
-262507205
1445783206
-1612758132
-52791512
1854078274
211098799
686276241
1602002234
-1021864877
-609297147
-1862129638
-855509016
-876791876
2057469913
-318969806
-2053630387
-345601543
-953008244
2102064477
349714997
-752005290
-813718908
-1684644901
-916322281
909414616
1994206787
-1117948627
-1218657727
-1580234403
1285535669
-559049768
821330773
-934821630
1464067272
2146838376
927738867
761199300
-1905151166
-400843593
1219753911
-430974871
-55502642
-1331593617
1501556070
-1109763936
-750776233
-1455973940
1658363491
-1508404377
-2136233832
-1032967258
697559399
-1214097236
1255335923
420567470
97170544
-1235708617
1343461762
485260279
364630522
-103571002
-959555732
-1699087688
1658553708
-655105927
124806777
-1576221617
-906863915
650005616
1762080487
-1857249399
-1775942185
-1584341070
1414176381
1135533600
-1913898013
1184691024
-1706549279
1940468612
-6570586
-1998258743
329962278
-403393570
746128322
1458394032
-1455373399
1041448785
1016578753
1797639820
253220636
-341189246
-700728762
-2096333314
-291925533
-198783654
677872516
375899945
-894546786
1783778570
82137844
-185035187
946188038
30760527
-777150142
-1544845643
-802454532
330435319
526053255
1733960915
-1938998561
-1369641565
-2120672579
-174346584
-1006261731
-1092615475
-2106461585
-466160023
101312268
-2140469748
-918550864
-683848865
1525368570
456515478
-1658068659
1710263566
-1315971710
1725818374
145169989
-250295143
-146535391
-676399008
43784057
1651515492
-864225528
-1244285871
171972511
-268333573
1334637363
1502104762
-1360967556
-1566429646
-1092075079
-1945648017
485019730
89255820
-5657498
-1556901573
1071436438
715365088
2011944838
8776487
-1917499418
651296313
1350917379
1559186427
-1919819463
1631740414
-1811741518
-1922309371
-2112984489
1171696722
-761483799
144048408
-514433140
397661885
-644432300
-2010857257
-101733736
172464651
-1588909560
1249275699
104839913
-1935510412
624060632
473593905
827157771
2095672828
1173744871
-649667600
-1871350433
133512988
-736432514
702640106
-1360117238
1919597986
997040416
394621050
72583216
921875413
423765466
-1649269091
239136866
1995802076
52547294
-1864915460
-108620204
44124511
1842382930
1396893481
-117878829
1883714414
-1761641883
-1774534103
-242487563
881295522
2076129444
1486064946
-729943151
714161025
-1005251958
-65576011
1547657201
-533887706
1983666525
1954371997
1584440518
-1968946143
-1554665673
-1920327975
811653211
839015835
-791432350
647550744
-757355251
774364350
-149577751
544418259
-1858348294
-158946221
-1416254357
-213135728
1036906745
-656357716
-1390785998
1444878691
903528649
-421593149
397839747
-1292809288
1232067212
742903203
643258423
-56971952
-1452291211
-1976585466
-1923081846
-951209591
819663808
-856477633
783497010
-1258050335
131991522
1164205658
-2001767501
-1899962692
2134839554
1200920705
-1066605071
-77016219
-1936981849
88397728
1226397190
686318162
-367236175
-1114790836
-939715755
-318059349
619331725
-923155744
464426975
-1532772339
-459207516
-1621295639
512527573
839926154
995599635
895660739
1845167213
-72563468
-2123422047
-2124020605
-631636744
1073673307
441286893
1138743575
611877172
-734663725
-682032921
1708459180
-441910818
-1031017094
-1694658943
292636495
1422951563
-582954568
1692111269
-1398669098
-2045484104
1486141384
1305195113
-850542847
-1855595489
-1096893833
-580786048
955517403
526259020
-78402260
-296907277
-934079898
1759560558
30221607
1654352145
1097279350
102094962
1445024525
-1078337116
-1326312227
-1716041139
220229795
1802425701
-1359556408
-1481520999
223659738
1643233200
427301736
-1091826845
1190039563
-2125191045
-460393260
-1494098622
1930771074
-896692604
-2133324499
-394448212
-1163145408
-1944108855
1199936258
-861347196
1898873084
1352129341
945095670
-1489120266
640395115
-1685759304
-411114592
-700140153
2134551233
618658862
-1431274318
-1860988569
695706486
-51946717
847122524
1018155785
1420997197
604930910
-1145169934
668111349
1877890193
-215291428
-1205568309
124138972
-1497876319
-1427799801
830401132
1513211884
228349615
-1783866328
-1654546714
-1596488346
-1448455740
-128543207
1512463740
-1953396884
-134126330
848523070
-2011863160
1785762847
1054302525
-1269246284
1823121310
747531497
1974697619
269800139
2020031217
2145791510
-1361181029
1705540786
1942136053
1939510185
-1668146540
-1888844944
1003714886
-1298450579
-1852892691
-69572069
-311183417
-1307108279
2054909196
-2087914173
-466512114
1195121368
207796298
376273838
-1416587009
396886841
1354087234
83299914
-214645322
1760135203
-523083701
1556327263
-338939734
1924941627
1585365058
721350915
-1188484082
-1769176407
-601219444
237830867
272748154
-1568383000
326312282
-628255009
-1141920054
-2010267683
446876207
-328311322
-610993594
-70187989
650113694
1228880578
-646297341
728389061
936857944
-965870299
-1777675128
-678149948
-61846682
-348744827
1061876915
1600108921
-152627790
871360596
188679901
-553722170
-177673525
1093459572
1052189500
162074025
618092776
-2037636886
-497662839
1853102617
-966530003
1669904849
2079442402
-146292459
2013641005
-1891064688
1825594097
-1781684231
-1350661201
914739023
-199367092
-1114538734
-138560075
-1686028378
-1436823010
-777384587
-2098529607
-357085545
-588525817
2021483532
121860921
-150523970
-364044991
-1765849615
-1231534986
-865126458
1854063619
-722821122
-2015029129
1419941407
630938409
762034596
1549943380
1809085933
1052330772
1320829179
-1511662928
-1184908733
-427514162
687834139
-1080319866
-692991600
-220330894
-338269271
-866934231
-363717543
1429993418
-76019020
-1826360699
-196639960
-1282206919
109107137
-333844822
-407414844
-884829477
-1012407516
259774347
313134497
-58845718
-360538479
-1159478270
-1281108583
558828131
2030373362
478752534
1551321308
399421161
571955578
-828463488
2107854629
-974926104
93808889
-1493344917
1022145582
-740451076
1353551985
-2102352004
1341595750
-1929949292
-1279152662
-1919967215
-1347917600
-949591086
1658222722
1681097164
-2040763763
323988149
-1830915897
645755474
413066413
-954366854
-1409351096
2059847247
-1450965374
-2106331586
451652201
973275581
-2012240825
94717416
1137457271
600512614
-978958497
2085939269
1690204924
1925034663
1031966161
-1255993997
-1774916013
1578662517
-170095372
-133199997
-1049018242
-1322601307
-736613530
-403224742
-1565344202
1417783911
-1456822718
-479540265
1497234755
1672718099
-1044990575
-598089926
-668706802
-1380544984
425853952
1861437123
-1101590925
16469392
-1176637997
-723695463
-734322724
-1470648280
-2025276646
81144813
256914059
106714240
338413857
505026399
-1903289290
1380764638
313415468
215871904
1471799256
1758209417
-1914967453
-402315176
-1599327035
984640067
1884847371
-902659767
1553001215
982764566
-1664357130
665999795
1841807560
-706572717
1391549756
-776013830
-427524744
1687218647
298745643
-863644794
-438999664
1804890512
392296059
-765528342
-376153074
-1242514625
-145273658
840294471
-2127018750
-824225665
675424310
-1439333390
-1631486623
966208517
1892268415
-566274732
-615154664
1354254120
-1756850928
248478225
-1043664796
-1264321629
-571184252
1227787116
61403488
1431518618
-1629203106
1609796074
-1439624481
1841820122
-1383881226
-1554061516
909472635
-1253645211
426408365
-1757296063
-470214675
-514055380
410284903
1272115636
761931679
-1685864162
2122407226
-1459300222
1105911423
-764590751
2010292322
-284753705
-1462286314
-512734498
-1565276040
349604154
541267928
1026364419
88835555
358641646
357315261
45881027
1213588366
-688248677
-1273774576
192660705
-1637899301
1041983534
2084095878
-1564732306
-1943668522
1703824125
-791881071
276532368
-1858270290
-2114373331
23860982
1164040836
1532168032
-419943081
-2102944611
-1134546203
-1853056332
523321705
1066033319
1310720813
1808999789
1495967178
971882437
770488188
-1296300869
1046898369
-992714297
-1890740072
-1556892940
-206920681
139936371
-1018100171
-1399935357
-1230823686
-887491688
-1260744331
1934449696
-1468841437
-1627886494
274316209
-1107339199
-1801582533
116521454
-1654170247
2005265359
1243309178
1350182176
740555225
968661021
-1345777263
328311220
1158775262
-2004226539
-2015434038
1486264979
-1664660392
650781875
-1511181460
-1847791769
1032275424
-1884806473
-1569886109
252983153
-1012425444
1729163158
743749664
-1970627175
-818647231
-1640448079
1990237374
2042161606
-1855899431
-2065166392
-1010428827
74795887
-946204987
817529777
1031537651
-437274254
1954603909
-1612678076
-2100211752
158595876
-1457300297
277846169
723031873
-803557720
-361104163
-262302091
-667812488
-2058100604
1762239843
-91994624
-396515958
1674250353
-695421729
12879036
-582499287
-2083684494
672744858
193557426
-1112970284
1297728295
-963751858
172776685
250050356
1401887330
1533654833
-129172436
650851785
1788505850
-1715110606
-625402158
151436997
-38375201
-1436897919
1067044641
1928400439
631395950
-1840466091
1200324263
805589100
1381223943
1600668137
-626400265
90898322
-371329829
-1246970682
2054127516
143570845
-2083494134
-1448595384
1775500362
-966400915
820952300
-2053041574
1374936663
1567338032
-330167890
352461699
2134849129
1426049029
436940577
-2043111386
-1462482065
950142177
561388238
-1888153083
1954967508
-1772628298
1541095501
-1161548282
-1788840462
600316881
-335682346
167488058
729118660
1333517955
-1509224424
1061513242
-1714821664
427354883
306591305
1138872083
894046627
-1839898734
890105726
1750029123
1298310829
271686368
631525435
-1751309179
522373007
-403166034
1875621710
1602963883
1041678787
219786420
-1409145640
-1334137847
226856156
1291099076
-466456917
122935098
-1465218819
997700398
273933787
-390893282
1680355471
1183794790
-588889713
202878497
763867438
-1680565532
-1111432425
-1346746941
-228286493
-1845470645
394905411
1853270867
-685556584
2081391309
-1432766222
-1059811587
194760
823949773
-665282327
2102061831
-1639565963
266609861
1635110629
575676759
-1589416865
-502715287
-1257359374
722464056
398669938
799395340
1209148925
-571986595
-330174081
1641996099
-162315096
-430323163
509792047
2033248199
2093709149
590036000
93177651
878343583
1546323109
-1588693295
454073024
-850063490
617456314
217332661
2068760378
218130793
1729837402
-2142037628
76762671
1782169500
1850895581
-1823958090
353536134
1616083886
84428426
-1134596536
1331263735
-1317042189
-611742171
1261271487
221991358
369161505
-1509971764
-1582744724
-853204598
-14690763
-1543237374
1984290290
-1479877701
-819693929
1248508940
932828677
-341823539
-733131140
465371259
-1941174412
1002628110
-1241163381
291754506
188724840
-668751977
-2706494
404317865
-659044115
269848441
1458544795
724015321
-911336270
-834948299
1540251754
1014602554
-14420724
-531653518
-1811253240
-656617118
-738409152
1035107817
779636405
-248126993
960813825
2019976611
1615742522
1345082847
-1160139465
-2077499802
985706830
-1994368738
-377367807
-1705790356
-1879290822
-295473056
-1679890691
-1382297258
314383295
-1025099728
-1383867706
1265197920
-1220946377
605716809
-1356955970
237093844
1291467513
1693081124
1951089164
-1165569853
-1045365758
-409340462
-275353880
-1894601229
-745005616
728969227
1000236821
731521299
-1470565999
1232572038
-1384209233
943455541
-1569256067
-1572485238
14910246
-1206431364
1825040255
-64621116
94573706
-710324460
-269027814
-871861925
565675784
1062148706
1269857162
1014015553
-1388585292
-1720255620
-368353495
-1425638452
-522975352
-1798331941
-361973484
-1910627964
1039500204
1081831247
-408554482
-667986626
68565495
-700907982
498641316
758281833
840640693
-1882106144
750361744
1449851559
-2001141590
-718305178
-906070686
-376694881
219475031
-125003656
626533724
-1180846575
991168379
-1386873176
1205212062
1607795242
-1062450468
-836493611
1252817026
-1980420839
-1754140602
-243697951
-1449489591
671232993
1003000531
-1017482330
-1160550922
-2057781392
-1177579667
1448681769
959890298
-1629785615
865429905
1353656848
-355140592
35075421
1251358805
1689508433
-2020875286
1699045208
-1538957397
1050876204
-1069518835
1059831354
1185094119
-2021290406
1897088376
-1924668565
987927934
-849779066
-835938677
-541835533
959294224
-1096914180
-1919028569
-1307910064
-706777177
-631283552
1738468369
678621322
-27318463
1493033504
-1689012197
-448579195
-1906746485
-190502547
-1214567035
-680178027
1840061167
1570471014
-1756117728
1909074519
1212130256
-2047790890
358449332
-1757784642
1531510804
-1266189408
1620630563
-262607764
-1680845598
408452920
1501637837
535958082
943123116
-1249030827
-201125066
279096890
119353711
1166397412
253092582
313556595
954025273
2093075775
-1968626544
-968435315
-1165314325
215579550
-102394250
2074980662
1377803584
1218926541
634605323
1045801477
-8703475
615265055
-1855134247
-1309844346
-1923711030
819047586
1581368997
526455701
748151632
1514047891
-1102572848
-68707345
733373924
-1221353196
-1633635073
458488069
1466577779
991907612
1578535678
-99806445
-772296417
293642926
1263258081
-947277199
2000091130
303217485
-803798932
1497390121
2102507536
-1957951058
-1144824908
81781705
2035140522
-1195087953
318640645
-1197554055
1394270929
214973320
1416960006
-21191857
-616669423
-556918209
-892763109
-13474591
1956632446
-1517839007
-2118499318
-314380261
-1146743556
769482734
-611186464
-1754829741
-519850310
-184461676
-819098347
1412397210
-158900482
570554144
614308078
660529749
389769255
1872487217
-658872030
1830269195
-832739856
-2073097682
1295276992
1719180159
-1703545103
-938510727
1560807247
-922404351
-681727381
909720036
-2097536970
-1582396928
-1283195324
972172643
1260507230
-89680156
1452915024
1608218627
2144232725
1503353882
-904911407
211816731
1065318197
1201026160
183693377
697086400
729084293
642149026
2025500238
1764813181
-2033280674
-195248333
1645367845
-676312509
-1282867823
-1240533119
258608627
-1989812322
1730146184
-1135883757
1876323240
-2048170711
41740970
1313913909
-1889362691
1488515140
576327172
1799865543
-1695987784
-1029111549
346590245
-1382299568
1291276846
-604492183
-552356536
1561346649
-714050551
-65609259
-928514120
-1868976136
1256558411
387372476
1731703408
-625373270
1695094162
115690392
1854739969
1677331046
330169757
-1273090785
1981042616
-330130962
-1316877042
106138808
-2019210497
-553631641
1300003441
1634220330
565728515
972105004
1309027196
-1538041706
-556380521
1535945438
-2056186984
-1198637401
-977299369
77484735
1957197472
-674434553
1607671056
-1044709056
-1218702361
-2102061804
-1208934817
350058455
2021948799
1850615251
-643061865
-965732330
-415293512
1512130852
-112145688
-1178123271
1189395687
766383415
662244540
225505151
-1171955352
-63107266
143040868
-1728891013
-333376539
-1452289949
271081715
2027753899
1545913815
444204540
-188902038
480864777
891766860
-689061635
-1935276267
-1859763871
697977067
465094830
-765727949
-1021927133
-220226763
43508893
166435036
2044688506
-2114760179
186667477
-1120458721
1853666972
417295737
130996047
-1431150742
1492989539
-493477718
-460378712
-1507486930
463032093
-316935111
-1809469932
-2100536381
1868635807
-390379341
-1978631022
1141851528
280813728
-1030816425
-837508767
1147526990
1657464643
558513949
-251738703
-1562326282
-1387525899
1157612538
-295270498
-575556520
1653118841
-1643448734
-2134992551
-184462746
2124756032
811717902
988487591
331470480
-511699459
532581119
809173903
2116972138
614765433
1786512321
1480076111
1032764300
-1720973405
1156644852
-1433547121
-1461754438
-582982934
-641110520
394484185
-529585341
1818623439
-1785328825
-1501719225
-1718479955
1140293813
13013272
-1126235523
360884370
-2095581957
1942155905
-1480874535
-576497468
-284404916
1495035373
962834153
1305504183
-1221647563
-233343185
-1811172323
630528800
432406519
-1503937082
-66030147
1092411609
-219539810
1353175906
-507552740
1424217863
2016538961
-63293786
-882105074
-1850223490
-1344527380
1769588272
-1473284970
-1815232669
-1507873333
8642517
-1859044124
-171636718
675292392
-1511608272
-2044907139
2041409090
1615920680
87193182
546224571
-2067696537
527730417
779403266
623187576
-657840809
-602381313
-212016753
-959992058
507973680
1601874296
-419877179
481147233
784309879
517988413
-1544505477
-449072729
-1118754684
714312834
1897237663
435967175
1054829598
743573920
795332987
-350088583
-243054239
-380383447
-547218119
2119772781
-433198616
1059025725
-236195671
-998119225
-1506494937
1321795099
-69778368
393065929
-891503336
94003962
2107273827
993062097
-717065703
92942873
71827941
826715782
593814804
144889877
2027558094
-706534834
-1041639200
-1177682311
-2013298850
77847298
1940020198
-123936357
1928645457
2023052005
-567425273
-35672155
-1579963549
1870639825
-929872195
-1721023247
224895766
1759271090
-1954000256
395172250
574547633
-117911240
-1382238614
1806201935
1956296588
1608726728
2112557853
1047279210
1565704331
1560754099
-797509660
-23603903
116602599
52563369
-1504707816
872600762
949338932
1067933807
186873028
193550116
896628382
1947714000
811384715
1749325381
-987869066
845488336
1435378633
413751727
491591661
-1500472793
1289408761
233242199
712805918
-361735187
-222525098
1719067495
373374033
-733769583
956687300
-1686810542
-414883203
1621460239
128731119
1482303529
1970981390
-1278181791
821233844
926481965
1951432937
-1741426122
-1404878656
1578459044
291160236
275322593
-1047374474
1968269040
670795322
-204734828
1894990870
-1593185316
-1501651594
-22105651
1024269594
-1600854727
-821811891
1417608463
1173574115
1569443753
448843770
848225749
-360531819
-2146095686
-791977083
-1195705661
-1422890434
-574786250
-1088209269
-383192290
-395976899
744553912
-585898683
-1257483906
307752417
-2136095614
500554434
1896218050
-1627615408
282925454
294472311
-342947261
1721601705
364022242
-1781840391
-1708255157
247760493
-1496409304
1035901704
-1707470904
-1071722470
423177341
26052047
1055137340
1019103768
-789540728
1814152041
1936601335
1661343705
226997455
-347813721
-1525522808
2095104059
-5313979
528621840
930280304
1288654384
1059595046
1545746984
-1347283431
1631016864
1868610055
-1007673611
-255117818
-1135604083
-1040706008
698410942
-1229473206
-1569931144
-484720372
-1428430315
1217110846
1399154691
1494663499
-1085360872
1666061166
1824797911
939216550
-1977022989
589099987
-1419170361
1227567964
-938516312
493496135
449007925
234122939
-565352174
-1726742219
2010175412
-910365447
-972318682
1862398863
-1928430354
-1936627644
-1077081732
1795794949
-1667763512
-409417961
-1665262323
1081079923
-46538045
-80835634
-1264258754
1117551258
-262659675
796666236
1288763677
-120745198
1603336535
2106741244
-965266711
1845904255
-1137660655
1702924613
-1514356009
1548625922
639015859
-956642814
-1366690285
1190090738
1843373174
-486447262
2103177732
2045058508
2101326275
-17147860
954962900
543799911
1521389154
-235526379
300172335
415278955
-383096617
1690158165
407749450
1799228676
-468408056
-1577397129
-1762119386
-580690223
-2141979613
1989515376
1147786773
-1158392798
-919553346
545309427
-1832751235
-848908445
-552661697
-2065903869
-1526725413
2034403538
-226725251
-1830704183
-1672640246
-265285512
1430031527
-1600728665
1002687429
1623915349
-1889839004
-833678196
1082752874
-1977413667
-1106693572
-950089846
935810816
1263830435
-278442443
249038245
1337032827
-686150572
-407796287
125973484
1563950910
2061929958
463249367
-67170098
-1727812896
942702608
1871607647
409003173
-193079758
1215486204
-708336686
-560289897
654107265
-2144978118
2095876129
-1939066722
68174615
234302712
1322642390
-386285084
1653257480
1760161392
-747666823
1398769235
-258887894
893436832
-1762851532
-679029652
535121508
1141941568
1275380409
-1131656616
-1090239957
-1883534095
-2073507485
-43837636
2080603466
-1488531278
-509210725
-1974270511
489271009
2130133399
-1859961219
95689779
-1646606417
755237307
628032186
-249305864
73404307
13387126
-139982913
1335735683
-488796337
1628140491
466026774
-1918859878
1133367951
1699371556
741697036
-803066826
-1167505879
-1752996032
983679892
1991841178
2096019110
1339761004
-1481848725
-765278553
2014753537
-1129493520
2132307836
-1847672467
752080814
-1472041012
-590025595
-1006985467
-1323416099
579386276
1457340153
950366877
514378495
1265004279
445615912
2020461011
1296202889
-253016937
1749793181
275701319
1305463799
-1626763179
266644678
-202978197
1341282067
601293819
437746906
-1376197732
-1876494218
-1495249026
-1593486858
-625187978
-2104107953
-216395660
433820809
1072249443
-1874289310
-592657213
-1096287246
410622325
-1791578541
360756379
118252391
78672246
-1915186395
-666237019
-77559528
778186044
-17387780
-1859880580
-703718509
-1050788544
309373482
-942579365
-1395279510
-559069071
-469322648
-1314782952
1970390802
-935258554
1241392995
-750563503
-2131345650
-1762621935
-1961931398
1279242468
-1113923509
1600858011
-173911866
-899787356
-1852875058
292899052
2017302106
-1320211384
-1185973620
-2139714199
6818251
-426925658
719790232
577921572
409345266
-1991008478
-470484349
-64822417
-1788837904
-31884192
-1405349889
-1956378702
49272178
1672927296
276520645
94774142
922281781
1090751755
592219320
-67364127
1031347916
-334023703
1245255754
181064699
-1080342880
2067327894
-2042123490
493141713
-1737959624
-1837607339
658076399
-2026535327
1676432571
-486276316
-1177967441
-1580253451
803045554
-236931536
-1312846349
845915580
-952605679
-1377287029
-490350451
-678869610
1487697271
1747842843
1157620858
-2123000530
-220110924
22128853
-562013186
739402317
-983356276
556405803
2001888781
-164225427
-1981818950
1472332738
486087405
1626071181
2071760439
1311464040
1918836504
533803075
-509010501
510010949
-2073393050
-249762281
1161582724
1657353039
-402165397
-2135167731
-1039371947
574411011
1992154909
1269109123
-1461546047
-160448687
688774330
-934278851
1842953384
1597601495
-1944653336
341242046
304682754
1507606610
-1061267683
-285443623
1046503643
-418590895
400133185
-1848285306
-952296290
114054187
1595487632
-848465159
-1943891307
-528664270
399139525
-861082128
1990649520
-815136984
-918379404
-1203390900
-683817340
326692081
-1087532105
-1463595293
-1479445610
440305290
-29839348
-2092748396
577482202
290193209
1778694013
1872211610
472138358
-2034885883
-1139679999
266923301
1000555211
-878431383
1724809506
-687021786
987834292
226382660
407261407
889735786
1034904848
1481416210
-1352012077
-1917316886
-164089475
256472673
-339375466
1573098080
-296974745
-1295313027
1543440994
-1158826723
876846144
-876571027
1775938297
-1209805799
-1130404080
-2008449501
1427061190
-1375283124
-1428302032
1773042414
1461800258
714871611
202826321
2104805682
-1945165927
764980949
1233361091
279796571
-66261108
-1743534465
671795956
-381949169
-869528679
1956150636
-1061944522
-1813943902
482667352
491955762
-1263937596
-1298627634
119470887
-257568870
1921046790
-729142109
-162071031
493341367
-1308057581
-624204868
-600888885
1106574905
474005880
1383377587
2139251048
-437904638
778283063
1085726166
-104451666
-762051079
-711615214
1469604890
-241339360
-1542452450
-1796833784
1430317647
-466109410
-1744589345
-1791432160
-882303595
-329780669
860662441
512353636
-874047218
-1633762802
928972225
1212168496
27753172
1566293443
113247059
1255871660
-840018899
-1393402733
-779418421
-1395936874
-944084739
-1290914054
287360867
1857945924
-640126341
-390847128
841543676
-1924094487
-1965336281
-940301021
388321329
1467792406
1141479931
-1411766421
-112955223
-1376634748
-1331737888
1652174558
1243737261
-1196040688
1086812771
-405381347
-1661439238
-1181085690
581346984
455336624
1639088087
-1677982559
2063345566
-656553178
-846977944
-1060955182
-1652692876
-110932096
-1400279228
1362648640
2120694859
668011727
-611694010
1747478672
-1980163540
496708892
-1178738272
1864517349
-1490670533
2003343495
1031071797
-1177942870
127147565
1561171122
1295207718
1264448654
-608248074
-1954122145
909588141
-1493568304
1436666311
-893826729
1257526826
-233557060
303426103
1942983309
-320345733
-1369229196
-128725057
-966291325
647691664
219493363
-2097503124
1693359597
-101857731
-985866673
-840598833
1366071955
757079890
1524130878
2066941751
908230267
-1950840088
-1759827750
-948750302
383548230
-1330888451
1307271080
-332307985
-889565222
-901766077
1813037782
541651416
-885607871
-1220300748
765585859
970841120
190903248
230962281
-1995308091
-1112458872
1170883467
1315434796
-1726416091
1176356871
1851405000
-762975925
-1429453714
-661699911
-61579247
252214575
-1646338585
1711457558
-2045547442
276177708
1331905373
827174247
1469816355
-1369648871
-1412277723
-1077169546
1848235927
-1022235869
-540632736
-705945467
-1375092235
-1316893730
-1878330752
-1943965312
2001228790
-85509732
1838235147
-248138635
-1887037921
2062834946
1222389919
-667322301
-310458008
-948171561
-1499128779
829042065
1947358238
-230456545
-179961431
-1312279550
1626675465
-1517170840
-738937223
333711014
-856941359
-141321629
1516511948
418200499
1792777629
-486601035
892132278
-897234060
-298516228
-1379075313
2041486778
-1350348160
-2101658616
-1768324741
-818910321
2130002735
1164122568
1737484281
2065519911
-528598454
445055958
1609195082
-812111124
1861806849
-688115391
-1404580597
-1098866356
624973345
-502177868
531038724
-72832905
-1133494138
207452887
1542966721
1067514983
571612365
-993602059
1059579490
1030762784
-759014322
1888607198
1905959855
-1728594119
-1910154423
-288335602
-363337617
1174328474
-222143394
427344910
1160760569
-653070970
1053706050
-385931239
-724181237
1743419867
-849928529
549426691
2010122970
251007640
953967004
-1524351146
-1069383319
1100022688
342870958
-1099980866
-446484451
-368431683
1581066477
649418918
-17523311
-1966439193
-1861275462
1293067042
282148775
175025861
693279744
1306622991
-1685217569
1576895859
-1669862742
-1112543624
-2134320405
-1497529723
-358118316
762781755
-1557633918
-1597548981
-775724988
-937163541
1819607156
-57397418
686538907
1044241144
1293707262
-995461573
1819118791
1922357005
