138955583
432032806
909859959
-1946282940
-453786316
-1905054936
76102252
-1875822655
-1994397303
-1716537026
2003011690
-1729763564
1113385963
-2102150163
889836361
-967778865
-267550434
-676900096
670387931
21271147
-1453869607
1214861211
-595205769
1810347389
219271150
1172400271
1198908341
-1611141080
-432431698
575725552
-110913419
1037407698
2139543434
1703898597
187408678
-97764070
-2037417987
-391412546
-121638332
-858295287
-1258345047
608322123
1356532770
300024711
-86946880
-1923833237
-1079542807
-126781937
-1718690651
1520748259
-177215264
441898406
1820900050
570386544
820785645
1427690760
-2027957253
1182975262
2063884123
970643493
-827590029
-1607098406
-1607832355
-1748529205
1404299471
1599481158
-1510461486
-1411572573
-466658360
1274137036
1657724361
2086923617
-1196005787
-774605579
1024063304
1698221111
-1223728039
183406075
942643913
530960266
-1346425175
1144438172
-458980348
-737336857
1079342738
1946515761
-1844823181
1885590840
-882283864
1110813438
567425555
1940534578
-807859646
-1422455862
-554105497
796019985
85969685
-722206286
-309819455
-1269001081
415200542
1479940154
-659478332
-260179983
-218081083
1481729444
-448959964
639741899
-1510194369
647000452
-2145645393
-1316185242
-616966861
-1805684588
301531537
-326167849
-531357792
1204742596
-509760557
-368221134
-1534809347
2129860757
1934964260
1098280952
-1113305951
1629921447
-199622436
1705187533
899247717
-829659504
-132289475
856717934
-1485788025
664117742
-443841797
-636347423
1875307984
-1257341761
1384139006
-642215699
620386809
-1367026705
-264457627
-352567604
-1828072885
-1375605454
570787534
-125618145
1533071492
373896723
1677112532
961831969
-2075668479
1230725197
1102698968
1530488095
-2070960871
-652316839
-424214012
800322087
546334406
1090554696
-1522342771
1266849791
335203978
1853140178
280895543
2013009240
-2105199985
-192579922
332217374
642238019
1584102928
1571541027
1879666866
1777128164
-515126280
-1680075554
1007058179
1905857892
1080002504
580251142
-1349907394
1302063916
2058041533
519055501
278228854
-761240241
1824348977
2002459849
380284840
-684985
-868815807
-2056684734
415382520
-362108189
-1008825425
-1332178227
-705251263
1655755904
967399434
1594778585
1698738124
1871846006
1362290956
-640346872
-1644941218
73540821
550505538
1518378241
625906039
-770497967
1409165298
698660228
-847057959
-1735048326
1168861240
2102291390
1821902151
1440101679
99752561
907403742
491959438
723078740
1940118237
361895399
-1768685112
-675781438
-1465419649
188858823
239240927
1961393535
720810824
-1969641303
-666184624
1612500014
-1053345676
-417733241
-2001019343
1549120969
867991858
-1487859966
-38226572
1028704908
1333163914
-422755211
190124397
1969875764
-97843845
-697796537
71200145
-1622340247
1016525411
1667140480
2137112447
1251693432
-1443581277
225513118
1070729540
-1784845500
858656130
340114345
1243630554
1363699838
417840465
-781582971
-52322830
-545681901
-1864077872
1345788038
2042194675
-1331643674
-1288782640
-730347447
488250945
894987711
676339993
-311859519
-45171006
1826985090
-975905907
700444816
25443997
-1836541277
398153357
1408596631
-1347321020
472672985
-1234200678
-240980784
816409012
-1936238575
265922367
1311315546
-1668134149
84746661
-250604753
-1378980139
-1951218438
-175077683
61730473
65476847
1346095980
1793465685
-1747061469
568457791
-1850456794
-580821104
1629664038
1466891345
841660832
-694147700
1241373047
-1029715199
613798579
-2048393850
-1609097609
-1960467444
-485181788
1578899360
-1448783412
988023779
2135719520
75086032
736265791
-1321632829
1462782985
1203005723
-1551993369
2061262081
-1856649807
451563779
1771078791
-415504982
-305137564
-360940994
-608369612
456763979
-1079580821
1230890920
-480796613
-922093300
396512207
1462220921
260510272
-1688841725
528631836
963627706
1879868842
-677474106
891884646
683839732
-1416409794
646617922
-1679497584
1786253099
-2087465206
-911758902
926522059
-676908278
1394526851
438926450
444457053
1979317087
-1282122511
-587656802
865595043
207102664
-1801689077
2061480405
-1587411368
1518682542
-504611107
1228301530
-1879096553
-1154835597
-1816150799
-445701123
-1293057762
-90961177
1823091630
-447849042
-1641456812
1156235775
46504442
1275108946
-1853520499
1680855240
965577255
-358518183
-2086205685
1944299416
1595677195
-24783472
-517203641
-2056845177
1901005168
-2115124301
278638321
-269149155
130826927
300269126
689432374
-1461871284
1161021846
1868192676
-1196560064
-1348382560
1850160274
921514839
197272578
1963080372
665654282
-1002718294
968838709
-12826137
1417210888
2000546941
-1474526563
800221008
1996923934
-160711849
-1673730928
-223927570
-985493113
464897217
2061580472
-1219006684
-1218084981
508475089
555433495
2034311011
918444584
889737476
1127158603
-104456664
530145006
1709182289
1640967187
-688353751
267319338
-595278214
-505177327
-1335145782
1786947142
-463474780
1591063505
-123372586
-1648583825
1212297514
-412792567
-795922326
-1794183816
998014637
2040335138
-182962892
1566671358
992737903
-2016425226
1840880093
1863194827
1276131809
1591780571
260413891
1688737919
782811002
-105621536
-1014965269
-1419640467
1104133577
-1228255914
-1153745354
-1701008702
-791316531
-673180527
-1152540719
1783279084
109105796
141186800
1942314738
1704240184
395242433
-86341607
-1981973056
248584893
-426456510
-1638345079
-1208966510
1840078968
902003457
1661870155
-275880100
-1902996808
-767545398
1653731335
424782949
354716604
902247181
952944190
1035788861
1366202265
795460853
-1746980141
490503918
1378620257
-660326984
-1683848500
-2101407119
618224257
-1576349392
257951321
-1621774749
-1474582933
-1616810069
-156749034
625382648
-1126906764
-1982152706
-117234035
-2128125137
404866558
-1837523232
-741847810
-952948153
-1160638759
895487860
-1241304991
-1251726223
64382438
1778166055
-1272466517
2132816070
956165117
-205484356
616054352
549560955
642850064
1142244004
1210358793
1463218002
1723416464
1072360594
-1253010217
1570036051
-89856497
-345185201
2107474246
-2029015108
-650090714
955487690
927096566
714777397
551776152
170398322
1064446294
229353799
-775744841
2092884936
-1215792461
815112975
-1794507514
1416950575
1836104049
668056366
-529617633
1129487110
-134457961
-710136061
-713435434
-723110664
-2011112816
-1638402276
-97692513
1248377234
6215983
145752808
1759398700
164906261
-937497101
254016434
1293640538
-1172466291
165832588
1236910794
-1918747059
1883166241
-587640419
585899780
-571111463
-1395438675
-1907890237
-1195225754
1062685475
1843967629
1539421398
419653916
1057058184
1839496635
-1813978514
-1641816401
682652604
1235744540
-104563544
834297462
2134046006
-771727082
1745399338
-1272118708
-1963826741
103047525
202913891
1193187970
-963641959
1279925551
-639194089
1949259287
-1644480730
-2139210155
1761027610
1394817574
-216745016
1989507595
-1349807013
-860611425
1849945670
697789610
-1273706716
-1183050183
-275078209
-572858684
2143015583
-239034457
-931312950
234407801
1398899867
-357183991
1820582110
-952328184
1392046736
1800692389
1420450292
-1517429592
-974232608
1565827542
405626474
-2110284136
1855724639
562767172
-1663401174
296809333
-622671083
-385606316
1936285707
-1680263733
1964220738
-385042974
1575299190
88171245
1387681185
1193382445
-461067700
-262899192
-1768581135
-38497262
717805319
-1883359114
-920602448
-617913731
-1181205729
697354063
-438728407
-325360868
495978414
1772039750
1651619761
-320922796
1630114390
-1299472463
78326829
-1444139912
182284130
761655785
-1690097450
756047672
1046186539
-2002265645
1147679552
-231771561
1870782396
505526974
-977860201
-1249730400
607240121
-1656479888
112928812
-1577709030
431863676
-1184944005
867410735
-1286624134
-1314354304
-1422738476
-1557833538
1645082328
1645208322
1472111013
-909132002
-1834679130
2124646885
2095888993
1445581639
-508912675
-1582011179
-1934980583
-1159664731
-773715336
1207219119
-1583721202
-953453796
-617914587
1999937056
-890738298
2019414093
-1721697990
251528844
2018161379
-2108687081
1265214437
1403694896
285075952
2013696608
-730550105
1873788298
1240790654
1543130133
-1766275837
-1113913353
94656047
1267026286
-815444110
1172642206
-467886959
330141046
-771631207
-1333456756
-104570770
-1426553910
1299553725
425835040
-952948127
-1268019808
161824118
-2104651351
-1162594132
2140789515
-1589950558
-1376680627
-2062472119
551556220
722208668
-1008425684
-55446722
-1343055732
-1865160786
-2090000188
1562412085
-236236296
689121475
-1647757674
1792294731
1800432107
-1228873375
128252426
2098333735
1314740867
247101397
1363940239
384527695
-160684659
-1619784785
-1166745850
-1908903754
-1426803821
-155090320
-1741386656
420267416
-2022400231
450308993
-1971181947
1625462666
1911681058
1243361127
-727145353
-1413337396
-1813017607
408436277
1063676087
-1739651615
1775394093
979972417
779801319
-149412767
253917148
-347827174
-599210064
856871693
1392754228
685000889
-146844955
168033572
2079705399
75283189
-2077767704
-1391602956
-1667032643
-1928440004
-259324852
920420787
1636029887
97204352
-1890207557
1095111823
1083741650
-79347346
1509809178
618582787
-1513748752
-1838672667
803843306
-2092650389
-811441026
457548197
-17111823
1845076186
-1911419255
1735603527
958858009
550364971
1981857875
-1104131476
-701509737
-1923567531
-1453774066
376407609
1545436751
504270852
1253374183
-1016227582
659428214
946516580
-1269072827
856225348
1912860281
1201198911
-2012901550
684234713
-1785225443
-111449527
-1673435207
-458276762
990865638
-422949702
1798922929
1960571159
-534701891
121381917
541920571
-1815116146
1321799884
-25869720
1358687399
-1506103016
-1561612628
-447448245
932563803
-642335711
-651923518
1994881740
1394380247
-184624918
-432506907
1213559059
1275057139
-244916104
634936900
-1448597630
421194347
-5783345
-742955897
493409032
-1881026403
-1494677152
-373523405
-1366870089
-969779568
1869761215
2071182930
1414984083
806000440
702954904
-1339213486
-1529350484
-273263881
-1147869981
748697901
993830510
-401019289
932257622
-793219638
-185533898
1322391894
1980324891
-2002480222
-812930263
-1957207535
-953522493
-678133082
793469249
1895643365
2010021497
554616672
1699692456
1754146786
-1012257670
1503930968
-1076141496
45564642
1439403460
592038328
1794056354
192746441
1683489805
-1022842573
628894175
1885112077
-1027636746
1329323041
-588591580
-1024484232
1700521600
-846942738
-1098315478
-2128224212
-437904450
942566581
843522573
2124214248
-1198396212
-231622105
-2063731613
1084592264
960284415
-1717467471
665335439
205920210
1177213533
1481251550
1169772887
55783023
898714959
1542247161
-732848972
2009345590
-68978795
2030661878
-138865175
-1829199696
-305899399
-1093654383
-511253801
1442357720
-1193493433
-286930505
-647154034
-1743639774
-1108753157
39169317
-1845073113
248613566
-1688286660
-1398585521
-478583600
628329245
1580254345
-794327678
-2070375897
-824963405
-720324687
654596428
-243262004
-473684993
-54669176
-1648683493
-1041423055
-1528900152
1903110615
-770144989
-1160705869
-1163641944
2095082644
737399685
-1287575314
1964412622
1770766162
-1318338899
1444193612
-41072898
-1655785222
1730126587
344387551
-701594660
-144749893
-1600630620
-1940960655
314525290
-1840196289
-781268262
-771063592
-1568719153
1513676062
1744655659
-1328188275
1120744026
-1811541353
-800492762
114052479
43859397
622043261
-1482965437
218850341
-543524931
-64096658
1092924932
-32753454
-77482079
-1092779445
542895703
805964876
970687626
-769717021
-524730306
801041822
362246283
-201806351
-365043535
-1685892820
-328506311
248875848
960332226
-1394113272
-1984061843
1468127052
-1271537150
1484756612
-586650552
1984152228
-24809949
1443855624
1989336438
-1171958483
1085790430
-137454043
-230033225
-1639030223
-114701034
-2091450647
224015515
730663896
-265085379
1665513076
-421447540
-1625388578
-468116745
2060940747
1259088401
-760141947
1359013372
-1373292308
-763950512
-206328627
-365692606
793933089
-907679787
1754638051
1518810970
-1002481511
-122099567
1155482582
-1009307878
1181151028
1929932836
1212069264
798127483
1891254429
795272798
873746435
-831178299
1388755869
1545200131
-706357598
36141033
-1232633170
-1267418162
-1095455470
-626954963
-2077856305
-384119368
1991892769
-112184562
-571812458
-1651514759
2110141430
-684809119
-874415221
1591843150
1907605642
-945491782
-341171278
580698621
-650531498
-230456814
-1702055063
1861088534
-649452722
-141289309
1874913652
-453186438
1093506061
1132871958
-403635370
-377069535
219009360
-794130208
-1162812446
-38769897
-1562990680
-1799219991
740855568
-1353597754
2037969003
526286446
-1849028844
212081275
-1711780117
1755847207
1306007212
803140898
-75821846
387911083
1812198585
-1145104556
1394002508
-242362605
1321118993
1053601683
-1265896434
-55956770
440552083
679557844
-1379060105
1145785364
-1391083909
-847047875
726621836
1156268717
2132730102
1866770222
-235839800
-1248160718
91973368
598842501
1276341004
1524916900
-1550655155
594830366
1433362388
-90499683
2120292590
-2063400552
1001646251
1298395573
119102613
-666236066
-1543038496
1465532967
-348613741
-826726683
-156470918
998832307
-2094716447
-35355342
-1789562008
-528226363
1658399092
2082677663
1701008636
1968700118
2063865044
1053414621
-1059886182
-1751379695
970413807
-1390455236
-436776276
-337486278
1518951466
975566121
-1430979368
-211520053
-288839496
1041991928
1260004469
-1161665441
-1759936465
-279395100
399626042
944733011
-1683099048
-1119541677
-155068104
1257091754
2146525510
1873085277
-1308509430
-551369423
-318909271
215711119
112918346
-853513501
734178915
1930583275
160897862
707483022
1946784859
-824830157
-2140823821
-1872571466
-1157651567
1037338470
736161825
-207274568
1739997299
1246828938
136774895
124490034
-143648658
-607555924
1507774850
-1304895838
-1950078777
1467071781
-128295695
635465036
317316778
400584990
-443502205
-1431324319
69117059
45404501
-1698030564
481800285
-398036852
-1115902944
-544444685
1212338096
1324230822
81350834
-553895032
1664879008
-1427116179
-1574676324
163788757
-1624992659
2103881350
-522648169
651903683
1752500149
1654616634
-1374734464
2007022559
791178266
143419976
1973501603
-1434049971
1056317729
-366566410
-1704587717
1592667900
380222813
1281937769
360551225
-2091852262
324422860
1767813686
1682256708
-534570038
135565696
-915803848
-1050232831
-1522530284
1137846913
1805028259
-2083247469
-133298659
2125579505
-924445351
-89693339
-309785961
2111486833
-988123525
-821800410
1610538362
-510081085
-419578301
-1182186987
-203341069
1553115824
1940834065
-1882677634
-589480035
2112417324
1364584387
2080111491
2074471406
-1585699401
-2028446135
-1109891297
1624541939
-2085859067
1063559031
191383144
958847039
1188644064
-401876963
2085569299
1853866272
2064006733
1179249492
-1927213763
513670420
1501627374
-2061598182
-205785752
1606367611
-108054106
-1351679967
-1390107965
-1952592755
-1104491902
110260707
1634757037
-1918753907
-1174369066
-429537287
924845691
-1996464066
-999127897
-1424493651
-1121664903
-636626538
-1701746616
1740814541
1038498095
-1298041935
-1340650681
1490962626
-1505793052
-955448568
1890030473
1475017440
97362279
-1888669982
792108211
1066251774
1649695756
451970826
314420683
235986761
1118142453
-544358207
176563487
-1593515435
-1767031918
195841782
1939930725
1826137716
-566922134
-675165772
986584867
2012448075
250395674
253352155
745067856
-681601375
1752764830
1478858258
-182053829
-1129552518
1394537167
-1190487557
1556708268
-291544476
-2029419988
-335992663
766944584
-104290544
130598108
-2091634354
1537520697
141025059
895958259
-953346760
-2029960434
-1149867442
315122676
-146773506
1274661855
2120813468
1813367190
96479990
-1578045772
629979658
1209588427
1930104297
1284979238
-1996003748
-793012995
674754313
1228233286
-1514223058
-238376550
-1319663581
-1557147202
1458869320
1706546642
666756880
11182390
1216906806
-557616481
1271420785
-172654343
2009487128
-874479355
-2085899366
399478999
-1330745418
-1005144421
-1390260018
1595646540
2097533911
-1923461559
1502608045
2089582817
308989138
-1526095534
1252372970
-287122222
-361682587
347917460
-269082048
835501040
-593353019
-1508645362
-2021194842
-317680440
728323829
1744078499
461036224
2074900485
-340191141
661629981
1488047257
242478098
1220965007
2056599411
-1929938545
-1992466685
988114038
1141541710
-1707142258
-1621470539
-2020855921
-275902775
1724785536
-1574721741
169118860
-639002504
189379076
-1927960741
-298273500
1852966316
1856030557
-1534215231
1472282407
290619892
269121196
552986578
-341326638
1153843941
-805509023
-297241284
1599256164
-263472098
-1385818129
832074125
-3919632
-402092154
-1413072705
-1577983462
-2048987531
-398082601
-1403586970
-1985031647
1401004843
291494752
-1620442087
-1752391887
-1066771425
1946111238
1994174304
1168058314
-1562856703
-1742155381
103115273
771080255
134146876
-873014510
190545759
-207613469
-1195422649
-456098590
-169318245
-1593882524
-516666053
1878716778
1452635291
1412575601
39282084
-777061244
-526403887
2117153443
1443075995
-995381763
1604809085
-1290192487
1808664340
332679253
1374646046
1349716581
33567347
1275023298
-189530331
-214527962
-828071835
-772209286
2024311276
-1591733259
-95414547
270258994
-232394779
-1847099900
-1235308611
-469407007
176367638
-79166204
1811766727
-1340629303
-776678972
415821767
634238994
1373648311
-1746424466
-1273082585
-998564399
510869384
-376098563
-1358772699
1416988592
209169903
-1798264008
-640029100
427268721
-1990314634
-1484871043
-1115900296
281202359
-2009679166
856660653
-796400279
1314243106
353947674
510774888
-476136643
-1861352037
-732428502
-1451333766
-762174811
652737776
151329539
1902629524
-864086889
44344226
113849957
-1427649986
-1057156563
273042173
-801580480
5641484
-828385076
324183401
1485842552
-1632603377
1839051912
-371608832
-1230858520
-1070633330
-1566698297
119956320
451169962
-1534393354
-808827100
-2114518847
-1676428396
-775072498
-411796331
-1452754871
-1049751548
-1950295186
1648852175
-895298658
-289292064
1055575601
-1657558040
-1929152579
-1705099816
-1378242839
1064584766
72940810
521169390
-1080348205
961672855
-1647299417
1901041719
195818827
1861626505
1039216392
1723273442
-1914258303
2046085404
-108439609
1176789625
589308269
1047015341
-1845822796
764609383
-1737035264
-1479173868
1683457584
1968310201
-1288655717
1825461001
2066423482
-1900482776
-662908988
-2002491965
1916098506
726454103
183562519
1724879329
1924408797
-2137563560
708497273
-569784179
-1415356975
-1056595596
-1885023084
-805797410
-861645454
-348371925
-891504258
-274033282
-1989772972
-1414800519
-583843141
461928844
1872948194
-2012243622
-1987623067
1221528515
541753783
-31116144
1132296105
93014235
-1767461076
-1097529181
-859203979
-2070964689
-1155318991
384676393
1785010799
1396801951
1149225824
-771314873
-925210072
-1112990793
1854250319
-112087945
-1786042479
1612271632
1917780261
-1680157301
-1505018195
-111484938
-420255377
-46931215
1477553032
-1564875957
1262756916
-1081674953
-467981465
-1360006230
1332941126
-187588399
-2014687936
-2082249265
-113382950
-1139706854
-212626068
1607873845
869133658
-1539903080
-411326310
-1759148544
-1624963206
-2142975868
-442977786
241492253
-1360084087
1783948680
1269266667
-2085712217
521969929
781544906
190306614
1135915660
186293633
1206642216
-75787397
-1313534096
870451088
-1911747899
-1988253652
1059820496
922611525
79436484
-1508396536
524162410
905299886
1036819539
1105064912
-593633572
398986670
263052523
-1835922112
-1790839925
-1637349357
553103829
-457733315
-1205391930
-842074904
-622576401
-1662728374
-730752214
-94226426
-1592084048
-1526871488
421313351
1987403505
-521431448
707667518
924746883
-1949823520
1432247756
-732824611
935023422
-749917667
880161970
2110627496
-1274599625
1149883791
1427763224
-1630106421
-2089626835
-2085613676
2019100522
-1071141367
604635849
595726100
-57219325
977669619
-1443808582
726182355
1639606004
-1759869610
721499937
989355269
857172485
519571188
1095715888
-179975385
1923410168
1735230327
709405965
-769408244
1366421012
1287493794
570473723
1630676021
1869628641
902135753
833670843
608580710
-1596726737
817885059
-1352010192
732576373
766658653
-1528306531
-102772671
960197220
159214551
2093647441
-2009242366
1919594162
-1079387168
-1101620809
-1855748074
882195181
-242732143
598423674
1510103886
-395258997
-1420421344
160349903
-1946822763
1100924666
2081112421
-1181604701
-580419568
203920374
-794073702
-176933357
833987457
-203319015
1361963362
-1432658143
1396887532
-690312776
-560415988
-1095500125
1649826940
-1929012244
-671365096
351040638
878783910
1240081389
-1160849415
-853057772
-1635248242
438735015
1393282844
-1760576518
679969450
-1820836474
209428008
-108929042
-266717531
-1007104620
-1588829817
242711047
-1018728571
1099662278
778794277
1272190510
932880655
-27833198
2089189495
357749452
-141980567
534727877
692240063
-1968357947
-1133278207
2098530706
-278263923
169774244
-1393608275
-371425811
-87991416
1642439702
-1161178348
-181685991
1697970542
-1902402916
1684930635
-277568896
1531068249
-10755460
278782146
-1163813182
625466435
-1223317768
1673953889
685330959
1726551499
-1020335934
435234541
1019292601
1161373240
-1776093778
1907948464
-95820028
204469950
138336169
1106388825
997936448
473545216
1816704745
-954641888
376538394
-439932202
419343205
-848229331
1376748334
182219599
-2043891321
2066003514
-2096140321
838402041
467711520
-383856522
475207274
-91045025
-1086394980
1538970540
-1058819783
-301748782
568846966
341375140
-852383883
1349541228
-1308285203
-732130871
2098859998
-1206171055
-1993869832
-1752966388
-2042557218
789050168
-630059146
1091724295
-5417510
-16396759
-1807864919
-751470492
562201035
-881655416
1374839269
-862180737
-1082333427
847456593
1863138948
-609033143
1739269238
1238805668
1478083612
-1014193552
571385770
468936580
-666514445
42089916
-561134418
234335451
-1910933069
405956284
1916220090
1122821313
1317385817
-1508690015
1954546258
-1397798147
-1502943629
-1385136023
-2044567401
1169461707
-283619446
-574607041
1322564570
-1286378273
1297604828
-521631967
1651907953
1506429097
731992910
1588190915
-356135730
1248047579
977982624
-1223142990
1703514060
-1124388569
456962530
1143964092
-1855513524
1359847245
-1391413978
-28494193
720015104
-1146342060
1927096950
1023783328
-662897786
-279323369
360103944
-1215374258
1688955320
357467650
536065455
-64113594
-1957702590
-988511715
1190006677
384014888
1563622516
-198168758
397000743
-1286642070
-539547816
-876449590
1696529743
1989175421
-1316415481
1645919493
741881064
-902319059
1305860920
-1170881654
-1449765778
-1422499507
425277465
527560531
-1591388171
-42098286
-1228809631
949176654
1039553628
1089458367
-1088058970
113540888
-965513022
-1936727294
-829357589
2077954571
-1454013641
1271846302
-1067171460
-1291783558
436880566
632096201
-557490178
-263845062
-1162522541
-1604349482
-360627519
-222264987
1306878384
-863491945
240304729
1913302106
1840940725
2064640764
-1359080084
-1353053689
416364671
245122047
1379374284
878359402
34705305
-677455164
-1775620921
1387205972
-423557271
1987052283
199430078
-559156881
1630045420
-67809400
757956084
1659169667
1426560165
1431055206
599963303
-1734465804
-114748462
67804360
-1990236572
-8669042
-436422431
-1457088896
529606295
-1257246587
1734094625
-1900643420
2351713
662028470
2128198076
449034606
1296053422
1832174387
-1486777883
93494116
-1614212219
880846078
299267149
-833569352
-1667736414
-1531053805
-1764902
1548599793
1260328769
-1017989205
1305565082
116926922
719814460
6876607
-1866743307
-1911391143
381955416
1437491402
1275866914
1815288179
-715591462
-1333515565
965928156
-1847369906
-1403048351
1455264426
-70795948
366544488
1607522287
826123377
-1952796823
-116467800
88232520
-826847650
2059937302
1647321282
-547038337
-355727938
-1680418005
-316896545
-1020246323
-16697284
-1593038529
-8374404
550248868
197463394
-687929116
-858372207
-885156349
1413430368
-985584356
-2132135690
-1268736501
808647180
1796797196
978224642
-1945609006
-1744616662
649992431
1283855221
579580023
1748698860
1983279180
101087383
-2050993801
269415867
2031026027
-1358324320
-1934093507
-110692297
-318683643
93695066
1069095423
1163498109
-1000629958
1736011524
-1474094649
-974932057
385796807
-1904920198
-729746737
-2125737576
758288247
195477650
-1859698926
-1656291080
-1850386214
-3111993
-1565154017
-1411131011
1032033844
1014738204
1859781679
-626123156
119378104
-2139256006
2115095930
431178591
-137210123
-1084749349
1075257029
-1673022136
654928784
-662778773
-244551105
82390965
1424763699
939577068
1951594381
-1868914091
-26534459
397455641
-1079711197
-522556742
-878008613
1826885582
600733909
-837032352
2057685357
-1920692058
-692776275
1941545197
697103052
-1246526491
-737792770
1776657082
-1034813229
1877688472
1432606393
-1502501999
1379006301
1922539259
-1233736450
-1969150536
270538998
1909536026
424805622
1188281646
1929205460
813513146
957374175
-2064251084
-406696952
1942892920
-2007271832
-1936976370
-680445968
1832897075
-1863023554
655381770
-804738065
1810532519
-309951258
227420353
-771301280
-994956199
-1588225843
-1190146148
949544135
-1684279878
-822357603
-219461990
479207241
-1379403129
1100284113
1618097743
-722743459
760992878
398482315
-1421530065
-1435793468
-715033098
1861748644
-2067094516
-2122656842
1568235935
-852761084
206480860
638942045
-1837367480
1737371188
-1940390976
-1152967802
1678306257
1297461041
-787725247
987759765
-439804160
86165890
-951294756
-853240646
1880296360
-1057917300
-1496899392
1524334945
-185721337
-262934235
-1462249515
426951663
644168816
-2141793434
-2031898112
-398844502
-135385559
1831386565
2101852837
1378707192
1084624022
-1465066654
-267472787
-2001199669
495002262
-1816078432
-1530032824
75425627
462347820
57940215
-1385035083
-254609130
22591585
-1057532664
-88168896
-1740727084
1030567785
-1343696399
1055124044
-1546042289
-308908284
-334305054
2036268818
-955981870
541958951
-1292395024
-1589524503
-48403409
1190392027
1474126120
1518932167
-1715541003
-713940637
-1346482969
711561223
1440038882
828378020
-960727704
-305872788
787255958
1777739713
-1881989730
1753405285
1114655626
-1324205819
-224008892
480205714
-420364993
1321349638
-808696783
2022317958
-1318124870
1247196934
-1962350864
508994766
388349998
1748034204
2042740880
340798258
755284731
1754607763
1678173623
740880442
260734167
-737692911
-1799125763
-1403034893
-1609664950
-1554778629
-745172873
534532083
307582047
-425380712
-176296816
1048136089
-970424936
1312408948
1919170592
-967913319
-676074974
1518788742
-377060938
1033765047
-571684023
-1622137964
-1751220680
1478608338
1534506541
797472982
738923694
-858792669
1269056950
487080921
-270118054
-86890810
-41195580
1098840230
-270720501
-1039856774
-1712010837
-205225693
-2128656974
1691351716
1903237086
806425784
-1877767883
1660503193
-1386871575
1223190069
1172643715
-1083779812
-1810871388
-873509902
-1514368281
-1848536539
240591013
-1615772105
1288164769
-1450614044
44091126
-540178466
-698726478
734274308
-436257785
-363240138
-257505801
-825096652
948383461
-708817621
-1406986631
-1338626078
-1496140116
-263737181
1355105795
-565542071
223640634
1809808426
775998196
-486412370
1682393893
1213073360
-1468890795
-858997531
-1487847954
1699782993
-1131949011
14064666
-1984890506
1144525943
-2023839724
923697357
1514056624
-417671748
-413082875
1222936094
-118373993
-785599694
888630648
1739220042
1966573666
-93966425
-1713461072
323435125
-1737085450
2124672003
-1167731119
-38293335
-1243949924
-2146909451
-247833291
1742714398
-12014092
-1812759858
671569791
1891852219
-232107736
-1149029972
-1976568337
227584732
1027981411
1521739738
-1401142153
-1220794283
-1916350076
2110704759
-504028146
1443812279
-1262817777
-1971310507
-56259131
614701777
2054446691
-492879070
-1513852137
2125945209
-1711631310
282197709
1563152260
756436364
-686806996
-2063997662
1899413344
1528710962
-189890819
1174172599
1466544103
469571942
-1151186566
172257803
-1998259051
575082165
-302820330
-24674837
-992768588
-201759163
1651857818
-450004457
-1811133386
-1548149480
-846803692
-831667418
1698070212
-1637972078
-1336029424
1007701670
892232726
-572358856
1200800261
1107236998
-1519870331
1221208250
60502546
-256474440
-1494727458
-344287693
-1545665558
-966161646
-1790661512
1336789422
1568481035
-510067851
796475527
-2116625428
-697039051
2049636400
1292565171
1557875555
808851738
-1627221850
1387548900
-966543478
-654811567
602748461
729918559
1902546003
-1937363824
-122274503
659930646
364077561
1934820378
479120569
1735279675
1785599227
-64528010
-84222016
435623189
1926552167
693925473
257572200
1749189399
815584347
291896836
741247730
-1256493522
-1176180024
849911913
296606770
991336026
712436857
-1752262357
507733545
-1156709504
1561017427
951293293
-1181337613
1112184445
-1178366242
1528560909
-1312285213
-74639490
1733655555
385555224
-1994583316
-278309490
-2069501673
-1278289537
-1168251838
-730125456
-1121808616
-3210229
978250560
-265912914
188162357
1444497038
247333260
974161393
370136979
937581146
909710200
-1198391405
-1833737650
1955075831
1890645163
2017921394
-124090179
300374543
-949855488
-1109733113
-1081345798
-451675475
597238701
-1669702986
333908896
-222282842
1719682727
104528743
1341161430
-779849386
2054364229
-1686743212
-1335856244
-301019505
-697640669
-337184220
1218518020
1968082127
544040008
-714220487
-1809710444
-97721424
-1567560821
303720773
-1910781527
-1902541916
1635375666
-1902912477
-1537425905
-774404128
-110160421
-1801714716
1417066606
1934824344
1115334047
1347470887
-1054141673
1494683245
-892655757
1800598189
142194688
779990051
-890456110
-330417109
-712733939
-1037177961
-2018103400
-725128606
1422439569
-1524459281
2083642417
131275116
-649883629
-1097310445
-526969358
1537776217
-1372503212
-2054060965
-1797498682
-1423324934
-1888534128
-1083773304
1673511692
-1263408388
1651326724
-1361548808
1755193024
1309338679
523983024
-1484935147
-313599784
1133087816
2095871070
-778247922
-943879440
1061572956
1114643682
1501717706
1868561192
-1905109937
-176726366
1187079960
724678221
321141237
-1473484712
981689130
-1211324362
1240133046
-2067991530
2072015427
482891376
-113708705
1463008394
430002607
2130682141
-292268489
723354243
-572042252
485961240
2007282513
1329227443
-330976954
966582877
-50746080
-297493578
-405083329
440077736
251257424
1692513362
1974482895
-587191205
739463635
-1838935552
-1039128720
1747346340
-1220309447
1482045355
1071970974
81009630
-1063300540
471991479
-73246074
109141304
-68793669
1925323844
1128622333
-1371286892
883501438
-1198785357
-30319693
-216164687
-1185589798
-1962570904
962467496
193539979
668651038
1084299473
967932382
859790337
618008174
778510503
-558672305
-925263944
1248923862
-297448844
2119646753
1002338623
-741623134
-835817900
1452712983
2045988467
-1779610900
11510271
-1639383478
1631623973
-314204555
1062900230
2068766745
-842179079
