1308811490
-875038519
-819478451
2003786930
722213725
1170682452
669885904
1422642702
2102018669
2123861980
-1583814843
1928657970
2069221904
1980759880
-12862861
747047125
297539890
-2036269382
-251115884
1298427712
1120595847
-1410498612
-1820819383
1664869172
-402557797
-1444398307
-444378931
257079819
-2065355738
1047803915
1151368301
1613382172
1193020324
1897893057
-1551893449
-1575441308
-727626459
142318195
1299234545
1549036641
1609833313
184961512
-1749154484
-830787007
813460239
-1630794696
1393151321
395043644
-2074897034
1059234775
1142817084
-1126353859
1566804035
123271633
2098552094
-200226105
2007539357
741901142
1750614120
1755121686
-1366329482
-520553607
1979244077
579199620
1831427364
118453556
347963623
1249866030
763826735
-1488057937
1507775845
1044057559
1613961068
1314498241
275476740
1481257227
-2101231798
-1026571850
-358545635
-133141369
1962844779
-254938541
-6356547
1508911064
-727430794
1630124566
1440575899
880018241
-117170133
-1295582271
-502363834
2129724641
265422263
-1503664359
2042632094
1329329173
1806175817
-1191617301
-730483324
281970459
-1324594716
-1553264817
-599024940
241125111
-1324637066
2115166768
2076003987
431574425
907686698
-1556131830
2016061029
718225983
840598266
-1588275467
594069825
-656984040
-797787001
-881937949
424946023
1022579498
909095212
-327458267
1681107344
-406497420
-777837232
-1042690765
1124884839
1216972374
871099387
-1484524884
453555512
121073201
-1901353045
86015643
-2146650906
434999370
806831208
-786121733
-1816332766
-1562967821
617381654
-372987011
-1931715111
621307372
-2102915575
453460615
238587118
1053030150
-1619181858
-1171188096
61072425
-1670748919
-2092360312
-1726482358
804737902
727239383
2089318569
1276527632
268789809
89263312
-1342613726
-344135359
-2029301975
236210808
1887810285
2043637467
952352067
-1549711785
-643920599
1258649580
-16059431
147515424
-1691635850
1388416085
2084721699
-1224524523
-1012552061
1210395089
194328045
-1971217751
271909348
-2115608267
-735578742
-1463498906
1829389608
1019970552
1465216264
529813009
-1227819478
1576379894
-1280422748
-132030709
-362855257
1772812144
-105838976
-385227783
115001105
1390295895
996688275
-385439321
1370695842
2009128393
-1870067744
-1120418775
407970995
-662606117
-1400298518
-1215262397
-1167498419
-1624210023
515465574
1444347146
-825750784
-152940726
485926194
1488973002
-1134355469
79908599
994054277
1542255658
-1479612356
1815810350
-1934646424
-1624393586
722550129
-140519421
-264891803
-1926650180
-662367361
-441810089
1146209149
-256057663
38393017
-1727383204
-1543231906
-1096975851
-204041421
1600885592
-741876779
-1735618563
-1678065839
541020840
-1971494783
-244802512
1209742234
-1379343865
527118025
648883133
1326688721
1555900176
1724484623
1178989611
-2146308794
1681811457
-1457425115
1029290209
-1992204695
1368017345
-632726017
672375496
-663577697
-864343517
-1438533462
-1581781458
1314153304
-1001498004
400455548
-1581575443
1754268513
1664417298
-1572209011
1684064972
-915609226
1666027974
-1774110619
1977260580
-1849415397
1560305332
-1246772746
2083765958
1162218155
-1248240119
1196319180
953329948
-1499400272
161370293
-1756021118
1010197389
1916426357
1627918193
-310998921
1612221478
1075787482
-2005772541
-1100117310
-1551711114
1507572327
1908774080
1673090914
-202327112
-2075799134
621967186
1507427002
-1534707913
-1053254492
932136891
265724475
1391639790
-687641367
-551334246
-918060446
655541358
69758568
-51590741
1100957669
1090032132
187977187
351417748
1671426088
-1224400870
-1522962305
1425534941
-175119114
1297857245
789483671
75461952
-108488851
-2021576160
-417737780
-58343390
1277122104
1990313343
2087628384
-622163103
-771173629
-1324929337
-980015164
1405254992
174787371
-738562411
-893496209
1450344191
-694646859
1457733436
-1920526096
1167246271
-1540675454
-147762708
493849158
-1820572444
1126428352
-1363559921
608730991
172733900
-1575454046
-1409996042
-1891227586
2035364896
1976447058
-1154356300
-929841807
-1819002791
-1288816602
-1281972918
-404120062
1602718342
1769786898
-385782012
-1210618435
-1753137333
1517392989
513850657
-1636234990
-247004884
-42607209
-1545988679
-1402576340
557787659
-165076534
-269701157
-384066751
131821807
1805325039
1727815925
-1709706709
1171927046
-793901916
-955024264
-1094233800
843548396
906730266
-1016034884
1748212029
469228845
104920404
1784607776
1572337905
-473331448
1681311373
1411914101
-1463687817
1569955446
1317868281
714889884
-28276676
-813421974
514425776
-1635118483
1989981699
722493017
599950823
1165137626
-681524419
-876777477
-1742689952
1814800467
-1260861027
1060188499
1416819235
-1658981524
2114532076
-1285184275
-1180036754
1085769917
-480076519
-2083843482
-929449495
1454599945
-122197101
551051057
920552221
759542690
-1645700645
1598140311
628756519
843947275
-1846238380
-1995860993
-2038534744
1755702239
-1553165219
1126254191
121428735
-1161488912
-1795123039
848346194
-1157926214
-1033992270
-166290771
-60321669
-1166514615
-1126795302
-1552758590
-1069282967
1572389108
1013074242
1008931564
105758668
-1156848114
-807930097
1079768659
-1957320376
1057767018
-708958444
201730512
-1465545864
-1057437426
476085881
-2103312446
-718988491
-1538620634
-691921769
924750114
-82097129
-819733701
-142450650
-1651505707
-315190213
1550295972
-1117365606
2006027841
-17881018
-1960298436
1534825929
332718627
-1006472278
183946068
1055854544
522868894
-520662744
547753451
-1057124041
-160830058
126797717
1754441500
-1307524781
-2041132994
503140064
364326615
1584307436
-2044979473
-754654894
1324916691
-1692978402
60511291
-1278714600
-1049398077
1556532356
-340702910
783612414
643884231
30466194
622354755
-1050224771
-2001800411
602570050
2145657461
440002295
-1327675848
-1354693390
-1090854889
-108480960
-1604585048
2057594508
1236269510
-1632706976
1070129115
1868182503
586300430
301800086
-667228502
-660522388
-291031486
1932086176
378704727
-113016324
2114296207
-341513415
-608056897
-217131503
1313731919
300463075
493638347
787103010
-345873254
-2039709466
1785058860
1052836428
1723007267
-1192318313
229194566
-85838546
1140731712
-182557987
1135650156
-587348972
-306112694
-1259285007
-254509234
836146262
338026535
1830884196
-422884945
710098178
1073905444
-2116615322
583737690
-2096281672
1767125255
1047653444
-798412714
-250012715
-489623452
-1070117838
107118168
-1312884780
1542028591
-126940342
-1791175559
327130352
-584332910
-1149089324
1130735656
121999628
1369366528
1078087368
308298081
1531845335
-1750165878
1087462032
-1275883490
744709163
-154229903
-436248047
-262445810
-5034314
-916330757
-762776084
512229764
1579460315
-705954166
-1782130176
-525192527
1539858650
878736617
-650047181
2033806358
1092484141
1170482153
444621170
1361351987
1118529845
-1702192340
1319474165
-1175093628
1812524310
543334464
-2013399609
-888524371
1481572318
1606556655
-2092901243
650547443
553740524
1437796564
-895863963
-663488018
-664453745
-999803087
207770746
-1335107716
-1830443539
-163972608
178500149
335384313
1057328165
-2145906361
-1684859602
550409388
-2103797320
-1015061072
170357284
-75992189
1492133668
-908629672
2102041666
-836918269
-164167215
-1392234009
602691491
953880185
1536240689
-2009620512
-1059745768
312112245
1247214626
-505600199
-625887192
1478327672
-953861226
2032209198
-1751083944
6314732
-468045963
1213017937
-134023509
1273902931
-6182719
-1639798811
1314467435
-1481579325
1485734907
1039721324
305279018
-1234665839
-1153287484
543161215
1586936323
-846269876
-192320568
2089642717
-246679515
-1506368531
-1612809001
687304389
2080206225
531800396
775011156
-537613945
-1290394334
1539971284
-1435984174
-419767720
739077838
-903870598
-1346629125
-1804550554
-1100239574
-1248636438
1178068404
278163244
1812985651
-773145341
1494995582
-466038266
-1903717814
358840709
1275112479
-1187910393
617908352
-1074776311
-861230208
1970353418
521199380
-329125327
2057040600
1078995207
-1339018951
-174919137
-653742070
1251528359
1241101083
-1639995094
1577091404
1925243929
-2140085980
2092985551
1488388104
1086708518
-1199349894
395458789
51353094
-1251675774
238472652
1137439252
-298909494
407632485
553227086
1182849927
1226254138
898936154
-1922701567
2095592416
1501046148
1302695511
1794545719
-1607651988
472625982
-1464810740
-1910416554
1212790167
41830350
700082559
-62742821
8503202
1706795275
429212632
-1694290782
-415496558
-1180004316
2044579193
-526378140
2102426219
184430784
-1612116654
436327551
1974717598
-1635717530
1360902514
-1223216643
954912703
-484443105
-1568440352
834009294
-1893228934
-1841028518
230525099
1334981464
-610419257
693045007
1935836479
955396145
1387900508
-1696443355
-1628053255
-1411569365
515613027
-1861722088
-1461000450
1121900176
-235125651
548158678
-1336676024
-1487244626
-1088563035
-850833174
-1788021503
-1374948971
1423640904
-6758692
-246284268
-520195810
1078474068
226893526
-1557693441
959128880
1685266559
-82325878
688081390
-1553710018
613957482
-1383572653
675482629
73644051
1038357270
1102318234
653078525
1863161553
-1574287465
395756667
2071957234
309504054
-446461434
1409901735
-345524614
2065660705
1734232507
-1568098933
-1349636359
1359531860
287168699
-791774799
-1826663629
-114403461
-1255760017
128395110
1615957282
-333899923
1252874135
1576352413
-1433269239
686482097
-259358083
-427998957
1786660808
-1274495165
-181236115
623117491
-1885215374
1354903702
-804888732
-1359316933
995479836
-1426870563
-1118359802
537479710
1888919799
-2134716794
1957951445
881344940
-1552575071
1635179526
-1748639840
-1085552017
1227410359
-1655115813
308565304
519393752
-1124830546
-1481457970
-1176447639
1293507355
-143647518
-1884050823
1159039784
1750625622
-2109178641
997709320
-406765816
-896122888
600777792
-1578810557
-714192397
424462688
682563300
-1999684661
164200213
-307293244
1077299368
-49247581
2032746779
2133458004
772888417
1179732466
995374748
1393508510
1415059081
-130725626
261771735
706313780
1335803916
-1292087652
1800019871
-297924469
-1515659676
1718467422
-172519022
455850277
1268270051
2138919084
917026705
1076108786
-1958501553
1538203550
1347427435
-1395742221
1711644083
-115547063
-599541285
-495203295
-418489996
-278965951
-1772439628
-364375924
625931938
-524152993
139160154
-2064797754
-826837872
1548842436
948323444
1024798849
-1594565467
1958559261
-1117671457
-1898184842
-395917708
2113648936
-25820699
-1856888440
165710090
-1739765898
-800588114
924738601
-532959864
318249585
-1789681674
1418375164
-922323216
-1341095520
1114641152
154165692
619877187
1562527785
-694083127
-57225893
-1370142262
-1093409129
1190755201
2106871662
-884229452
-1343976227
-2123067338
375689415
791348193
-1972221797
-454691886
-2123571101
286088956
1032178591
2072476743
919717766
-1597338417
347444909
-124875000
-2020656092
2042307025
-58028925
851726778
-1980295805
-1333032956
-2140393194
-844910037
59746077
-396572163
-830793438
1664842114
663135690
415136580
-1893446175
-1438523720
-41239778
1794003421
698394905
1487555655
-987731185
-1233173210
1077898588
1793412384
-1012060197
-1521269277
1737203339
-1107438367
-641863640
-1309678697
-1102061925
-1102686393
-1665387668
-353930475
-2106273125
813392608
-946358130
1603635797
-1275964427
-1486310651
-987737395
520545675
2076963315
393800967
740700385
-556660363
1435862917
-1419281240
-298519969
1713846004
-561714879
-1261485107
136327009
1051952094
-371069014
2009600368
-304195995
-1973670638
-805936716
-42986533
194577525
529823180
1588822919
-581060078
1252539272
-1218336711
-363115133
-1932937072
-190833880
1564871501
-2066247804
-1291311818
-688980140
-612048428
-1404468122
-253567360
-1727780441
1254016711
-520054325
-1831423495
-1680516935
-1945699615
-1599115237
-1604848144
-434376252
1837594480
-1667082548
1801095788
-351756150
-992814480
-2094348062
648312156
-608792202
1952481237
94875065
-1909354989
-1936348671
1017142311
-1932893694
1986128882
1234527063
1507421268
942984459
1007946854
-1538249927
1340001985
-980613566
-597236715
-518951131
1087691169
31936251
-1376825517
412005811
-1241464182
-1355848592
-1041263142
-20026815
-1640846523
-901353975
1104606650
-96649518
1308829669
-568652834
1195010446
1788692531
-1340435942
1347766649
-1042866704
-1400358817
1347009990
495483104
-1019065810
770726692
413197008
1501116881
-1309581251
1352808709
489345081
-1943654065
1619052525
-1954347934
-1363166100
36058461
835623262
1214657750
-1329314087
-1227427575
1642203826
353826015
1037991620
1023624363
1173325059
2027439556
2113143641
391702126
374641815
-697762381
-111046396
830015247
1264986194
1405551657
328044543
-2065170715
614388843
-1900056426
-553879509
-1763948768
-262009758
-1777373376
2015829540
355287893
-1536915407
-55308185
532692367
-576282823
1259948225
373646761
-1709714251
-1542634324
1820716959
1377538471
-316660395
-194040327
-1881645585
-171790871
-1971229003
-1188587428
440585888
2927358
-1268337414
-1164617020
1984094177
73305831
2071931321
-904305447
-1748287534
776517045
-397080115
-1093686721
-1794183042
760215665
-1563163542
-388694500
1411929865
1476910651
-169443470
-1139760425
-624588251
1375484853
867323143
-979332573
-240741430
-1049959263
-428693920
1668530491
-783181274
229921736
-1686732832
-1936857746
-349428783
-1437307619
2124909156
1713667294
-1989678268
2074263074
242185692
-1904402556
-1809517173
1823203467
1595296028
1584487542
-502144967
1047257888
990765812
-704862356
-504456547
-87302937
-934545283
729619072
1608842802
-1220342143
-1424677707
-1063776204
-1595016613
-2044840492
699456846
-1891640903
-290371761
-1871317014
-207134526
1969755502
314102865
1879541016
-1884819029
1657432486
-1213176539
2108742498
1447490384
-1711954002
1979519678
159664926
1521007490
-2130863347
-1384144069
1518150102
-567857751
-155055859
-1542460140
270114674
1716351769
-1675123590
-1905346160
-1648584298
1449551017
-721028695
-1018242438
1224438089
-326141562
-1892051269
-454203629
1864580822
-1358213308
-1082526685
146560074
361388022
-22274251
1602675044
-48112598
-1980656594
-2015382274
-130450913
-1501402989
1586164598
1651227239
272688972
-571345620
2121370395
-1585288079
1712550087
1346706584
-1111958299
-3863123
-1658805490
319374567
-772277124
-431314485
-203846327
829333326
1603741447
-803799439
-303015030
2091249434
-210980587
-1781097139
1551946068
-857781278
-1314885952
1836227437
1491560545
1765167868
-124061169
-547397171
656742303
11238449
-1825014884
-173051087
1443497596
-200178252
-1630742154
-533972171
641839203
1406217039
1778479176
-230409567
1509899397
64265438
393394874
-1933630206
632360412
-955291647
745966358
1528677237
1796132716
1244580108
-1076249809
-2070630203
-1824161589
-1656121534
804157054
-1745993032
-415676701
1445347395
20087437
831599781
-703789833
-215972158
1231497623
-1733367990
513540579
555743354
1013623664
-579515940
-1198383705
-2002038942
-1698867038
-1152532386
-644654299
2117349919
-744834087
-1728865482
-1028931031
-746977351
942765440
969012220
-1639129686
2056901265
420130219
-381549675
-1615963569
1246512786
-1403240393
1224754560
-1917089484
221417126
705627951
843054191
-1240478995
-551193236
1123346289
-427168743
-65001782
1786897703
-2109701232
-1131652018
-439315876
-945229063
-318064388
-1886406325
2107092280
-241637040
1641040736
136602959
-79956742
115869087
-2087427509
-1042051218
-77482612
-306127535
-134562543
-714726492
-1009698392
-1492410886
662094067
875702316
-1966014565
1475255503
-1596275331
-275768302
-613943734
881060184
-2140847313
675228423
722994810
1514723171
1814022239
1293437556
937520203
-676875205
-1505896355
387814352
1130603781
-1756685542
-1872226088
-1955303370
838399254
1559076059
-1832750721
1017014577
-1225405861
491761395
1698824683
623751898
1241874078
-1758915167
332534203
879739685
-1456325025
2122988900
-65708288
39422582
800987095
-898287699
1485008603
-257547910
-1748011463
-1128444202
1987560549
751960116
-1538028230
968320338
1573069262
-827714986
1167947987
-1758161884
-961726520
-2100871982
-1502538427
-2082227052
-1319672027
1959012527
211080029
1355677984
-1655211842
998532896
-134869767
963467697
1013673879
1874936529
-1843421750
857454350
-443164352
-209595772
1970979930
-175347307
151273597
1030299868
-2066837679
-353845465
1461167657
-1105298055
-403547405
1380191332
1073816662
-1916712124
-18078996
1504351512
1407393721
1822089227
-251941809
1095895028
-276190395
173427023
1704971228
-1633058432
2110980629
-751891875
1924353153
-1351464368
-2079638642
-536533093
546519587
-370555787
772578756
1448481571
1545114781
-627033034
1076376092
-1660989803
1380691720
572493824
1055948851
1940444712
324517693
1866458010
1782223614
-1308448510
-844537449
-2043161956
1732750386
1256325834
-812968707
1398330913
1481394662
184556154
-515968226
977260987
-1146133899
1692760697
331688190
38599591
-39388503
-1062582808
896725938
515216449
-913999339
400883515
628499815
2125799609
526213569
-643390452
-425888088
1753947399
618088716
-251907541
-931256353
726489372
-546290482
1868229113
949204764
795243865
823467196
2094916085
-1015108075
1327182404
-529468656
1334886295
-1118581651
-1897363591
1653359209
-1569937060
-1354952136
-1539852834
-574401041
1634321954
-1933414721
117754138
887726010
-2091328075
1546131328
333921350
920752500
-1453461847
934071159
2125706725
-1723409604
-2145530519
-1454209373
-1377235183
-1773980467
-985784176
1954572739
-1417012745
-1400630049
-1913106825
7658080
-64431227
-1899365683
510996494
543891216
-1476449183
485502583
-2035245841
-892863496
255587612
-992601495
-570350416
332731282
829127079
-998136772
2068941176
449515439
55863301
-94099652
-488714284
1969673919
1577754178
-1558055606
1546057675
2001097040
1217649571
534151684
-1730038993
-1425177644
-1702244066
-1832018910
2040376629
740098214
-1394064116
1565284642
-1825425592
-995166641
1710046748
-980773081
2061397785
-977248764
14444939
-492291810
988557818
1082134131
-1848233839
1534558498
1748922732
1683338942
872821022
782773537
-1214792458
1429145031
-999027259
628439487
1356797239
1675723182
-251868936
1739681658
1953913918
-2108435561
-1733681290
-148038130
-468256999
1862896560
335582720
1395763738
1256092843
64528754
3419730
-1049243389
276712899
1916810278
-759236783
1924646679
1730089577
-380874838
2060708992
207131637
1538824313
225098100
249288888
-802795219
1923481462
-28243497
1288777752
1312370467
794140055
307533189
405476665
211903544
1801595430
1704520532
509017510
199387690
-932988662
1451354692
381921675
1478110651
-711173214
-1004358720
1417110187
-1552345968
-796034349
-1624048092
1884731031
295304540
-1564459420
514362239
65019932
580361789
-388196984
-1230321511
-1082895363
-223419035
1020245180
393402423
-1802885919
-1911275523
-1753473837
-905277795
1588081294
-761533627
-1552253106
251732307
216914007
-1875659777
454300657
122982188
479727315
1076807693
1830040466
-969210749
-2105133873
-1739948455
-1617408973
325566408
1770910597
1801271540
-891125165
-2061813190
1554821645
353289601
832869248
1476827381
840453139
436985812
1702743601
1963371055
-300417079
-1726170411
-1765788974
1513812670
-1515600097
-1381977174
54399519
-767455267
1753714737
1735365396
-501039948
1101590830
1533217025
-1857879783
1877874661
-734744830
1432744549
466685667
919874507
2040725720
-1569706430
-1024787736
171900575
-1334536156
-1922302726
-511601846
-1455271606
-586095792
1319378466
-1952261505
-1330245316
-390267641
546228344
-258289100
-1683647620
779865008
-46420716
-442789778
-2062619393
676468024
-1094551076
-655424782
1104084030
-1244558572
-1594716355
-2131295001
575404034
1366954630
-111420137
2003217081
842635137
-1112486626
533994232
-764811201
1861167022
42371
605736844
1360983327
192487885
1381000307
-260973740
420942705
706025285
-1309240825
-1272481130
1976212642
1046480569
341026619
-278269292
-750356326
-1351848360
-65055827
-1165206016
-115907807
-25776268
706599845
426200238
-1411800194
860067665
-1413557675
2130127499
-1994778015
866001215
1517728865
1896194509
-2069902846
-450443797
2075731616
1321888875
-1509737335
150465521
596761892
457394384
-471110480
-53981772
255225463
1271530954
-2053237594
1584228466
835426087
-1469392440
-1240758474
-1305655150
943501701
1693219140
-1151568088
-210745536
-240360023
-1835097987
92950759
-2024239813
754046392
-1424292758
1408305763
-1697747219
419809896
913301226
122916152
384693691
846701508
-487945665
834281231
682830494
-348515796
-315891779
-1708889020
-796396046
1888738208
-1953018434
494868681
355444878
-1392430787
2076760280
585562953
-1464237548
362174726
-1832027054
759326352
-18560887
876392423
-1130586669
-2116344535
-940161753
-1372633097
-1811380133
-651556024
1386756721
-1062426883
1162289783
-1230028054
-1327814776
-1725470411
-778873936
1421915706
1581182141
1385679956
-847590076
-1410712522
730932582
-886282552
208874008
-1995347054
-41497867
-2068279485
1183619564
-1941358628
-2126219962
-1423755142
-3699760
1516223712
-492188617
-2029959895
-420082730
-151856051
938081917
-1414358949
-1956067320
-1166110312
859066805
940140007
-399314788
1638015008
-1949491271
1794606909
-1999673498
1728544658
-718744267
-2093623198
1487205005
-97867122
1503643001
-1919557320
-594647423
418689930
1349183375
435048195
778500908
1660470262
151441552
1050083880
-1779810201
1499425185
-1709473997
1450292278
-1153800785
-1200695718
1289538726
969439786
-715732713
627373530
2025887392
-1759795474
-1124597376
1732410849
1000666807
-1970482653
-1041901560
158620830
1901206254
-1456666849
-1993415488
2117806419
1474859922
-1253023687
217105057
1652980537
1451633221
-362180029
1037766335
1341409952
-1653041574
-703321001
1652991678
33734746
-1527340444
-1591963690
1952307845
1803884377
-1915906295
1522590894
-1402370766
-2024639337
-805699813
-1437168166
-1356709555
758110517
-2097145624
1681121838
1017392191
1617203943
-2075555631
108408148
-1651053308
1786433166
1175658777
-2059911919
-872222177
-2002505434
-1362177281
-61997363
1567103694
122985186
42671373
-1965166255
-1208402049
-870090604
-952989006
-2089193775
321080706
-1809430702
915085582
903942957
314436095
-1963119018
1996920077
1722991219
-1884368855
1861538598
737298103
1360204712
-408396109
-1221669900
933592517
389817288
993986690
1140085830
-600583306
1559762186
-1927766875
225257433
-366922333
2058206823
699636097
875472834
-572322031
487214941
-59506864
1471524311
-1109712634
347794416
260462028
1528803916
539877918
-1353349903
-268379866
-560060512
-207653282
-826249086
-910818755
-429313863
-977300343
2069661400
-173351412
212145486
744352946
1194182466
1314318435
1962940548
1707467794
830130538
-1124442663
-1392208421
-69617125
52133595
649279744
-42629045
1460824780
1211369667
-1513599270
499769258
1760223815
346072569
119881356
222120016
1855083936
-517735104
-59168687
1127434492
-567618313
-927381555
-1273667663
-854336775
-946443576
-1015013370
1606978801
144105596
-819569536
-1211107188
650506701
-656007856
-1046126508
643661691
-2089826972
-1051486796
-9511858
607941104
-808002701
-1545832573
1557299880
1496097739
-500102459
-896601707
-366682275
-364298315
-391444758
-747922075
-2100122884
-182615196
-116285146
1690394355
1104541374
1704098845
1680556
-1232281876
-1740012069
643663738
1422705164
-632093945
-506992616
-1748001683
1377123816
-1065350991
-418829916
-933126012
298407662
-1362418197
-754242524
-1923461778
87201537
-1195846541
255720716
-2068944195
1847362489
-1068225759
955170096
1946443756
473522702
601483668
-1295979110
-539991388
-1268580017
-74049011
296695197
420398394
-987184808
1138716058
-83233238
611723644
360400899
-2144749962
-1183105438
-1957454931
-1302750754
-270850897
1870460267
1759435213
-26572258
-635033335
120016262
1861569309
1437119956
1843667490
-821373855
2131651553
385252958
1133197270
-1423264599
673493351
684898079
1813776612
1163984099
2088381000
1555954290
-1232466223
851443580
1657822957
-1452549669
803986444
1629560862
-1440795052
-1109762689
-135358382
-1304255932
-1521556716
1377666773
349855571
-1512354544
439688350
760466078
-1490328170
-1557923749
-1940510523
-1508657646
2124285849
1908692750
-722568833
1794257755
-808835269
-216952145
114418412
1455694150
1951169374
878873662
-1980125800
-1623903689
1849865672
-1691953598
1751845116
-1485224354
885629770
-1599423458
-122445238
2071770408
-663049693
1464068776
1909613418
1967864311
920144549
-1706586629
-851534273
-978552812
7308825
1055127692
2116036654
-1250932252
829312991
453322619
-2064700961
366235481
365784281
302823467
-589650107
-821071957
-80845558
849027860
146867164
329728584
561277817
103894999
7735089
-251751671
1244225627
-1873881454
281421223
-1328843355
-735162000
-1071480203
-1856040585
1729535082
-1622598484
-1155012203
264361976
-1270028759
-401139430
-244961793
-1511846112
-33073295
-217650691
984693776
1516361546
1790767872
578412600
-1064297980
1468446008
-1210768010
189763055
2004884684
2043119708
1976088652
975466605
-1116334557
-1365368493
1852473347
-1128868793
133943266
491994289
-2058339936
-1535944766
-1554421613
1698162179
-2065216681
-1151553679
1931437381
-337410287
994598021
-1852272350
-1805677410
1387079523
1939339491
170256635
808443702
-1996840954
-1695436040
786349279
-889962206
1768474511
-843154993
-1993711083
-811554610
2122046048
724440554
-1679103701
-152115441
280470313
1536622966
-1636113384
-962569097
1609770929
1660882879
-566302048
-1651167253
1286856150
105027557
1990230268
1275583091
1754836178
242685648
-2072099655
-590013359
-1768079681
-1635681184
-461929504
312848212
159540828
430413801
-1724407210
-481277331
-2144297711
-93890594
2051535237
1914686082
1505090864
-1772760885
-80421316
1209177218
1020288125
-2123153528
272472275
-1125808967
504097520
-528450901
798202771
772669284
-208668232
28673854
-1902005420
384562824
723029635
2097169585
1210609254
-927598338
1299490556
-1813158894
2088244660
506371794
931713173
-1395843462
-2031184858
1750329038
192739462
1741184714
-2057179065
456022353
-777471980
-1229827433
-41534424
-1376844700
-1874747114
-1934780830
-471326845
1021879566
251874996
-1736740596
-2046599134
-404647449
826359410
784257672
1603210369
-1727972630
-1186024084
669256146
412036274
-512404849
-735496733
1257858591
1482038656
1175974937
806766839
-1428932779
-1348601385
-1591649492
-726818634
-1868504644
730117731
-343605086
-220932524
-1783367434
-1564748938
-1438437218
1875003580
22910508
401000750
-1896518176
-881795257
1843355018
-1640918570
1483552346
-112806710
-457644308
-1445267828
1034026244
-582160682
-981107239
604275236
-744198932
-243841734
-824087377
-1579925940
1813662096
1901985228
-444840160
-787308816
-299401105
-1481285528
-840898596
976306143
-1931591715
872015673
13833615
2001557678
-174512361
2021175095
1269695246
-1416951076
1799349142
-1118835473
-1121050932
2085940791
581423015
-595891830
-691804782
-790790275
1296524859
-1447212025
1916054639
-772385467
-611540997
1869853386
-836135444
-685031649
-1131180641
997187931
-1046731132
1280160506
1861993344
-856947098
-518837166
-159437626
460352107
2064178697
278523404
261055578
1180699063
-1576225713
1837552943
1282243990
-660709735
288459766
-87685253
1304008396
-813968202
-1687655048
212837282
309746011
696480761
-1621876152
230200635
-1833930595
-2033625178
-434249636
113783804
-1796470014
-1346305361
837462507
-68410840
1803995516
-1657526970
-740268681
-70836666
-2126593762
1416079283
-2095713778
-55657453
1274376959
-1392112026
-776356916
-919127879
1557126756
-264008881
678335651
1043062335
860033309
-752791443
1234621790
-1729779133
934205999
234551205
1933708002
634989543
-1205960013
1256330196
921809847
256888073
-119426819
804863783
-1095904826
-1697645898
-785524225
1547778729
791303268
-1006968609
-199564049
-1990200547
592092814
-1126322867
-430709464
85098253
1583394166
-1994420782
-755036595
108554786
207201086
978640320
1961772724
1199038902
-2115913214
-1957480801
1046215680
-698378585
-156900580
-303474663
-678552049
1894017134
964269730
-48686279
502490135
1692806511
-1249142989
-1927224108
-1880276981
-28824430
557624819
-712684729
-1212472254
-656466927
-153640237
-148708510
-937296038
-79709805
93975829
609970339
1907692122
-1202303110
1651578895
586200230
-1638693610
-614417543
734541870
-1588381220
2076204247
1231669864
-1627468739
-1018104453
879802682
-704774821
417363687
1735199925
822508376
-1547760656
-1191510918
1979156779
1806416679
-1107511320
2050445549
1082124452
-1830441185
734971384
-437845468
-1162578951
-1447302624
680865761
-775454095
-2140434093
-646245486
1585505214
1636898654
-21789287
69762510
1998103708
1371500713
848845091
-1204928836
1758650447
798894991
-1089023053
-1273123140
18255491
-494680499
1202635684
-1629457975
75656465
-540424221
628491363
-1014075685
763047315
-1497817062
-2068776930
-224306803
2012637242
260965320
-2012452676
2057613824
-1031706658
1898367314
803210252
-217358594
1692410710
1210419571
-425728192
851592802
361887753
-2004580294
-619254372
-1012299850
1179580869
68790873
-731203991
-627819236
225045454
-981108069
914724400
-620173710
472921914
466518966
1049749284
-1527061839
438465147
-1884159421
-1980404513
-346580075
-948613571
-1799408887
636665681
315115394
1609825138
2112012673
1308750068
850617766
123362986
-748938602
-1303321532
-979937190
1389274279
1735305131
1643054190
59359693
-578352080
2075997666
-64006841
1346209507
-366872283
-2090988133
-2046357889
1068211290
1543742675
-509968837
-1981925866
-2020015570
1701707657
-885726674
363523598
1928761663
-2059626645
-1002676434
-1014535839
-1396867280
1400346757
925230788
2004728885
884325521
-208782813
928398095
-1857815731
666997055
792341855
-1849623613
1565941443
2031885066
1930617082
100466548
-310092812
1890488985
1861267055
-1855029996
-1193219398
-2038793590
-1783806907
-1859401286
1968531936
844438749
1389355428
-1639338332
1025103570
1410529938
-1903610069
663264127
-414430060
-1459089009
441188608
724318437
1611464181
850140359
1334619688
408624934
287514371
-1115671911
-2013026025
-788744886
327315905
-1052416651
-126675574
1340570710
-481269225
1651133125
-978708587
1804749518
-696050423
1519356937
613218295
530529403
1092841259
1231152708
-896878155
1337940590
1423914580
1510620054
-1990331163
-254132412
-1422966127
442145578
1619004106
1381317546
-2061467043
-773233839
-1517091039
84524835
286176782
-155590161
-998784326
-1070397176
412247697
-1927014635
-183821495
311911888
-288681127
933461487
-1461824387
-1749975919
474598292
-2091974688
1005319762
-2115866425
1500489375
87717355
294370467
1274928211
-581513284
908352596
-168958
1242359237
-980150014
-1697080186
436969419
456521437
2106214804
-891580105
885319030
-242559154
568826645
-897668919
945469741
-2007552058
695802459
330451443
1947940766
44415274
1460068194
-1744904544
-143419119
-632120282
-1951969150
675883287
-633943620
1483064548
1562830052
-1834727589
1984213846
-1713885414
-335209934
-1649014572
-1050407959
76770890
-547450483
-363300306
820624876
-408226235
1713866692
-378680448
652623248
868411376
-744940351
462025905
-1153278118
764438090
-1008263610
-60310505
2008712177
1620817837
-2055517735
1934951264
490745145
472692563
-716293635
-1373864267
-516468577
1540250395
1371894434
-1682884068
1921383094
543052173
-1845411619
558010653
113383427
711588891
-1224973861
-710574936
1211266836
2062174633
-343235309
-429237451
722819031
-2138819249
1868758459
-2050713812
-185590744
-309596835
-80431236
1121701768
1892740523
-1436227937
-7421336
1031038646
-794530597
-2135334943
559630891
-1403544638
-749814429
178788789
-2078208896
2042728885
-1034386516
1034897011
-1084284185
1016981816
-571103306
-267913600
-1871760492
-423505796
339013931
-661289773
1889877418
-1713590947
-175845199
1774241717
-1625066328
348571077
-559224193
785320391
172744483
-1821930930
1007760947
-306114743
-316625739
853763883
-1524316191
767994776
880768821
2086354760
-1246783889
404204280
-1775049944
-1870269010
-271068385
785061012
597250934
537831724
1493476972
-2024666942
1918280800
1579714099
-946772454
348897162
-764272207
108221185
607492232
-574854296
-2120143821
1666849282
-107390648
-2130115503
580010596
-1597532558
603124465
1001799411
-1408016279
648169286
-217857485
1141453889
1915349827
-516142004
-1751665109
462191918
971086656
1375826321
-737410569
-932919625
-1963255373
-1301279486
43438989
1401692711
-1342552601
-183528875
357770184
-1791257194
1218401616
-1109262039
145814467
658419890
-1412087037
-1543794325
-1172599958
778381761
-137149849
-222412292
1739361613
-1123891482
-254400212
1491938704
-1814301769
-2001856606
1001522300
1218824665
1049250559
24298141
415976817
1804301539
-1933329123
11824038
956985542
1280570561
393200255
-28609032
1079221712
-391525015
1208650781
1127556799
-482864978
507744476
-691897653
-289084454
-1758114881
308120969
-1473955891
-572732703
-1993739180
-1380614413
-953335120
-410043288
-202422618
-687987567
-197523369
1072494469
746673418
616227572
2005522259
-1125813873
1762625122
-1680747729
1735279992
-901179864
-1074657322
-1406868366
82369196
-311919746
1645749700
-831982600
-303622910
784078541
625917940
-394526941
-1204676090
-1129040601
-50508528
1307169764
-1265129126
-964084617
-1494539950
-748625056
-1810422655
1423997123
746974335
-472966448
-97075206
-1197868624
-1287806189
-554113368
-1923993200
-1168096181
-1357297987
-1311063045
1089826800
-1076175610
-722779635
-1555561443
-1402251396
-1712263681
214125419
-1321228663
-1714337698
580488584
1017578315
-1348834043
1165890014
2089511139
-1636187746
490966531
1134280440
-201992371
-1248901493
2086644042
-944170967
-1182164675
401359454
-371465515
1091628681
146261997
-2014123840
-468105221
1670546462
-1821263591
745079592
889643727
-627595922
555539206
-1582811503
-62971959
-336967595
1209650373
-1365217171
-136091227
965002265
-1452394824
1449111257
-1589960821
-476776773
-2129320107
-95315951
449399151
1811671951
460453929
765236517
-1965117766
-1643587826
2107506464
-1909890068
1977889577
700939243
2064224259
2134725689
1223925237
-1222161053
-2090003903
2069800012
907226932
-1547574567
-1601229071
314421387
432711551
-346255199
-1607378153
-1210783118
-1810979373
-2136327653
63193637
-1868772666
652836796
-2037403388
-1986407227
1859138320
-904464465
-344050168
-2107441195
1485894217
1446671799
899477146
1982025651
595812561
-1163024812
1085498376
765789113
980633510
-2006998113
55861193
488396299
-670857519
-920974158
2028583193
-2108621937
-1559417053
-821317818
-1355356217
-1466884036
1919550241
-87906404
-386830259
-1893637224
154243900
-528344415
1500216609
1209112955
1227843909
-1769476532
1346255178
1972785944
-892602593
-811522997
-1264140235
1065579581
386481333
499497693
2015475400
1636063449
886004014
-636012543
-1946230345
-1049473345
-1781236897
-1466285360
-681095913
-1947048023
607053185
-257560793
1877334320
-1601181826
-1487472605
1703518088
-953466730
504943319
-1991608223
2006229313
-893129862
-396992065
1105298774
985196238
-687397827
-778872134
444133582
-1615559557
1928102213
-1191273976
1310519104
1296290637
-1209165804
-82294486
-1382395142
-1567072734
216485270
1463585445
1116456606
-2123432681
105863097
1162255877
64731852
518112041
910672963
1014218788
-1869939936
-591879650
-178022177
-1050850388
1310137951
-876222299
2123161720
408280537
-438614548
285867708
2125314505
468550531
1400430720
-1121188783
-1463600332
555561563
-587373543
1586181676
1109016531
-1277554060
-279629005
2080849163
-1914474035
-1009427451
-169139915
1742457614
-1270012438
171298156
-1906882002
1221471061
1025956968
-1033634442
-1745407552
-1968068633
-1845789938
-2116874787
1853119836
-130946603
-1530096510
289636881
1826479535
-853493858
-798338857
-1382662597
-1471382693
-59329067
587778922
1394733694
-1672447254
1980567041
1819081197
2094888575
1944267775
1477451715
-602378044
-1529489113
1317386189
-175529922
-1971545969
1838098599
-1378229555
1751305138
-1749866233
-2007288132
1670952363
-668627606
1405287693
-1952326348
1570128256
-1311915560
894800896
566920880
2093019974
510260989
-583871410
1848573866
-536991096
408768270
2082333517
-1518611527
1269630809
2013948244
788997707
-1839023341
1706271622
986281299
674545891
-892871597
-1685443826
-1870015442
876881042
1826285181
-1493530670
-140383159
-1661172343
1394165566
-1367174008
-782888144
-216839996
1246167415
179440373
2127147447
-1870610598
960489468
1505534299
-1147402655
-267074793
-1604632424
17566511
-1281086971
1507854407
-382201004
-1054551793
1112947374
134232276
-1066882568
-34851854
244699331
1235889299
-187169838
-1282633824
1532502631
1546572506
-181648971
1377366117
-1631946462
-1737711275
370495044
1860685825
1415044544
669555737
-173586832
497561058
1190338169
82266873
-204184002
62092948
1463325521
1972318232
1058176461
-1185812872
-743619391
816026559
175387287
-1513188429
-283682665
-1275086479
1480495351
1066576745
285600026
652726843
1300738538
-128946645
1306307185
499531855
955480345
1372030893
-1691745724
1061224403
-1804620010
-920298052
-2007730781
-1124316938
270597094
-793882002
-1122594521
-1172521147
-1480161857
-1065585254
-49369258
-1746091461
1811036178
49502602
1411006795
187544350
-774900022
1062207215
-1601536618
1003963400
1461076438
-1883829228
1488623968
-1030478781
677317861
127058774
-143790125
1819057626
1456459632
-969577261
1608432568
1795487852
1659113725
1338779490
499926881
937342275
1436415392
-419867454
560051912
-2140604252
-208367931
-1825762027
1488769016
278770792
1854927917
-2042264178
-747739733
-676436021
1189046582
-966281623
1438926900
-685995901
1033245278
-1432515557
-196681569
1841752340
-2137063671
-1730936885
1775426070
-281628574
-782136446
-40340736
-296125051
-1727285625
-893690049
279644826
-673668223
-1777247514
-1683649688
1080509702
-591044507
92415872
1294896538
543375277
1697828542
-1366174330
-993314073
951672748
-1733256216
-1178958034
865916705
-898149942
1215511288
600001225
409656408
1978176934
571597276
-1622983915
-1192020320
136448048
-851135295
-775565105
1478227991
-1583931046
1758446516
-1360381556
230541605
-287778546
-563233141
-1625241655
577673477
-1976998046
1968669446
-297349056
304632452
2140099593
87288112
294815869
-1004562167
-1195013876
-233999861
-515523921
1222300116
571301050
1403108459
850879171
970587530
801294045
557376546
-273577810
472131056
232928558
493956957
169995274
1628922871
-508382455
1565371981
-2081336092
-1960525320
-910272412
1503441161
1270783443
-688816577
-1938934787
1538602930
1433914189
-1729400371
2034115794
81314007
446481461
1274453849
-422553898
-1938220517
1721532343
1672883864
-395356447
-478669035
-378094504
609441726
2064183783
460411511
-1160145848
-1630993597
597381996
-1887675023
-1819049222
333652458
447813431
1238892887
-1347964938
1166868734
-249544123
-707430528
-1042574611
100277982
-1794418944
291814257
796017933
-1024900164
-1302136655
68246331
-1858399337
150594209
991547954
1146186273
-1419892819
1946683059
136557543
-302089859
950753136
637751482
-931914515
-1477788701
-438537142
1643759840
364880788
553825926
511552135
89622712
2064052491
-644995878
490980906
1239974273
1713980505
-248974725
1707176190
3793578
2133307540
674721612
317308394
-1882397543
